958.2606102,904.7591607
691.424447,577.284072
500.6353984,445.619324
479.3488284,220.4345331
705.1552969,492.4114489
645.3750831,970.162187
809.5416501,545.8050682
498.1034823,257.2805392
720.7301498,498.5475956
763.466849,498.850619
429.064274,521.2618605
709.1650131,814.0977303
501.8829902,275.931139
686.0503047,466.561331
777.6033609,595.6334451
383.7647684,858.6846559
785.2905965,693.143586
799.0990913,578.6302834
776.5181898,458.1184201
307.5689406,658.0812249
373.5624999,787.2275121
345.760334,580.6415042
668.4249401,486.5853042
294.4859605,620.6868806
713.8792112,187.4088623
775.4857058,161.6644465
226.5360131,696.4201799
768.1955633,438.426868
432.0872421,644.7620244
803.4310122,202.2666439
415.7509209,883.2014329
703.9975593,149.5969546
921.5263884,667.7052859
828.9496567,241.9968784
870.6842227,509.3853592
642.7541367,964.0906859
552.2433319,668.0612752
436.9352028,446.8930965
433.1368791,545.3704762
446.8221727,567.8516493
242.8095653,686.8050615
736.0674538,476.913062
408.3006948,286.6007698
682.2500635,440.4703698
707.4216355,548.2101589
698.9348056,161.2860589
858.7594297,729.1563038
704.4630243,411.943792
714.8237136,572.7457822
437.5992517,578.0671524
491.5081142,214.6120239
925.3875261,643.9526804
413.6975029,570.9116577
559.9668507,647.4913249
399.2198057,370.0932917
620.1052678,458.7191182
558.7235285,553.417992
436.1290919,328.9619993
748.6046125,602.6176939
708.7665418,874.4888451
511.1241277,394.1524726
625.0653739,538.9212561
874.4664272,719.0965852
512.0467583,401.7875647
675.7793198,432.5979027
396.2071593,447.8908612
353.5060692,577.6184571
295.8406792,321.3918871
379.5160953,613.1068438
743.9387871,132.6857676
982.8255392,589.3585424
954.1519166,879.7986819
431.3233768,223.0402047
335.9578701,406.942411
426.2845023,442.1994192
408.4441199,230.7903384
695.6437281,373.5102296
644.5290937,605.6647899
526.5591957,480.0555592
504.3806006,709.890025
624.2916063,454.0489047
461.8612712,239.6541141
717.8357159,520.6311588
670.3206264,910.1332879
709.2228835,164.3212453
571.3529682,729.9182188
454.897513,530.6541878
863.9396919,622.1779282
164.8502557,551.6901544
608.4412136,501.5785197
720.7800205,524.4115661
909.0918474,863.2113913
510.9099937,563.2922777
504.7951013,447.0420487
781.8486185,293.1599751
439.6929977,810.1299679
593.5218558,539.8083462
496.8161168,649.2942132
227.7402507,714.4505041
376.1501892,589.7041057
792.3744249,953.0133743
688.2585032,431.7982743
781.4406494,539.9556687
727.0796548,656.2102854
579.3804002,588.7855287
302.000289,654.2871321
539.0485959,304.0196564
515.7292064,619.9545722
365.6845752,594.3598398
754.6512979,541.3101123
808.2529513,826.7350391
448.4422743,375.001695
684.3234957,3.50627999
781.5097104,146.5294871
450.5609481,271.9382413
670.7032332,435.323693
471.6388971,375.3563263
777.2760928,685.4399829
877.1773926,618.1235817
671.6181488,554.2948023
716.8840677,491.0841255
368.8469836,428.5746671
647.4132957,577.8365262
679.0074335,350.526643
504.2421341,669.0378745
289.325308,631.4478385
420.2650818,581.76365
439.3171922,583.352439
361.9428935,621.9306913
794.4182703,213.2988666
635.9807082,479.2447944
565.9173151,673.0421384
678.6084378,555.2359238
500.737312,580.9198729
911.5072887,471.6813473
526.984842,558.7470721
967.6571124,910.2350618
818.8482682,578.50538
614.3489082,553.4591947
628.0258126,728.6551022
625.9081574,678.6462024
854.7365605,327.5924913
558.1491988,260.5767107
539.5189896,466.7297354
145.2191866,516.949872
578.5814651,481.6056111
928.7980896,876.3962862
588.0734542,348.6070835
806.8569459,481.4872474
684.8668153,431.5900462
551.8238127,415.7332254
832.7165509,197.7474511
394.6278651,420.6017424
447.3739115,635.3945817
209.2675634,796.7811399
544.3865,415.6370092
225.2298169,522.1022528
434.1570939,764.7208067
613.8777955,560.0789712
446.497721,747.5892523
554.7017229,415.3057581
653.4820027,536.0131461
477.6247908,201.0687788
325.9147115,576.6958266
395.8669029,408.24953
890.3401897,632.4824182
371.653346,592.1960313
721.3155801,320.3761954
627.5515839,972.2814499
524.1063626,558.5535324
622.5865343,460.390605
687.4152402,443.4138531
579.698635,464.7171148
473.2805559,957.357205
551.5164689,549.1823914
196.4458466,730.4542086
934.2555995,866.324073
265.8221054,720.8232527
689.7660998,558.7910954
496.1994667,765.4048086
495.2708587,579.2378974
587.2310152,531.2201394
570.29656,554.843997
448.5035303,452.3178495
322.2867482,756.7831717
589.2742463,530.3662079
540.5580801,330.3298777
581.6588881,459.3891212
781.6554275,309.3014955
624.3710639,436.2166333
960.3807672,905.9139009
959.2780686,902.5650352
447.643444,328.6457919
925.8969144,667.3790702
508.7025592,485.3856422
391.3067063,760.6269917
500.6430086,429.9476227
519.6013699,358.2378723
678.5241415,387.5568702
310.8122597,713.5832632
947.8771203,896.0191393
593.7183725,608.0134045
538.6368068,615.0869118
538.1263697,548.7074743
702.1110262,186.9464397
595.5484734,606.3881766
651.8663054,522.0574355
515.4257575,758.0835211
527.7687215,556.7307114
586.8666249,528.736864
300.2011682,664.1178333
943.3728017,981.2945748
364.7535403,298.7982424
490.5547731,638.252254
712.6194101,561.9881047
811.6677544,549.1038514
505.9365698,216.8339174
619.143208,878.0059899
563.1618571,782.7273327
391.9109524,663.4213578
489.0189978,566.0570142
387.223375,396.5769318
384.148304,855.4299587
430.8163854,490.0748482
337.3514637,578.506362
723.0337153,576.6679333
659.1426207,528.5482761
733.7771462,852.0692461
582.6305206,743.9420224
305.429893,416.8927921
482.4907432,518.5373029
583.3311224,473.4700486
701.7445686,415.2130522
429.0508663,448.3936299
689.2371466,703.4227109
535.9388147,754.8605408
236.3217885,766.7898617
704.0306816,530.83563
968.4213522,590.5489693
515.4520636,405.4029315
589.428113,408.5356504
435.7445076,354.3557747
546.3751714,357.0727896
714.3500842,554.63065
945.9622437,491.5601082
492.4507291,266.4516425
484.449678,405.0791395
692.2118171,394.1342531
178.6159207,757.4155448
470.243356,789.2457532
740.4684806,190.2232844
839.4650216,726.8043252
782.6919863,669.0984667
537.4609575,527.3573268
387.0529697,586.0715224
510.5348323,704.725296
814.0053411,588.5142012
429.6939273,848.5438692
525.7996748,395.2338963
592.126944,459.3925478
693.2099654,207.5441788
866.1730879,738.1204953
719.8376752,566.1348646
615.9652047,642.8199205
582.35558,689.6092665
645.5042616,909.5398818
480.4399918,507.0306645
779.2268332,643.6829826
780.1414192,652.158864
502.4054417,536.6532082
593.1335414,375.6542307
746.7887583,131.0505106
301.9674962,693.6147214
654.9986027,402.8500795
581.617811,461.2169149
938.1385041,599.3108875
331.2438818,261.1470082
977.4014812,577.3550066
879.5496895,681.4085361
521.3154902,199.5151959
194.5703842,517.1442265
454.4546688,516.1882913
471.846065,536.0909548
489.5434268,877.3716945
781.2179615,557.8663129
785.5029927,337.4078772
637.1449474,744.5483201
308.3442062,715.9194251
594.247775,841.7538913
462.4060289,951.382317
724.1234556,507.610615
771.2113108,666.8124291
737.7293066,355.3357379
595.5834682,576.2153517
632.4851892,622.7879449
659.1758928,504.2632954
492.9156847,204.559263
416.3199474,581.7220295
483.3781094,490.9413787
837.171628,725.9466537
503.6499474,586.0793158
745.4652444,447.1147384
608.8754738,268.6218028
557.6141635,550.9742895
635.2775895,631.923863
497.3218049,668.7495394
855.4016281,570.3531442
688.2566156,74.0006144
913.6464113,450.6503952
562.0408821,521.8075869
771.8438254,602.0812862
616.6564736,656.429629
509.8455409,301.8345362
609.2906187,621.6505048
518.5329621,760.7593334
657.9617829,883.5130437
499.3188506,596.2431694
551.7417785,763.9549219
726.6711764,302.8498517
703.8522017,389.2646078
569.29197,725.2652009
635.1069146,543.7792008
729.4536895,518.5184566
532.812315,180.7136381
889.400571,437.5162933
471.7397321,538.3852245
581.1541587,413.7891365
781.3720828,166.6791368
432.0146907,354.5234478
426.2055391,460.689199
893.546911,849.6792617
494.3526324,597.5685705
633.0217225,709.4017567
421.452616,612.0355327
646.9937915,318.9511306
769.6575437,562.0297043
233.5288488,655.9133211
456.2652199,495.0614991
457.8660563,367.1641415
905.6456748,413.8974711
546.9025067,591.7918607
963.6407148,572.5444491
636.3649479,564.5362764
824.3401737,200.0327992
780.4286589,432.7687308
664.775944,520.2334235
748.9811222,514.276755
359.6362269,504.256672
629.957932,983.4839992
633.4282085,566.7619726
441.134934,228.7261517
539.9845894,390.6196783
501.5744629,552.4449656
724.6319301,863.5620737
237.7405496,514.6289626
638.2023743,476.0060601
706.8588559,156.1690931
571.8706558,798.5669788
176.4550912,736.9641462
602.5303732,783.630908
877.5893166,556.9168965
413.3676431,244.8244009
430.4968473,521.7920418
639.3430489,716.0311027
667.8114809,494.9961013
721.4539867,454.7118038
740.032168,350.7040944
524.7569439,362.2651613
553.510084,395.4724622
693.2060105,722.182669
603.5251808,573.6090324
573.8465488,371.6423614
548.0850972,789.4840267
477.0201103,385.0895367
903.5869536,577.5596618
618.320858,948.2044256
545.4010521,542.2806106
575.4239104,622.8657745
453.4599361,862.5525666
783.4153139,276.6002853
774.5581914,517.2438275
533.7454471,993.0099636
465.2333793,542.0264996
518.0652201,414.0081458
713.4153042,531.2461732
495.8208597,422.6542285
635.8281598,684.3689644
824.4731722,229.687979
701.6179069,438.5267615
542.6872105,662.7441046
782.3216337,627.5559208
577.777092,652.8091223
823.8711133,493.2242404
848.2413083,775.1373504
814.3161304,834.5388073
775.6393477,631.4808717
634.6449251,929.3629606
309.743043,569.4214667
596.6034884,758.5512717
641.2496112,409.7938987
566.1710431,578.3307701
478.8443088,376.7027258
643.2306275,400.679564
465.5232856,472.8744904
462.9912196,791.8356291
771.5568254,489.0808862
482.2026197,277.4145812
632.7625266,723.6361077
699.659856,422.0846205
389.1206044,487.6462729
602.6326613,710.9019558
660.244765,512.8238178
687.8706382,706.7858262
494.8020231,791.6862172
720.9003604,417.3459169
606.2199221,537.5814173
776.41716,670.3272756
513.6595943,392.6586461
813.6785373,621.1636991
713.6577966,467.1119257
547.2578186,484.0806126
781.8069872,293.5533018
547.9881122,290.5956733
719.9636329,528.9209805
854.0820542,267.5192554
587.5148243,295.683513
418.6866265,709.0610199
521.8367882,473.7608074
548.3910178,417.0333032
607.6587573,559.9409883
728.0745523,491.2473482
693.6367352,437.7986527
485.1667886,583.3323391
177.9233934,738.5961646
499.921269,548.660672
829.0763933,407.4778158
385.9530576,340.311516
467.5760444,765.9611908
757.3977525,262.0750085
704.4796679,274.5188612
474.5212415,229.7061149
334.6862643,538.8510737
610.2465364,563.2178747
849.0536512,465.057183
516.2296662,416.6449493
834.3956165,735.3737275
654.5654061,412.2804963
449.5774509,252.3326256
545.9330464,406.7990583
454.4056371,410.9685508
451.364722,515.5030775
542.5178388,461.766423
489.4642988,198.5226755
770.6911813,457.8903847
351.8707023,459.215159
535.520404,364.2087696
917.9057207,512.6603026
722.0425031,453.1703184
626.0463393,430.7976053
483.8109614,448.8223925
436.412152,528.1406372
421.048392,596.5271585
614.8014748,273.3142683
778.1664701,683.8307389
714.7391776,722.8893825
817.5774863,305.0676918
656.1502881,297.9213276
505.9568087,377.4140986
817.7189639,424.4662683
709.0376922,571.3514105
840.1437068,859.3544708
332.7018623,584.3419925
308.1905493,654.9351757
651.7086487,628.7744081
396.103388,827.1618795
723.6573314,200.0317545
376.7851307,408.0977571
596.5249596,388.3899914
804.4496391,520.51244
724.0496307,300.1723889
742.4051241,528.0119728
186.792111,665.3137762
453.869658,222.4959618
699.3031957,534.1111374
605.0775696,492.1218602
722.494066,913.474026
499.9132693,427.3255076
234.1925682,506.3875937
447.8252197,537.9863401
412.3588136,890.2552791
622.0379265,569.0722052
661.9030673,623.4350483
559.8701803,582.102987
712.7801679,501.0638624
421.9037444,273.8131506
518.9674171,547.4954849
280.7204153,573.545536
591.5036275,481.1323236
569.886149,594.9757068
692.4861135,473.6434466
459.3309879,550.5765333
279.606706,628.8664037
653.5775795,499.7148512
603.7204241,504.5313008
508.9937239,440.2492084
709.143366,806.1631039
772.1483529,543.9411491
413.5521003,451.0659529
521.924665,327.3465707
407.384371,659.5404929
322.9254948,428.0720238
881.9551237,618.363255
534.4287912,507.3018248
218.0361051,671.2538341
708.0745388,582.2662097
368.8099663,522.801737
689.1423189,413.0215801
765.3973055,591.9489197
491.1871529,311.5245799
496.8077725,438.2260781
545.770416,544.2743432
805.209939,282.3853527
280.5645263,702.8391875
637.1615759,570.3221378
335.999052,818.9575136
583.9072198,667.4578818
499.861496,378.7565282
553.478235,481.4446031
519.2310023,493.1931086
550.645192,296.2336898
653.3423377,129.7588321
689.4744557,536.1250953
550.942379,455.2524111
898.5757934,621.4951591
460.2477162,559.2847961
870.073535,336.005336
280.620614,733.3798486
919.3752364,663.3680576
699.203679,477.6701506
253.2629401,729.601677
635.397495,251.2596221
800.5121598,472.9388017
731.4665548,400.3853369
753.6235178,639.0470977
639.7953159,560.2098294
464.8009317,603.6128261
508.8927241,212.8853147
663.7429506,671.0612973
433.5658661,943.8704568
873.1181652,502.2452632
457.4787156,506.0127999
396.4813508,420.4564048
573.9241787,463.0982386
630.7776902,647.2213137
511.4496431,451.2714856
694.1446854,575.7416255
366.9647499,600.2557699
665.3931633,324.3350988
171.2295573,705.5369174
385.7317329,559.2092857
559.4234862,200.6072128
603.4982755,274.9042691
506.0271281,347.788588
851.4947095,621.9080633
442.1173526,534.0697676
732.1036085,682.8615778
387.0121923,482.6776116
589.3490898,638.7359674
729.1689066,458.5637515
520.9752039,567.1523741
565.0415141,729.092097
478.5657279,738.1776191
649.8464292,610.0800567
860.1332338,812.6669823
488.5657421,991.943082
537.2933386,740.6784036
455.8405623,412.8768276
598.532282,351.7499777
197.7160292,445.6766776
500.5668468,447.595464
806.7275277,433.110366
689.3370379,398.1388305
521.5620124,674.0397569
498.2722098,296.0666435
829.5592509,351.1803697
484.0945159,797.2281847
772.8220344,437.1643573
786.0493235,575.1555949
638.4695249,553.0398969
218.9981799,549.2257461
726.8821194,520.7711058
555.3339229,458.5154868
782.0621382,599.5245689
671.5596792,434.1085278
896.2191513,921.5507513
476.3670571,578.5315809
659.8284516,504.7905307
508.5412172,489.8004285
590.1932516,510.1598732
599.6102025,673.091427
435.6319577,636.2925574
627.7505425,551.9346125
394.5180866,420.4307053
383.363256,530.5522049
811.8306844,618.2058199
817.2683448,334.0203787
621.2938057,475.8418136
673.0010761,410.3537493
518.7965473,380.0863589
777.7310264,305.3385596
527.492972,974.2741169
538.6917859,503.7002062
696.9816833,573.9915151
572.9864924,395.6132032
842.9342346,421.0921001
610.264708,594.640862
550.6249232,469.3867015
708.6628305,396.9482991
713.8469577,405.7151482
802.6348485,461.096044
730.3192287,410.22941
495.9235374,426.6122752
926.8257471,493.8698185
456.30781,917.5550121
825.8595751,98.66005463
470.0201887,390.4105727
654.9053479,474.0569985
500.7082046,424.7789865
829.3581801,736.8219009
773.6492681,316.4336519
472.1545324,450.8203039
428.2931131,601.0820171
490.4310476,717.8275765
558.1764337,389.9714676
887.1294686,475.9523629
629.7915265,437.4987425
488.9586406,241.8515199
411.9075653,809.7104612
671.7270285,348.6978673
594.8200224,572.4214052
819.0548369,382.2662557
892.6583015,840.4227653
472.8984434,662.264173
710.8260269,460.3634848
733.735425,484.9114355
349.513401,291.0212183
429.4417574,367.4752091
862.0027188,482.0034508
724.6252038,204.1988233
551.7440855,396.1931537
444.6308425,417.3389802
555.7343268,460.079036
753.9849119,347.8376049
637.889922,470.1976125
712.8876693,580.8543498
457.3495671,229.6985304
134.3146683,490.8598301
226.4338748,561.6402848
570.1413151,368.2133051
493.3330018,424.576149
812.1131452,286.6973621
500.3379568,288.6360603
820.3973163,333.1187675
444.8718219,637.3580182
525.6806832,578.0585442
850.0350061,758.9799089
178.891101,703.946436
477.9919076,520.5122101
468.2588492,933.0482382
704.7196585,511.8785593
588.9018563,866.1492542
484.7977094,394.3952173
498.7378845,377.2362501
606.8710127,508.355606
613.5300488,648.8849236
528.438598,333.5870821
430.7249432,944.3512451
433.4716825,803.9641728
386.7839914,362.6113514
785.2548526,290.6292497
507.6806066,682.9839113
521.6954604,455.8792474
768.2729086,468.7625396
516.4794692,581.8251197
642.3872746,591.1900552
427.9109557,361.2645758
264.3133553,427.3678803
462.5300541,549.4421437
930.2122516,873.236259
694.9574028,555.0244781
436.2009842,537.0210861
658.1228852,899.1007309
703.9890803,190.4472037
209.1620095,515.0386491
782.3210345,446.3588826
577.6340114,183.359008
508.432817,358.697725
478.0544819,427.9671158
631.0917154,433.5116324
459.2676645,914.6798725
538.0667466,919.2777933
482.4113606,318.233803
531.9972007,339.9555893
695.6831423,543.5473627
466.9826593,368.1955871
745.894531,655.4506269
954.9081268,961.7957267
225.3029676,385.5093986
439.178501,368.2337811
693.8812051,563.4052298
358.8266256,846.9657569
760.4366002,505.6664426
834.6044922,416.6095342
633.6584318,466.1067436
572.7066532,636.8046656
682.8631032,396.4130196
502.2899256,220.9864649
786.8166194,462.0688406
545.5387546,365.2195512
813.3141321,561.2917754
444.3228695,349.905448
831.7577868,723.6257652
941.276509,987.4504871
425.9646346,360.5653006
580.845946,599.5562439
696.8101095,505.9988846
763.3749874,713.1017227
420.2583555,551.9184824
349.2393743,653.5996828
697.5581552,196.8956925
317.4581426,593.8640079
550.2509902,792.6525158
792.1918403,645.5155192
516.240707,563.8607366
535.4408716,544.5421606
728.7306465,532.6709037
600.5343162,579.681223
779.0984337,314.4560493
473.0061396,598.5528587
604.5065807,667.3560243
829.8910282,468.7342702
231.6737152,509.0837983
388.4941569,444.8097919
829.2746328,290.9093109
381.2127482,828.592126
553.2324319,454.2427369
705.2900183,188.7190946
734.2484687,438.8611884
707.7141933,427.5668733
775.2317831,536.1208539
458.4462434,584.4789517
544.0584379,435.4436446
875.5517931,588.4668557
693.6293048,142.8556594
716.4805029,953.2993693
375.3360037,330.310927
738.9037027,353.2460398
776.6626336,440.9452451
793.1490314,568.1725161
644.6608788,349.0898358
754.6646307,362.4092243
678.4166401,184.18373
577.5478425,460.9056384
395.2637504,431.9134202
700.9480604,266.0284168
509.1812971,498.0037914
162.1560087,712.8391497
229.1502481,723.0054896
650.0074267,686.2749219
428.0509652,567.6720249
413.9011054,875.3505909
539.73194,423.3905903
767.6124849,292.3649852
776.6405371,491.2549745
503.3675615,530.1911802
467.9445993,714.3099929
527.6513928,431.5494494
791.7960056,349.8479482
655.4463155,132.452237
508.1159155,727.1432234
679.0135906,536.8112701
701.2960917,149.3687729
909.4715929,866.7275332
458.7081658,762.5823006
572.4141552,383.9910845
818.0358355,333.4944388
436.412946,508.2966227
780.4205244,815.7404881
575.435131,806.9619593
346.2051856,587.6439724
497.6174338,507.7985552
792.8069773,622.1958133
764.5834346,372.3835707
589.8294606,730.471655
952.3769747,551.1180809
445.1243963,387.2575449
641.6896239,545.2314903
319.0432793,357.9761769
489.1112339,730.0499963
846.6468387,603.6338035
654.9361332,473.2212029
229.9963275,777.4200449
704.9941047,512.5144635
448.8049268,870.3828281
586.8015188,356.1500547
698.8729204,488.7356153
410.3745315,355.8806703
552.9636034,442.2561251
464.2457324,734.252501
677.9033268,148.9566626
494.9870496,425.668542
607.9904897,593.7040864
812.6179196,448.9103974
547.938661,764.418431
216.4395232,649.8638003
493.8830028,574.1709724
228.7378448,703.2310307
253.404942,440.8934284
614.4052805,519.0511243
482.3505839,339.1140269
753.6550222,905.1928961
571.3847722,624.8160897
433.1181682,519.7769348
403.5974776,277.551227
557.3464586,450.7668992
645.6964638,892.4556728
561.0245922,423.0562888
828.0904543,193.8920767
506.5696837,727.5730098
447.9930184,790.2420554
536.4824639,513.0430987
308.7336741,520.2535234
647.7585856,548.3151296
864.2255684,521.6819313
708.0561575,530.6996319
721.5608889,454.6422272
411.4282881,725.1741246
619.9303383,390.9047748
835.1976975,802.287567
814.037235,119.5172953
781.3124596,884.9544475
745.511355,579.7179544
650.3516829,472.6082401
805.5062121,678.3759405
525.1294238,464.3303697
701.5248618,196.8828428
779.9743396,333.2363789
220.868474,763.4119326
858.3786356,629.9883406
861.2687849,413.2183375
781.8666253,609.1711534
508.2093051,827.1429497
707.368454,144.6672395
699.991094,568.2351977
826.8568994,394.0971039
608.787717,895.8282113
350.5463944,261.143519
889.7098623,487.231927
905.1059505,424.409437
546.0490868,411.1772594
398.1344848,605.5422475
675.3241615,384.8868664
482.1671154,373.4482584
613.5680847,562.0746888
378.1134384,326.7457472
622.4140766,864.1239092
416.4352088,497.853105
699.0494378,492.1369664
476.3690496,361.2124875
308.8391681,518.5873018
729.6264917,527.4897938
350.6244887,335.9762935
309.0421715,568.6719836
598.0832958,724.0475284
705.4581465,269.5190473
718.6639083,407.1265902
722.8582165,534.3860169
782.1102113,271.474189
592.2236743,529.824911
780.8425304,279.8817893
672.175805,375.8356311
899.0602839,541.2410372
838.207243,595.3306097
430.985772,641.6711559
768.62482,458.5990413
634.1991897,463.4408559
588.4553719,295.8029423
659.8404512,299.4845007
779.1720937,419.6168482
667.8074661,632.0992668
453.0018267,413.6389933
714.3056065,464.4225951
558.8097573,836.604958
689.0031033,385.3207062
191.5809278,729.2984237
564.479918,332.7493642
605.0025014,650.2208344
440.6324218,549.6955861
480.1251127,413.2518721
648.3347579,473.3750652
524.716541,376.1250318
481.757064,268.6957043
647.8309573,410.9688642
603.8333485,240.8218503
447.3055546,538.7239973
303.8160683,317.5826254
759.7010933,305.5020957
568.6206104,646.1652134
464.8927484,806.2345191
446.2513036,645.031367
533.5060707,635.763964
953.1545473,917.0534971
506.0236975,411.1895032
863.327551,614.2241422
528.0841399,365.6607039
926.7197138,867.7473828
447.3346621,566.3417555
410.6514645,725.7154842
605.3050214,281.5899866
732.418967,507.1041691
717.5355628,160.6972703
635.9082016,601.9917352
734.616709,297.0893555
799.6549798,683.6638179
906.4641298,708.1028699
688.5686484,424.7514902
282.757774,311.117526
557.5964563,460.6670306
232.6344567,775.026613
479.7724074,269.1113665
608.0628164,650.5668365
968.5314453,556.6485568
431.2915728,230.7290149
517.9138702,957.1904303
700.6177811,900.1940223
769.7110997,307.9626387
590.6918689,559.9786181
450.193367,425.9493553
692.4041691,544.3839106
243.1044901,669.3786531
640.8824195,477.216566
418.7912966,836.9255532
417.6488843,446.074977
299.9923973,351.2876387
595.6896364,564.5226119
665.008654,575.7041211
477.9978399,238.678058
503.8638417,208.2939127
826.9840405,561.1627559
443.0816295,569.5499012
766.696296,361.2703216
587.6991168,540.7017253
781.9546668,292.0178339
574.1039769,317.0186169
957.2451742,554.4223592
388.9306792,341.5704956
661.79627,508.3470813
458.0890139,401.6978465
645.4950335,600.8200501
690.2956521,412.2920088
802.3212877,509.0277193
392.5297747,451.9446227
261.2566056,742.226366
523.552961,476.5444946
505.2230546,193.8137875
614.7839324,589.8815781
362.1896404,954.5444963
468.7247187,395.6387772
870.5235698,447.4309668
547.5276957,188.1137163
818.0875039,301.8427683
891.0798762,941.0512919
822.5575616,383.3802529
711.5641554,550.9758774
613.7418907,630.2869137
699.4742902,541.3895298
574.8221212,904.0780213
599.5048733,581.738264
510.6115035,383.6411544
594.6950535,634.6211332
578.0345501,182.1546031
464.2981648,739.7286947
914.1743157,847.6038759
830.7347556,389.3868577
463.3533028,421.8438398
619.0405453,724.2382056
638.9366677,469.6878445
517.3793143,580.1241308
498.324747,457.1380181
606.8477627,187.9772794
511.8697765,427.9757868
587.6676723,534.0087576
494.9214042,315.7727795
556.4706276,193.8904261
793.6577906,312.9614497
419.8395703,759.1230318
414.5217554,606.1077603
206.117559,676.8378191
780.6594364,539.0116011
773.6022587,469.784374
693.12104,560.3076335
680.4951357,382.0909354
556.5468044,664.2051904
952.1930567,570.3184605
763.0769166,689.5244792
842.0085778,488.5266769
645.4385413,502.566527
694.5550964,562.4398714
313.8768592,263.4840268
969.9155711,576.9899702
616.0550289,479.4829843
510.2723706,618.1378731
382.0003129,332.7462511
722.5607001,471.3109621
491.4542886,565.3043969
639.9694963,533.4096265
520.9247789,603.9316871
517.0050367,613.5963448
608.7904734,619.6486027
663.2173231,245.9933489
342.2976227,274.7473772
403.8434006,675.8216051
810.6679732,381.0502129
499.3763764,517.9225432
586.4533976,543.4017953
722.6587936,309.615133
632.0218664,477.9142952
663.9248011,428.1400124
682.0038709,615.7046175
872.2653895,612.4797358
657.3145872,560.4437778
478.6714766,936.8176344
402.4912586,427.5796812
865.4178665,264.3610042
507.7985795,537.870421
493.9580261,567.8561415
509.0132438,399.787355
418.3691258,711.9886866
495.8932614,635.4613375
730.6530734,456.3961612
658.643599,901.892713
540.5673382,332.5162516
301.1831673,665.2956821
811.1669949,635.2080205
422.7681452,354.6581713
492.0711184,582.7293009
554.4687132,617.8871887
787.1820733,317.4727447
511.0034283,607.3981434
460.582969,284.4906167
643.6629851,291.4754714
908.4200235,461.2322719
378.7738022,305.6955519
190.3525862,658.1142163
556.3660774,356.6700189
600.5121148,691.9560007
728.5509232,274.5403192
941.7172109,872.6828855
429.9021139,499.2883033
601.07055,756.6987396
793.2441438,146.5929626
933.3737013,853.4343874
674.080989,380.0070249
559.3897796,534.0883004
566.5415455,375.9279819
806.7891882,545.3440246
497.1934054,340.4151286
871.0658258,796.0776023
877.923296,467.5370319
422.4980433,397.992678
651.8097234,605.0916299
214.0048018,540.8695447
186.6739732,649.2962399
656.580144,573.0710785
620.360374,439.5548641
562.9650708,522.5742448
710.8957171,542.1511941
626.0819035,480.2953997
706.6980981,424.3664583
536.0505257,554.8586018
708.2988596,132.5232761
400.767985,877.7632034
572.5034701,803.1560824
490.1587736,498.5003337
377.3431014,241.9675852
459.4278381,398.1104357
875.4791967,880.0404446
601.9258424,371.2616129
503.3106948,543.5104433
613.6730694,772.4326002
872.4833136,728.8132686
757.5178527,350.6043054
580.3157045,992.1974019
520.6256295,499.6806898
466.6861466,434.8005738
781.7122792,722.7372544
501.9026898,540.3924128
859.6917828,234.4350192
775.4305469,288.5068528
508.2868451,427.5842152
765.3584905,291.0960392
374.4775354,616.479633
861.9558443,591.0919795
730.9726564,456.1363671
545.5922357,596.3171336
607.2622934,149.8905967
690.0082476,194.3650507
547.0952033,452.3472889
607.4596939,502.6018794
701.539438,273.9109129
725.5261274,162.6828334
546.7910503,798.1208743
713.4715866,498.255813
618.7224154,547.7730596
724.0284031,510.711241
470.5061623,305.6132092
430.3254233,497.665729
797.0867654,666.5591121
495.7589146,350.3802607
463.0534044,453.8896518
239.9338573,542.722599
424.1177404,423.0472627
802.0876039,376.4234586
654.2441752,408.1312082
540.8246614,604.7214118
479.6758269,329.7387281
757.2425526,522.8336837
388.9993656,344.5200381
368.5920872,346.4344786
508.1030321,795.5534593
616.8629374,793.7383899
639.6615233,626.1459831
972.9473629,579.9381755
346.1312409,670.1707598
504.6671212,728.1713051
613.4471606,226.5641818
360.2494914,532.068346
730.4676874,523.4584724
472.4656663,680.3254409
831.1205533,723.3266489
218.9952287,565.9015431
750.0709673,525.7904137
597.0949898,239.3742619
369.0368788,586.5096455
492.4587288,340.1385149
513.1489475,727.5663865
386.4678989,481.7598912
671.787101,531.0826161
809.9120776,922.6576864
683.2540393,466.5037685
655.2019505,866.1193551
573.8695891,804.2685962
595.8436828,558.7071439
577.4208063,481.6161207
597.5148985,569.9265337
758.8872674,473.9948811
904.4985136,457.3918366
208.1675165,390.6465895
257.4804234,424.6839195
221.6780454,502.0855715
754.783862,512.7789587
825.358531,230.6534001
712.6823889,473.5113348
472.6706471,368.7357558
780.1843089,277.2960086
683.517265,529.8319105
192.8392308,775.5818461
715.8956568,954.8561071
821.6246842,502.8621749
873.7624547,935.5576101
501.7657813,189.4123315
374.1564992,959.4230632
408.0379934,441.3704767
916.6932137,860.512763
639.1204957,785.9174261
566.2065773,559.5431485
876.5183321,876.1407962
459.600071,330.9370111
648.9300155,519.7774153
898.414017,588.7168715
417.1877337,226.5424731
557.2753303,211.0121604
902.7157068,433.8724273
554.7627991,393.5028829
468.6744735,270.6760022
419.8898155,228.2217115
836.955187,384.1514448
711.6003038,403.1162253
606.9397292,504.9426588
720.6845935,298.4990634
670.3755307,304.0444574
463.3792045,510.9885859
711.1093267,542.2201438
950.5977182,911.5421182
666.5909143,360.6979974
148.2907072,707.1179339
828.3433133,393.200131
414.0460736,720.4944044
832.0707784,382.8015769
623.2471527,574.9141247
280.7984198,846.1110314
807.569008,182.7186325
513.3424381,395.3226324
650.9538467,566.5389307
483.4240551,766.100511
554.126779,262.6648626
744.0197877,268.3988028
821.6894157,747.9652371
493.5067178,542.4756755
754.0202813,346.8699273
667.3021375,483.1456338
556.8584477,856.8067796
650.0287891,760.8136156
686.7217542,558.828182
569.6688841,387.0883257
592.5693986,540.8019322
814.3541364,634.6079492
770.5776276,285.4588584
481.3005125,680.8667169
586.8298024,663.3035792
593.7921224,907.2968646
770.0334841,353.6762859
770.2519625,772.6668411
498.06642,246.745611
563.8319883,584.4670004
563.6805335,624.6151118
915.5707856,864.8174178
453.5516179,530.0797115
582.46804,486.7742264
509.7235231,445.1455351
498.5482289,450.8255274
597.9258338,573.0492444
720.5863202,391.951473
701.3201657,550.191606
522.3689922,544.1187885
477.269374,594.1067735
747.9989582,426.4502226
593.0367362,514.7382583
637.0578047,946.8926891
507.3239464,728.7149839
596.67977,498.0735769
693.0966964,488.8293451
588.1083442,193.0059478
680.8043222,658.5675083
452.3824801,248.6696418
340.5448521,515.2871814
445.9481694,451.3675347
698.825941,163.992418
858.2664302,619.9285384
610.2575622,641.9734063
458.0176759,815.6113432
442.936197,380.4137863
590.0968958,474.4235811
612.3729254,651.8169989
703.7312926,322.6253971
430.1932936,572.8233402
446.8269965,589.6830238
729.8922042,612.794815
575.3155401,411.1569088
821.9448215,383.31824
464.4838355,417.7424821
628.8758918,696.898064
383.3420583,590.2404508
387.9833004,588.4444784
431.7984145,525.451808
554.2863833,470.5735973
486.9684112,403.9229994
455.5146425,471.6636084
498.1829698,605.2058983
397.1427033,814.8149533
921.1363661,467.0403852
816.1280897,864.4506472
718.8571892,65.37603147
520.4007694,547.6488039
551.6319101,403.2025796
401.4685869,412.5996289
379.4155449,830.2273829
875.4327565,613.4027006
798.3458473,421.6795932
564.1700425,414.793441
622.5979196,626.7468483
198.3704007,539.6402552
506.3091995,445.002078
448.494497,990.5846894
933.1995358,652.5738785
737.0853916,815.0782367
758.0215484,324.4540474
575.2235587,351.079724
498.9654411,531.6385178
440.6837606,550.0285504
521.0038619,914.5402181
826.0918357,385.1711063
845.6206166,623.8697448
530.5516391,340.7356611
584.7595611,658.324283
950.3472711,895.9730474
790.6527843,545.5408864
371.7592894,953.3848042
214.1119586,531.3779089
539.038454,570.152814
556.5659348,363.2275945
649.8244975,537.2060594
661.1309476,206.0300018
432.5351498,498.5620332
456.0788002,625.5809717
447.2865141,868.5798145
688.9280651,397.6185737
519.8350686,452.4436095
976.8165003,570.58329
338.5490948,581.6767734
972.9282625,574.6354217
477.9836532,516.3142185
606.4830429,901.0962813
521.5048911,548.4608224
423.1876793,578.3224544
716.6383544,511.9340742
975.1646696,611.5017993
598.4899166,783.3822295
574.89671,361.7523427
725.7803946,530.4322116
562.3844493,477.9219005
707.40649,206.8650452
583.3059848,610.4042874
427.6638342,521.7525107
556.6383215,376.3690719
581.8555995,726.5784418
808.2708832,680.3896477
580.295945,591.8995058
505.8508054,662.5064371
386.1414247,342.9259421
448.9340154,378.2938967
560.617522,553.9335477
465.6932565,510.307342
712.5338105,888.5897261
679.9615536,374.9359003
499.8517736,434.8957243
206.503147,514.1767571
424.5325857,456.5093014
506.7386059,498.2436319
392.5036933,594.2051627
816.0271798,690.2927251
942.2411155,866.4276647
494.2583439,239.1373257
680.65086,549.8838814
730.8877908,531.8344394
689.5854476,429.3276187
220.9734886,639.7833342
742.9624507,627.4113562
231.7231065,767.9768202
576.9749211,506.940424
531.1379683,404.2276735
510.2544388,343.152703
432.0979533,459.124626
566.6144715,401.2545209
451.9939709,582.8147986
346.8584335,286.6922849
256.772496,521.5408351
339.3283303,277.2789175
235.3233106,408.7470334
713.8799152,298.4699373
917.9537338,861.88248
788.6163694,387.3826364
480.4903869,429.6257112
504.4230109,585.5332761
586.9284652,266.9413107
751.3941516,438.8179173
391.1109237,665.1740381
503.4448768,511.1369322
415.1789432,653.2302796
493.2891683,557.3091366
387.9881692,467.722026
807.0996031,569.0198452
753.1502628,424.9715859
491.0612402,586.8172238
542.3674627,520.4313301
299.2276032,658.5630788
503.9148809,582.7124605
510.2208371,724.7313004
355.6459557,791.6495276
552.2289205,561.1232248
534.924667,398.970322
216.8773638,651.3563105
477.6102596,263.4738933
780.9066927,649.8715519
463.8358608,516.390084
859.3058653,729.1760067
553.1732732,727.1852827
948.6956502,895.0568105
701.5149147,567.1970242
860.9934698,252.5193748
775.7176967,425.3397564
456.8895251,968.7594786
533.1557023,698.0659673
416.9442526,443.5286857
743.5328104,624.9724384
295.6299458,380.6336732
467.3891603,335.6819619
711.4158916,534.2478459
793.553525,257.5551888
615.2669248,293.2141947
550.7146126,558.0007439
281.131845,415.2344892
611.8809446,598.7444344
561.5035099,477.5096649
801.2814931,570.0728324
533.200195,494.3137501
704.7913561,319.5664126
663.8043714,489.5089593
401.3082636,290.0327931
624.5008116,589.2989114
956.5617851,471.7172847
651.5426177,289.6879819
550.9086724,443.946103
467.4937405,277.9515531
433.6315714,858.5448552
466.5481894,800.9652372
838.255316,468.4555463
577.713514,479.3645579
598.0204068,263.9958216
299.3700545,717.394656
715.654273,202.0808767
850.9586255,523.7149443
376.8161707,300.0695702
465.3159978,791.8371126
225.6656351,656.6190526
783.2354707,685.3134916
640.1034836,451.0168941
680.4045475,571.8074187
875.1761523,932.7078147
956.0852943,958.870609
786.8678533,319.3106719
362.7432967,348.962258
570.8306515,433.9446156
455.2049017,389.0031422
550.0547881,362.1947908
497.248804,758.3188694
543.2905278,773.0735398
614.3419871,662.5144604
485.8034529,227.3533633
564.8729664,603.8678146
470.5068064,444.2833088
595.6550759,847.0624745
388.9707226,823.2234521
744.6614106,193.608004
753.2932685,28.64882774
768.024349,306.7509836
290.7056436,633.0807135
523.9324668,402.0857408
702.2218534,556.9844463
759.8501362,323.3237739
387.2447225,563.0057813
871.4843713,793.9292343
503.1145676,454.563541
767.4517122,306.5173278
697.4182805,566.8336593
727.534079,40.40019573
534.0549032,308.174753
530.832542,711.3650888
496.4159226,428.4918021
424.1674913,227.8049002
943.4639592,481.6623587
182.6633582,431.7581163
436.5852988,568.6552685
383.944267,515.3293243
567.720241,415.909068
485.3948846,297.0101261
534.3565393,181.0304515
472.8732459,361.7970764
724.7767334,407.5621016
492.3050569,559.6008364
797.4171045,446.8707192
656.0823506,533.8813678
418.085032,566.3193364
550.5200284,352.0934934
588.2225121,327.3103825
516.6489158,405.265241
791.2375554,561.5943601
938.3794235,595.9679974
679.9412248,521.2721402
331.4248635,359.1950403
577.0266793,250.1182748
174.4593039,483.7247068
560.4858567,481.1951305
391.0821308,368.5070099
343.9285104,281.5235442
633.1083708,483.3612374
747.5965769,422.4904625
565.1751419,505.2495267
449.8130972,429.7992346
471.8585739,873.3947597
478.6375453,417.0269723
840.2805703,162.332172
548.4534124,555.5138538
628.0910535,842.5606654
621.5470243,454.2675588
454.5110711,413.1232078
621.7442301,542.0727586
385.0819605,643.1799006
675.3147686,549.1390576
504.5008506,441.3413089
567.6562136,455.0211998
536.0707796,316.848144
690.0950757,431.3212259
511.4806081,550.915933
414.2104716,928.6079197
613.7878514,599.0154485
454.8071045,337.7774685
662.2411964,698.9656773
808.7381009,576.0108636
675.2790247,431.8451809
665.0220617,693.4458991
533.4221039,565.6436085
297.9204033,317.4122152
554.5566349,352.9608597
387.5935928,397.3518428
509.8556528,497.6933298
355.1493159,282.7364529
702.1762072,541.2774761
622.907151,574.1166066
639.2195181,627.921375
434.7247272,495.905506
720.6701222,514.5841035
687.3586881,470.2350334
705.6676515,511.303874
754.0337939,443.3131866
429.6805046,708.2624571
641.7258473,562.1585358
615.4416895,557.2524307
808.8319999,169.2512111
654.4186852,863.9762315
769.8090134,362.1881048
488.907946,314.4515153
958.1034478,714.7249447
459.4040937,906.5707617
275.8433173,808.9205902
283.8747492,673.9926413
485.7872438,747.6831701
462.1407809,409.9990554
568.5593693,504.193113
608.9797844,398.9224124
593.5481319,877.6406401
151.3101249,513.1184628
637.201904,835.1965038
669.4096957,15.85494037
279.034938,303.8257824
763.91597,309.0338871
648.5400532,252.9630139
374.2244966,557.6867511
285.6804315,648.0909156
733.8364248,446.7125737
470.9853496,403.9457528
456.6139554,543.7596651
398.9307533,829.6376332
439.2549924,567.8941474
819.9560302,341.5294183
503.7227386,502.5277062
908.5874177,862.8919871
337.4339024,503.7247356
671.7591471,394.4750109
959.5020149,551.3335801
584.5770064,388.0017002
640.5482752,624.6152163
788.2241599,505.0743945
804.0607254,466.1816689
750.7528732,537.0362969
418.3090533,239.1748092
471.0324189,686.2295405
475.9807651,333.1427536
637.5930497,590.5914256
327.7126039,618.0828387
964.5904006,560.566153
398.0469826,423.9581717
775.9288645,511.6315522
666.0121803,870.7290392
369.0960076,329.6262356
719.8410759,550.1731776
635.4914239,526.1072062
402.6826818,945.4340478
499.3761067,635.172689
353.5187278,394.5010237
868.4309024,437.7961664
532.7498006,370.8277313
699.4323443,425.1742562
657.0105242,545.8790742
495.9785465,788.0221051
821.9197588,331.9168071
616.4119737,483.5334027
843.2678695,396.0186692
543.8008599,385.1496692
459.9627385,544.8896879
472.2373307,365.3466276
909.6706563,641.5642421
352.2590766,272.1085679
738.9603597,26.69454268
504.1146934,386.1972449
666.3186253,516.1467125
680.2458121,399.9021667
447.2774059,545.9199844
789.879586,564.0055936
827.3430228,685.8048313
706.1181507,277.6933469
652.0511222,543.9271293
573.9671133,764.3569822
742.2242772,353.3363221
461.6348231,393.696924
737.5270973,321.7361132
334.0761308,600.9000944
464.4642857,266.4953107
726.1481556,296.5847482
859.2057943,525.4233715
617.2117028,544.9512412
257.1826373,745.91156
311.7046893,755.9330637
309.57078,655.7203456
509.1342128,462.5841455
666.9397846,560.5192881
654.0532613,245.6449858
399.6275052,755.4267849
578.6316953,603.2936517
852.7244143,459.8220417
534.0027404,360.5649245
534.3924181,480.1717917
709.7509228,197.0256105
461.3009035,686.9725466
634.1906357,565.8570392
860.1621165,602.4602379
686.7659771,550.6709108
568.7267935,697.8683951
630.7082398,565.5938603
417.8626437,819.1443046
780.9479196,298.1607711
385.4608221,666.299715
789.9169029,399.2085327
673.9504024,873.645465
481.8239228,380.2033435
924.7179492,862.5215183
178.6680685,737.0495185
936.4319789,855.9121678
685.9339048,568.9110301
400.1221825,432.8278394
540.7692778,537.1647313
522.5373302,545.2463459
592.0724292,514.2978369
741.5685875,782.0705973
725.0040354,512.9303555
536.6271773,357.1860134
584.2137996,470.4304327
896.8228431,431.3085852
201.6260639,677.1860986
429.5706812,368.2465681
553.4893657,476.4812698
623.2008923,254.033322
464.6832584,397.3976004
196.636326,722.3509898
460.7416894,542.6426801
695.0672412,408.1541287
858.5037243,811.4684277
375.2937732,860.279316
614.7980892,554.2434452
520.4609168,803.1287324
685.9910411,627.9503757
287.5726423,701.4811502
514.4203136,480.899608
516.5501032,349.2852769
598.2349153,838.6797797
969.5182982,962.9758529
217.1102087,692.4863283
834.8900541,364.0555132
518.6394449,544.835343
450.8717974,505.476622
426.8989502,575.8675736
754.4147678,340.7181102
745.6538213,262.9048285
516.3638333,299.7943565
606.2999639,367.4330035
794.056172,618.6743644
982.419158,936.6800066
384.7073084,850.2489324
484.5324613,420.1866861
979.5977251,534.0639591
436.9565203,716.2736802
599.3198917,346.6168401
597.1198128,580.9997919
401.7340297,316.0192224
458.4704822,225.9378052
518.2197609,201.5341683
654.5596835,490.1546836
777.7089448,673.1657882
737.0907997,425.0178031
793.2765321,401.9230195
529.3551315,383.5094605
617.8227052,481.7913156
546.3408507,444.4001054
519.9563972,304.0832782
345.1126289,372.6093287
513.6696014,559.334816
426.3998836,442.4939806
625.817704,555.9461683
526.4351556,410.9571636
565.6057917,207.4712802
217.6479405,384.5030255
751.6867993,666.2728246
539.6083643,356.9511874
770.5854925,354.9338865
972.7671752,548.5751117
404.7969963,360.5538716
407.4544507,467.464969
222.5594642,807.4620326
727.36267,293.5585462
724.0335265,475.3046537
476.5912581,232.8153909
516.7816896,404.0718263
582.4825863,985.7011289
679.7039756,619.02185
468.7054685,667.0728291
711.662998,571.1508504
225.9185391,350.3840216
485.5343848,689.3737301
258.1288326,718.4189768
660.0118302,297.8773461
487.8534703,318.6394153
394.5761517,322.5982978
394.6243896,434.0122698
519.0754428,565.3880141
434.9301274,459.2615016
454.0126636,348.9462742
435.086376,501.3984774
738.6460498,766.9812075
559.148201,293.8909255
632.0117395,554.3200211
577.9144799,460.8572064
506.7729417,489.4458181
720.2478165,533.6006799
628.6178794,646.3083571
252.5199279,681.7733845
770.5447001,359.7007132
600.2946402,653.9132994
458.8265132,274.8209026
434.1371846,519.0792475
223.1527444,497.2621017
752.8397731,516.3540839
505.3098227,583.6407323
346.6372885,592.2446303
521.1547175,233.8112125
637.1833579,297.4268747
696.5294014,506.8683193
460.7897624,497.2225078
602.5613532,553.1504045
891.9911365,437.8312262
396.5958033,584.5007021
786.2283277,625.781281
432.9747131,901.2899673
433.8639818,658.0823114
825.1003837,576.6589072
674.8376337,374.8781288
412.0555145,438.6096683
325.6150378,368.7361945
512.4140399,679.2261529
452.1814092,526.6877626
616.3366059,596.0487103
676.1394855,537.108506
764.9291739,354.4386815
712.6984033,225.2830756
529.0054074,570.2078275
842.923823,600.7457306
703.85355,256.2097714
628.7685552,135.4858564
357.1245497,785.8192877
956.7757393,877.3630653
424.2389492,546.9828126
707.7212492,267.8622697
331.9466708,612.1088283
648.621683,611.2278601
153.8615909,696.6659125
792.3941395,557.1452244
574.7634718,487.4045519
682.2545277,559.2687914
776.7470049,313.1827156
534.6668344,702.5599413
732.6317228,407.4951368
840.2791771,532.5888326
483.5568589,588.4743148
388.5637572,594.8100813
630.6074497,969.6489715
715.3460902,487.2407024
774.6270127,501.9343837
788.5887599,989.4302835
377.1793326,963.4274525
588.7575773,546.6804577
563.8752675,386.1323486
671.2416841,533.9555618
652.5808993,499.3679925
499.6356622,695.3704731
657.1402419,578.2676289
981.4960929,932.4713173
479.047402,605.4452164
741.0132384,696.9732192
724.6652172,502.6527768
571.5132316,557.5520485
816.8635966,574.2220578
885.9459642,449.1629413
456.0214392,797.0856678
594.1074959,892.3560301
735.31406,525.4510767
463.2456067,639.1095703
630.9723793,480.5287213
962.7548168,982.1531656
619.5477015,442.4301499
935.4585787,436.5403417
840.3784392,427.8407081
825.2078552,576.9940027
683.1560057,330.8496957
643.9321432,571.561916
768.4599125,199.3286974
707.9327017,703.4734202
267.5767185,628.6508837
720.2304989,541.1062928
952.0037008,505.7682792
265.6178137,433.8793223
457.5033139,797.1696192
709.2446055,210.8121436
727.7526323,533.8243903
459.2236962,236.9502623
587.0847887,238.9219937
661.6913602,695.1690982
363.358973,298.4339581
496.3562396,426.6317692
421.1993674,327.4825687
403.4296339,578.4481517
509.5920526,568.9481793
405.7121067,675.4386209
400.1092242,450.9615254
789.9729007,336.2815526
770.1771938,668.232563
521.7748431,371.9604703
489.3813358,245.5462833
428.3702037,516.5096177
974.0474847,588.322124
536.5564685,554.2064004
831.3554655,248.8415772
912.2749592,859.6632401
496.4357121,449.6881708
476.1237108,462.831654
435.7679674,440.1818467
521.252856,563.7514409
557.7307582,425.513635
435.3409129,567.8994963
420.269606,523.3239578
700.0826709,557.7413676
721.5048461,550.4054545
689.0635354,536.5779068
703.1925271,962.1829314
423.8416913,695.1820524
793.2201298,313.7593649
770.8401193,364.4341933
380.6869859,325.3049702
851.12581,475.3569092
401.6102293,446.7051563
264.2715292,435.5393593
781.7552588,163.188966
889.0665016,445.1339809
748.1973924,445.0480236
687.9040301,428.1601123
231.7234211,520.6982698
693.200153,193.7453183
469.315632,327.4462761
838.7266385,564.9673792
166.205978,551.1141529
558.2321169,488.8284885
443.4578396,222.1835152
251.6979225,748.4508101
373.9626791,572.3002418
452.4855921,414.4486717
517.9716657,562.5292971
498.4410571,196.6719194
557.8124779,203.2091653
569.6191632,436.3809217
861.4496618,415.5375545
819.2642819,450.0833362
447.104334,567.110273
662.5753257,869.463081
701.66201,290.5826774
775.2494603,300.4068387
644.9460512,595.5507682
388.2899252,762.6714129
651.586571,577.7148822
570.8997724,521.7725688
819.7961713,499.7836547
563.162756,420.4407344
530.3030196,612.0261513
558.378673,393.5138521
500.4909846,543.1868394
872.254169,435.8035202
640.4668702,659.0014108
430.1670175,671.5043095
592.3731815,770.4968897
966.9674464,901.9522395
368.4385651,523.5816416
679.1322826,522.9150234
466.1376886,742.389526
748.4854261,548.9788435
970.0107734,902.042104
510.7400378,615.2583876
759.3433095,274.7098519
449.6150525,506.9011853
854.7575934,521.9959031
505.48649,550.7779291
549.8418676,301.6218368
539.5259556,617.3424026
503.505204,470.5135275
721.0338233,472.0107388
527.5324761,548.2179941
558.7172965,546.0669517
384.2632658,947.7296966
722.6562319,453.896296
516.5809634,772.17734
761.1647366,311.814482
218.741366,396.8592704
677.2626327,522.8780413
521.7337511,619.3304521
761.327277,529.8805722
649.7649492,610.8629909
783.4247667,715.3773133
813.4924772,332.7632169
432.721105,560.8733762
817.2704271,634.6718426
821.1165242,577.3093744
538.4911495,611.7018161
648.9318132,969.5841379
642.2295879,381.8798031
598.5289862,326.0675748
349.8925473,585.6390198
630.5982066,727.0141621
814.138834,239.8490119
628.7492451,548.1512801
807.5776069,375.907694
496.6851556,625.8376108
258.8171952,718.1258362
721.3197597,504.7813792
345.161466,508.6043055
455.3873366,926.9307079
262.334631,717.7041565
831.7911638,722.7368156
589.8357225,384.2097595
721.646114,309.7647957
802.4974456,593.6013514
94.54943369,616.8912417
720.9963866,164.2798755
796.6550069,528.7367386
458.8502426,539.463535
472.9835787,246.7064141
808.8977052,637.5314998
832.2413784,540.6238748
786.9109228,670.4290913
745.4836856,354.2233077
596.8246033,276.5517071
734.6174131,178.3718349
459.0134422,778.2463548
635.8315754,470.151855
595.4425898,310.5103299
709.2421487,254.6987493
973.0197346,560.2552317
614.1106253,629.5716337
516.9154073,453.1397507
766.3658669,293.4953632
909.1030979,644.3185943
404.6685519,929.7952752
418.1629466,891.3517673
876.865989,737.493847
789.4137764,298.1892703
644.4843763,593.5591458
427.9729308,321.6449115
388.6141822,568.1152461
683.1325909,627.0507911
571.4575334,568.1721401
416.7649188,374.7475005
602.5115574,840.5321445
729.2946695,442.5533818
384.467932,799.6154111
703.7930879,405.9490548
615.7355807,635.2472382
471.4075204,595.0007377
778.9544393,647.7938051
801.1129154,257.7540147
183.3272275,686.8925649
741.4270649,750.4003731
520.946396,498.944913
297.6791542,331.4222289
35.8586605,590.4093566
388.2668699,609.8787444
751.5942187,439.5469662
426.7000966,273.3205364
423.2777432,457.2578652
208.1637713,759.6299792
578.9046585,696.2185334
630.0675906,453.5174697
605.361963,699.175159
788.2238603,537.286438
344.6528866,604.8810826
670.1513147,354.015393
530.3774437,325.5017694
544.308166,513.9155631
456.7915514,580.0663175
365.6111698,354.8053685
806.4592236,583.6187729
731.6958642,299.5729235
700.8849018,757.1304065
551.0131627,412.6663848
811.645568,199.3327299
315.2365215,718.8459844
483.6800451,403.4380323
742.5706757,466.960508
720.0483487,515.0853678
194.3286708,771.6325121
725.372066,392.6827785
551.185171,308.0035489
880.4465084,545.989728
574.5030025,803.4123872
524.7348624,547.4955894
425.6855444,800.1720441
462.0647389,474.9923534
489.3942491,573.4522032
777.610297,286.6272006
761.775679,347.1192745
476.8312338,746.6219926
581.8062231,529.662921
630.9042471,648.0205034
676.2083967,557.1322075
600.7136201,678.244372
403.6577449,662.1592441
723.5000042,461.1147649
620.3043012,437.6603564
419.9139794,266.4689844
715.6913652,351.9924508
439.7409659,809.3691811
792.8565634,120.6250453
431.6846511,397.3683699
607.0828846,680.1809808
793.7199904,364.9711442
339.8740618,279.8416522
449.9949927,346.5949643
573.9295118,525.2032548
511.583106,618.74649
433.5252235,532.4217654
463.255449,379.6554651
811.7135504,431.2579176
498.1656222,563.1019347
328.0513622,599.6418878
460.6740516,262.7597416
879.4730782,529.844405
610.5554382,537.7587434
653.1998414,763.6494956
609.2023225,815.2975594
259.0654702,734.6330615
483.1139848,419.9713123
502.8542482,303.0757978
463.2490223,393.89552
570.2711827,595.9965175
977.1935342,578.3186935
721.4778509,472.6418792
490.4115877,706.8157253
759.5784165,269.9574628
641.0104894,544.7732256
811.8876859,613.5126649
538.950832,508.7914725
509.0265316,565.3295322
594.3737926,330.204431
457.6398329,576.2060331
430.8534776,565.9554283
600.1011796,670.7289389
606.2333148,505.122325
567.289741,191.6658165
919.6738914,541.4097133
618.0334985,706.2714615
616.9970296,482.309859
650.1968425,309.9276005
636.6382855,596.07909
703.4884406,537.8099751
596.6444156,570.3361575
431.0348637,836.1478842
502.5195047,409.9736694
769.6483456,419.9660053
582.610027,404.8317146
562.184532,184.0740373
659.3330852,549.8762969
792.3436846,558.8707636
579.474404,968.3434403
734.0001188,409.8431037
428.5863451,661.6940635
822.6912643,395.3371746
523.4753161,542.6860975
442.1698449,424.2823815
536.3928194,696.0482486
503.7161471,460.7071259
502.3840343,824.8074982
826.4658735,406.1402753
819.980224,407.1922178
583.5561324,779.0635131
639.9260973,469.9898023
468.7659006,323.3722267
618.3684816,537.0706463
340.2434706,293.6809423
615.3085262,704.7650987
381.1859777,580.6443249
503.9769459,499.6550739
523.3840387,360.0619051
694.8066521,563.4527215
522.1603412,471.5612912
651.4807025,852.3305237
753.8309104,558.2213202
692.0476137,612.0561758
703.8263151,434.5594379
665.6111923,581.2775338
226.3960785,545.2991864
682.0205444,619.7699124
815.0314733,499.0184175
747.2173258,424.8785038
691.8142745,444.3497094
524.0483574,468.8550784
518.6836529,488.828196
929.6164547,452.6189298
559.4226922,553.0153049
593.0226393,529.6915874
619.4821461,403.2609152
626.3339985,546.6269277
481.7741869,253.9198894
603.1549031,491.0351712
543.7219416,738.9098021
787.2965857,621.8574166
913.454958,609.3220697
563.1950543,363.0934142
353.1941562,460.5380529
630.5487104,604.3547457
667.4690074,564.1030425
741.430855,905.5632186
642.1851102,895.195671
429.3449821,523.0129529
396.911761,916.7888347
463.0879649,799.2533835
604.7064231,181.8760255
519.3075836,692.5889379
772.4343192,354.7476806
650.42765,295.0335473
719.6744606,197.2400649
444.0108667,433.0106397
617.4990774,545.7562184
785.8338862,560.7148963
548.1625773,738.4376012
400.5051488,854.3312767
477.8998662,362.5099118
459.0501,768.561827
644.0297424,879.4885337
696.3663515,546.3856455
736.928454,894.9819896
706.7670243,434.0288178
786.7503748,505.2610602
980.6226888,600.3125385
514.16323,433.5909872
676.2344331,531.7754143
864.8970029,737.1680284
532.407372,458.9910934
830.1638266,582.8043934
387.804416,659.852647
624.2782285,177.4971558
830.2352245,443.9562783
596.6190233,585.4760478
605.4722658,776.6861695
578.6507058,607.6602567
601.354464,401.0042753
625.4156523,567.4079058
739.3051402,18.72339391
479.1041488,251.9086477
452.8309869,411.7297345
792.3880124,329.7689197
775.2511831,641.451081
659.3832855,627.9466357
951.3859871,569.3519529
687.3915707,444.3637919
472.3650111,459.7083791
518.9081834,238.6844306
506.6342055,226.6383341
591.3563973,547.7871839
581.8254883,277.5102123
813.3088888,334.0345239
700.4164856,548.9547738
516.9533534,410.9469465
871.7843446,694.4107978
528.5422344,756.2625388
359.6246768,990.5381171
762.9529814,494.8475252
620.646565,853.8461006
203.1571352,515.4050436
341.0536113,278.2849562
317.6492063,381.6501588
531.620766,333.3725859
526.4361144,704.7815213
878.2620394,533.7827488
607.4239799,566.9784328
652.258395,478.3595012
813.0472661,294.4003801
738.1809294,455.6083587
648.3644496,261.0482848
550.2698809,757.9474813
697.9639521,515.3317689
587.4722792,474.5703604
500.0592711,437.8483801
354.8461517,382.1179303
625.9653387,475.8564184
479.3869243,778.8278305
656.0387269,506.5712506
491.392688,521.7218803
526.956184,440.5434774
473.9108683,514.9753826
615.6055782,285.5022759
780.1008365,291.3313039
789.3043725,677.0431847
440.2304749,627.8205204
416.2862558,445.033377
498.4819094,219.8352976
564.4787795,478.214101
751.159539,441.7095421
377.1789281,617.3796981
466.0006153,628.3102513
799.0864177,609.9575978
345.3696676,350.1606455
859.7410843,524.074026
424.4183279,566.2594129
625.7147717,627.2431399
399.7987644,423.955748
557.197221,441.7299345
504.5851619,761.3995208
539.4504829,624.4491102
311.4918736,656.6041971
473.8859105,450.4531155
421.1160299,550.4243634
305.0918837,654.642244
635.999449,567.0509345
704.0362095,276.6791596
435.8466759,498.334144
551.0830926,550.7431617
406.7944315,355.9323617
436.9977771,585.4727884
706.0184692,323.6582635
974.1595253,962.9583021
971.1979929,555.4551838
571.6149654,482.14158
198.2371025,734.1619053
357.7979017,275.7925083
852.4256394,526.8536807
574.3871419,694.9564615
962.5106616,586.1336398
474.9080429,227.7620051
826.4271035,449.3024077
637.3281163,876.0321064
501.7026527,586.2596506
452.7055086,563.6191201
946.7679052,504.7194081
669.3896965,388.4256363
454.1423215,770.7968627
810.3472067,406.1795975
448.1440537,539.2220439
580.7797314,482.0849786
695.8068827,567.8801068
581.9322407,471.1099424
501.9323516,205.6598882
807.3782888,243.3581543
562.5651613,292.532512
403.6050129,261.0953378
569.5913291,381.8205272
545.0396131,787.9442337
597.4844427,722.8934777
582.9225691,671.0065763
309.0557889,643.0449263
660.0233354,591.8127963
881.6839882,440.7567618
708.321076,189.1724075
476.1618666,246.2774008
770.8633843,478.2700547
787.199361,288.2478945
766.0240226,360.9460491
500.4089653,588.1229221
808.6820582,170.0365899
516.7830828,368.1211006
490.3464367,740.6294075
467.8341167,735.1144975
605.9132224,448.6903016
638.7490496,976.7746089
646.8363145,488.6857835
418.6975774,840.6589075
705.8695163,193.3440102
538.4138342,459.3235563
488.7083283,762.9168111
716.0024991,194.6838281
849.4898139,145.9153752
253.633817,591.2986614
462.8750743,353.3375758
451.3596436,365.5026001
958.4023725,576.6522629
616.6446538,632.9037217
455.5834338,282.1699998
542.885405,201.2029799
491.0023511,514.4361124
701.502226,280.0940917
786.5782466,641.3820477
581.1715812,305.3434697
555.7183574,403.557566
567.2704608,205.174148
645.3069659,391.3128316
916.1819827,853.8516793
783.1446129,994.4104363
881.4207775,553.9563429
472.6035486,388.5374811
467.8554792,964.5502252
607.153983,705.158697
518.8526201,759.8564894
402.2846749,490.7588292
568.8927496,190.0045258
754.9119768,536.9761226
467.6877704,967.9647812
489.9355014,665.9729979
692.1303371,569.1865154
779.3908717,429.4291001
609.8065237,553.1403963
485.6177074,590.4741902
793.8647937,253.7659853
502.1668892,633.0326368
314.7944713,541.5072666
461.7490508,614.6436489
833.826605,556.2795506
434.4311357,569.7889477
451.5519207,834.3186906
352.1546013,595.7862418
542.2811439,422.3442892
761.1439584,314.4423847
522.6172072,353.8415562
487.1659765,577.5441586
567.5988825,664.9991566
575.8286437,529.2079366
817.7101103,337.6600241
562.4001191,427.3755066
578.0147456,508.7757604
825.7252732,282.4181978
523.1475236,544.1695188
731.3359681,469.4852577
705.2060815,537.8792173
834.7359478,532.6477115
782.3635946,334.063044
385.2499539,599.9458097
650.1138195,610.0203211
734.2679286,468.7763713
810.5479179,327.1110552
547.9100479,404.2668285
779.8535503,544.9280699
469.4206466,271.7018901
552.6704314,471.4433246
423.4169288,939.0260095
604.9452752,885.696994
733.1324972,516.5503189
839.563999,356.9166499
517.541675,584.5186082
552.4005543,451.1278613
626.4653042,563.2513049
335.5296771,622.7346238
446.2295067,487.9687903
622.2503376,467.3043998
304.7995655,318.9462205
635.7979587,315.5712792
677.5728228,429.6963115
421.1700352,441.2070242
492.4788778,431.5539416
767.4542589,306.0774496
435.4499424,350.064492
576.3781503,487.1266638
553.9693919,397.0530608
533.2431746,661.4509427
729.0058867,157.8318464
868.3762828,434.7619619
905.1542932,851.3464026
676.7218298,846.2303771
489.6466138,421.3491571
611.1983495,554.7962337
580.2270189,354.364174
498.3209419,219.030383
725.7590621,293.4984972
826.3311372,495.3493536
712.1473387,498.7923461
557.9079198,206.3158087
477.7293261,493.2236554
554.6927195,396.4189117
604.2450778,304.043559
774.3772846,441.516065
587.5467482,381.1792533
569.2690795,509.9702616
635.9704913,610.3424625
748.0308521,557.2497354
541.4694003,443.6671492
548.6523859,250.2628603
597.5661324,542.9837303
683.1264937,548.3300896
508.285407,326.6488834
569.4201897,321.2492657
449.9141269,715.400986
406.3233937,226.0401014
524.5616707,376.1737145
689.3614414,158.6167028
544.218941,768.7375025
745.551623,447.0151166
558.9936303,677.8063325
729.6113762,565.2976482
701.2409029,406.8733359
787.6688408,873.4420425
483.2246022,489.913297
644.4731558,861.5180495
606.4785487,501.7813571
228.2191534,412.9612178
606.7781175,915.5703265
556.6546354,737.713713
645.8597833,858.0694575
593.3642889,760.8546929
779.2312225,537.8074887
787.4549915,669.0081426
466.8973293,396.410575
756.7396209,261.6786731
460.9108214,476.4817503
578.1744398,807.7349062
834.204403,605.8382088
780.4166145,413.9501654
453.8142744,631.2516453
658.4443109,496.3316151
447.7253435,420.8759741
671.8387694,378.0762454
581.3021829,648.0539335
555.8088257,766.9654744
455.5076315,498.655972
706.0133309,294.1653453
710.1795803,3.666932778
657.888033,719.1010982
481.9348099,415.8552454
698.9734708,551.8002859
726.6270133,459.3756864
481.8588428,934.946674
675.9486315,383.6700088
684.9568043,562.3871354
686.3925835,396.6308171
599.8559457,307.8609484
888.9174437,479.8449493
596.6512468,916.3098433
428.8195794,775.7880893
650.8494013,978.6294811
710.1663823,420.4441192
500.0627466,204.2100641
917.5227394,587.7828747
546.8752568,773.1587031
553.2173763,454.8903626
308.2236716,686.5392918
764.3128534,353.8381923
667.5782316,551.7238144
518.4868066,954.6535204
771.7882171,455.9930144
638.7657381,560.6393233
124.7756398,711.0917973
145.5890298,713.9565944
476.5977148,402.0726612
502.308217,476.2057008
747.7319424,305.367414
763.1703961,364.3572621
473.0977465,429.4867044
429.8973501,520.8765361
432.9503995,643.1670299
633.3068799,457.651359
642.5046184,469.7535138
494.8520286,690.9449683
488.2191789,488.5399445
754.5320067,145.326503
506.992978,198.5438619
362.2199463,718.0636561
418.6492947,265.4556537
511.5529948,346.2378258
716.8914232,318.653059
426.0191943,861.2862532
355.8293193,468.934287
863.13054,793.1382978
338.4664314,583.2554707
495.5541585,573.1040908
444.0386709,630.8540771
455.8863583,414.5156573
652.2510395,408.9303978
528.9479564,515.7531978
526.3681919,472.659639
723.484649,613.8735017
504.93183,417.1023573
749.3205995,629.2256943
783.6090592,495.2019266
748.3700299,630.0867088
402.6066249,376.2867711
763.8190599,359.8636434
228.1653278,410.5124172
376.4110779,587.4702192
575.5153226,461.8478464
914.340152,515.7814254
268.3850316,635.8034742
667.8521834,434.4278067
759.2906224,528.7423799
465.5319894,551.6533186
507.2406088,238.7616334
551.8984615,556.6418708
772.6830136,303.0490537
668.6583093,529.6418809
873.520921,690.8839792
768.9693009,632.2497234
705.7795572,552.6518982
704.452418,505.3464533
603.6296411,344.182519
642.7669752,374.1548256
588.0354782,786.3541284
566.4261492,317.2650389
573.6828997,358.9058277
937.4447184,876.3288617
839.2897176,185.9255455
487.5281497,824.8272638
960.4097997,608.55911
752.1735818,444.8752941
757.0783342,299.0896697
504.1672756,800.6591424
637.1827886,602.3168852
640.9094447,719.303873
793.8081817,594.3560162
617.5473452,650.2047043
523.3867352,925.3124168
330.5764022,875.8790172
672.3719022,582.6770663
309.5744204,648.7074304
522.8274013,475.205199
641.5535993,476.3732277
828.0053939,726.6134181
631.7936656,451.0799517
971.1016671,908.6864935
450.1869553,445.0311831
460.2007367,431.073216
540.432467,510.0936397
489.9316813,414.5198152
494.6028698,444.7682132
599.9828321,514.3942411
697.906621,565.9958788
473.7219469,220.6515366
525.1876088,388.421562
615.2986689,592.4133899
477.2915154,593.8849227
645.9951488,661.9805181
264.0511932,668.4104323
491.9080237,591.4536311
559.9572181,362.8472638
673.9372194,846.8213804
484.9086863,487.2662347
791.0658618,559.4923556
952.0226514,898.1095059
763.1251994,348.8493059
857.2312946,600.0965797
710.1003624,553.4301104
695.7041901,431.0915608
443.3725395,754.2315315
861.1620475,720.8126804
575.7407969,482.8684769
552.9534465,470.7712322
783.2510507,293.3702508
561.9922548,478.9359416
871.0707245,507.3446363
775.4109371,764.1027458
440.0115471,375.7196285
481.2184184,597.1941946
276.6162309,361.5947822
696.4885041,192.8195538
687.7236476,565.9523151
480.0508534,521.1036732
448.1808013,315.3102524
434.8304759,518.8312166
788.2753789,645.9289249
813.824674,319.3546534
429.7952417,838.6601395
954.1224047,538.1344565
672.7569209,33.69730345
333.616778,358.9574773
399.0452507,270.7566107
667.0459827,376.6539386
412.3450014,484.0214203
541.6321206,468.5482732
482.4449772,245.7477
790.9815355,294.3682245
508.5076904,420.718727
766.3354561,361.9073959
316.9719144,329.4168375
827.695848,295.9233953
617.6812725,536.7200476
623.5085058,449.9453323
865.2129606,416.0737324
524.9258512,542.3891959
519.8105452,912.4104038
586.2519223,981.7503741
720.0543559,716.3389735
416.3067793,436.3252813
330.5931357,934.1073682
713.0061816,544.8465421
463.7558639,618.8502906
798.2667043,719.6703511
567.2351364,643.1159445
755.339316,561.9227905
775.4915782,693.5867027
260.247087,423.1347661
462.4347769,572.8439833
649.7692637,396.491873
827.2666512,571.6103061
784.149113,653.9209257
811.2885033,442.9574688
400.3828764,408.9604641
449.2434715,633.4206355
791.5453487,347.5430435
574.1618773,447.7919289
455.2049317,626.1116336
579.5490528,317.967699
646.7266259,574.7050609
411.037352,303.5663435
957.7819023,574.3668731
831.221643,519.4699624
328.0232135,647.4085853
511.0730435,899.77859
739.527948,356.2585564
499.6093111,549.0030804
466.3882855,796.8939458
448.6097134,426.1740686
755.8723289,383.1862117
593.0299949,445.5454434
430.6845104,410.388454
570.9017348,337.8991751
481.9402629,518.029269
387.3070871,667.6300471
638.3567353,569.2082659
502.9057518,443.7680874
900.7565173,856.4728959
452.0509874,357.5595745
837.1508348,907.8679353
760.0601355,303.9731885
893.3719965,475.2619676
740.8038533,445.5143324
480.7316658,490.0264581
707.4293955,574.6250166
550.2427808,444.0483575
721.8541059,207.2764033
779.3708575,456.2121073
769.0549755,449.8490326
657.8547459,626.4311841
485.1744587,589.7599968
767.8014064,355.3880979
249.4821138,699.4572468
614.8624911,744.3446259
195.7484056,516.2315833
629.1555813,556.4406212
596.232971,559.3584678
686.2181633,397.4624131
405.5851303,715.8264892
326.5663115,669.8814636
448.8973427,422.2705339
808.3414722,165.6443273
550.4032989,774.4764571
522.8990689,531.0984955
440.8574017,562.4960341
496.2704751,506.431032
476.1533726,724.5119986
571.7331781,339.1062544
453.9257307,459.0043819
97.13902551,561.1481511
823.4286887,346.3227801
717.6853398,514.51787
496.4411501,586.3214546
553.5512359,670.8533408
814.3938802,321.555068
750.9010023,431.2416413
572.8248059,524.1274724
480.1938741,255.3402113
546.9981583,347.4534715
379.3997403,335.1842914
496.3639696,543.2826168
670.0001895,515.4630032
225.1276036,522.4530396
665.944962,386.1334142
693.5855762,410.1778649
745.1238045,308.9678626
584.8579992,953.6166005
452.9008119,505.7539042
144.2486327,686.0872116
180.0638342,706.2962834
279.4316267,606.1452021
748.667082,383.3554937
416.0459206,907.679034
764.7528512,297.7108221
778.7728734,400.0103341
292.9114152,575.2377704
761.8079924,359.9595462
600.5675434,305.6096573
539.500818,720.2148238
699.74598,201.9816936
549.0739275,728.5091169
817.0428105,440.9441587
487.8305498,409.4911051
923.6233402,864.0003012
595.2854574,636.6145943
277.8927504,679.899875
812.569442,589.1982239
831.5219009,388.0744525
452.2639528,411.5866952
381.0712106,596.0686013
441.70047,627.4496756
554.8999623,553.1510104
912.6277694,856.5922207
865.9741594,584.3665845
882.8804659,555.3915621
737.2063307,357.1882908
876.606838,588.298911
772.2244098,455.6389682
440.2608707,770.3392248
360.0726893,344.5527579
476.0606271,375.9862131
768.5567477,549.2190392
568.7577736,427.7507601
785.9761428,146.9658551
544.3924323,463.4215918
421.6509004,351.2579485
460.2600453,249.4139642
779.8354237,297.5344362
637.3009113,481.0894912
963.3238733,482.4637213
572.7181134,488.8343597
798.1042538,380.945681
433.4368524,649.9558168
441.6743436,567.6417498
392.782424,367.1113427
723.7765178,456.5279178
476.424583,826.611452
423.080133,387.0961818
606.1640441,689.0272266
848.8223643,314.509454
624.8828342,436.404469
514.0898696,501.2694579
556.180197,442.1104532
783.4541738,484.1962182
547.7674916,347.5974719
804.8983107,600.1063371
615.6099676,535.59038
553.9044057,440.0126483
773.8861128,418.7112253
536.5474501,358.8031971
674.7073167,551.7496601
746.7317268,368.9806316
705.9103386,751.0571085
788.2769818,575.6010308
812.5495027,300.9331129
932.6170866,878.6108459
576.753836,521.4633816
487.6454484,677.2041718
851.0033279,457.9494098
394.3869007,823.5176166
615.8531641,528.6555451
855.4667192,973.6217902
596.7700886,202.2299961
596.2001783,249.2279462
495.9743219,598.88014
615.0746177,777.3388723
551.5672235,554.9806219
559.7156096,318.3273239
569.9139232,490.5226661
588.0237633,558.9974639
507.7372935,811.269184
697.8800303,511.2556301
966.2104872,909.7716363
951.2284352,898.3920325
603.0612139,568.6322017
190.6061494,537.7192331
662.5455441,415.2088943
585.9018685,392.0629207
694.1482808,556.1698997
523.4334151,748.9226767
328.0310184,599.3705185
836.3315559,726.9591277
354.4387968,459.2613135
361.0396628,998.1425579
753.9434154,556.7855786
855.3238035,593.5045711
493.2485706,558.1832934
523.3771925,397.7925567
513.1515092,552.7376048
515.2843548,483.4196984
448.4351285,639.948897
883.5236917,682.0153979
688.7541542,393.7471528
654.7721995,454.0552564
599.0182855,583.2105489
810.7291843,581.906355
803.8986943,442.5229186
483.3548593,357.93955
529.5031258,339.7991571
283.0340329,634.1594628
784.7277421,472.0621167
948.7264654,888.6085933
557.7034934,553.3006104
631.433425,982.7301701
176.0739375,705.524611
566.4600955,433.7945142
724.2637497,165.4917604
695.3862999,507.9823583
230.5042178,717.3786513
610.3284509,538.2582944
717.2011639,211.702911
763.5686577,290.3185165
679.2541205,570.5315986
715.2201925,950.0361474
442.5551332,211.5626715
670.1986836,436.2966986
354.9199166,304.5536196
401.0254731,408.1129678
553.199789,468.9752807
553.9060236,801.8214671
942.0335581,486.4800201
591.2824226,708.0785076
746.1538018,612.0671033
695.8566336,380.3259904
735.0887055,441.9352165
906.9486352,861.2356274
455.6143989,530.1711012
460.2451545,501.8808954
230.2081694,784.3049644
478.3510097,278.5383359
80.78481731,618.4404369
703.4457756,475.3323798
441.4870401,635.7850459
565.5278172,503.2242235
836.9232931,546.5366036
733.664057,428.6161205
512.8595206,450.0315612
785.6969926,460.8966331
529.1439637,514.9058896
635.0729683,432.7885381
225.2915823,812.2045179
587.7891807,558.0590795
705.5747113,498.2767695
659.7080369,498.440431
790.2510471,161.0692643
410.9054471,608.2743686
625.7733462,246.9621339
613.8986636,889.5880759
570.375643,239.7334271
551.6932111,457.5149849
452.8094297,835.9765756
498.173472,626.4289902
432.0068408,441.3986207
799.8542529,331.8381209
247.2682227,697.044697
773.4448566,282.9568203
435.4430063,319.4556543
776.1616644,778.368145
783.74805,309.0003943
940.7273769,729.1751709
500.5127365,538.9694373
395.7859772,652.7482794
876.2419834,770.3924205
684.3462963,425.9634168
575.6641557,967.2634374
467.3526224,752.1746995
854.5286884,738.056184
909.6436162,405.0565324
448.620889,273.5390443
243.6025381,687.6606228
850.9173537,528.4358672
706.5716012,517.6908513
557.910871,461.7357718
589.1334578,475.1177373
569.5433459,422.1509584
710.5270873,458.9350979
699.7720314,162.3272411
699.8645821,196.8018583
972.6527377,570.9424761
464.6088194,628.9631422
762.3685997,324.793071
679.4003021,621.6589877
505.0085911,361.0420564
538.1142654,388.2525517
514.1681737,426.1062054
634.236926,510.5958442
413.8370031,526.9090494
607.5966623,493.4741308
411.8854388,726.4842733
396.4342216,417.3300376
594.0792872,731.5486074
594.0218063,540.6406108
633.8306048,467.1314196
516.1056711,605.6368548
931.4272904,454.7268891
372.0206425,600.802144
437.0650254,739.8064407
501.8819116,442.1255385
407.6316123,423.038738
541.6742163,458.8385474
231.0591175,765.8756096
741.45806,293.865435
651.8904993,544.433826
644.5410333,607.9563016
606.5530476,535.0841012
805.105179,798.5308742
722.3836882,483.9870917
210.6599435,666.5048926
187.1548234,550.7048842
491.9138661,414.5360706
487.1127352,404.8384424
614.170608,842.4425316
446.8618566,639.7764392
767.2029279,351.2636107
617.4072907,466.2499082
876.3010223,431.2826977
665.7925635,11.34721831
148.6781977,662.840864
276.9368926,679.6519486
740.9365972,745.2091924
744.4962635,254.4744956
395.6315712,444.8635936
779.01595,298.2351741
764.5941158,946.9607403
654.5288982,627.9646462
765.0092307,538.1016532
484.5829612,424.2626786
569.6469973,383.538879
790.0599235,387.1252242
541.4412966,196.9157506
666.857226,394.8489063
580.7875213,334.3031978
741.9053683,443.982312
706.589623,439.9684369
380.9647878,825.367119
457.4314965,436.4609451
505.7630485,443.4200795
698.1904452,198.0115702
971.6392192,915.8948915
694.9303327,472.4007851
799.9770795,570.84369
780.2707025,431.6718456
742.4774059,624.755017
784.3599662,662.0031253
585.0424264,788.9463235
453.70132,579.5366585
873.9643794,434.0994807
779.5221025,654.7130741
714.9621052,547.2243872
633.842889,779.7151713
374.4526674,938.2159969
603.3070619,494.5013559
369.4481287,345.9925738
737.5083714,680.2195927
567.6896654,408.3543962
421.5750681,437.0763524
588.3156919,472.7825993
741.8561568,879.5254113
765.6935636,451.8633038
442.8507172,627.5803039
517.3012049,346.5706647
636.7083951,453.5775186
788.002281,583.9269362
538.445788,399.518096
721.9538473,208.124777
319.4363726,357.4789869
431.925181,398.6148759
691.2594797,545.8359702
703.763576,413.113722
457.7653861,426.1522972
650.7432781,571.6027216
373.7523202,775.9590845
488.9468508,606.2833731
812.2720454,439.0408546
960.8881931,919.4383207
917.6024366,855.708599
782.4379738,556.838461
310.1832955,402.06936
733.4948951,300.0652243
707.48015,295.567594
581.4759739,384.9387458
548.4018189,434.3857682
413.3687667,457.2388518
513.9611705,700.5656027
558.5332737,692.0462621
654.8490954,410.946069
800.2334141,567.9966526
537.8913078,536.4129498
958.4016234,882.6051852
578.5330176,393.7246501
934.5828826,875.7940001
756.5847655,553.945102
651.3376969,516.7036798
757.2469569,360.4570287
623.3487817,934.6923959
625.0593366,446.7397565
549.825254,508.396349
507.3483499,701.0133369
468.54528,340.6949598
724.7377537,306.7168849
574.8611908,982.47982
757.7884189,495.419536
767.3065793,309.8341006
412.8676476,350.2958078
650.1838093,290.7119267
523.1850353,566.3351322
572.8084769,517.9553883
786.521365,294.4755144
841.0931379,352.541562
486.408448,578.1918678
438.1684131,935.9385467
703.0962612,426.1834917
442.4849038,582.3761113
627.1760331,477.0702464
924.2101188,439.262998
440.1878099,302.9115722
903.1684082,425.2189273
792.4204456,938.5332072
451.2194093,231.6507679
238.0391147,667.334044
616.9332717,726.5340842
432.7223934,899.4356384
914.1100636,445.295344
481.3197477,874.1505737
645.7429789,477.6540414
549.8405643,387.6480091
633.5134786,473.0884434
618.5710805,548.7419909
537.8163893,508.2818298
628.1514856,742.6312052
546.661722,261.2717445
790.9846964,452.03806
336.2571843,523.1812528
931.3472935,521.3890831
484.5473222,353.7211032
418.673848,477.6137999
704.3346248,194.2476691
746.0188408,522.7571077
787.9602601,296.2755193
666.3126181,354.5553945
413.038772,314.3584541
693.0610423,435.3395932
451.5178097,565.613396
162.6468061,540.0754949
484.6406369,224.6641998
700.2797119,432.5230818
855.9550597,530.7191259
941.5010395,895.7258106
585.5875288,481.3437067
944.4238169,466.043289
670.0200539,237.9898565
667.3874226,373.0841622
740.518621,198.9151664
588.176791,910.0566493
644.8066109,633.8876756
744.2696806,781.1147665
453.6367981,383.4629299
455.607328,997.8275623
427.0936393,350.7361247
587.4986901,236.6553665
772.6156005,545.8506377
799.9935283,548.9581168
657.5976473,590.2868351
588.4357322,462.8642693
617.1008607,705.0155742
502.4072544,702.6425346
920.9660657,501.7787036
687.5569425,619.9119487
383.8317171,315.2726017
504.5420774,220.0249092
817.9403485,391.3619113
657.0083969,560.6440662
658.7507709,699.8604354
569.7198034,506.1471473
518.2108474,403.6866482
470.451273,600.592328
370.2907624,546.7249407
425.7946637,553.6583339
831.6570267,242.5438166
201.8688709,523.6018042
572.6092338,523.9010667
878.972109,721.1145129
486.1362489,246.7399697
455.4005495,352.1163304
811.3271085,374.492303
539.3936461,660.6934781
512.5654048,428.2866872
688.2437172,392.5448791
762.8991108,300.699666
795.5230661,539.7371399
593.2829288,292.5230262
775.9630055,649.5885657
153.9878931,718.2345677
448.0443722,742.842233
644.2226637,471.5920052
518.7260482,200.7841837
737.7475531,464.578693
600.6844527,678.8243643
668.5448755,377.6324393
722.8151321,730.2947259
488.0387365,428.5287007
462.1114187,454.7844099
824.3581505,406.5681813
754.8731918,548.0473541
771.4892625,479.0809449
495.9738725,437.7137401
556.6749193,580.5038555
509.5369087,506.0360965
602.2059364,571.9123476
588.5929845,545.1668657
872.4068521,742.5510146
731.6629216,558.4544329
437.8561106,302.1074516
461.0955333,625.7645659
351.1304915,582.6389142
406.4356739,605.3184117
966.1476133,586.3271169
581.8602585,232.1431523
330.5969407,787.4347582
621.977764,663.3685799
524.3560008,486.9723627
492.0679425,583.7270239
841.885047,361.2050911
436.0751015,559.2522226
654.8436724,803.8672881
773.9641771,466.5885557
671.6016551,254.337432
609.8188528,741.3605459
985.3832071,606.5848295
247.2653314,694.252506
580.0853764,605.9777588
849.2136899,272.2446913
922.5032491,658.7188006
747.175305,537.8547297
763.1976011,333.2131032
714.7625774,277.9097863
511.7066517,617.0660397
756.6683577,364.7790044
490.381851,396.4490615
797.9741315,811.053455
932.275467,892.1333434
940.8751913,867.797131
746.2388322,512.8744227
446.6059864,384.8942001
562.8127921,703.6958352
458.3451387,476.0096121
820.6775601,422.9749073
693.2003028,528.2779933
613.4187722,246.094705
932.6013419,860.9228256
718.0687705,359.9316529
381.6921901,579.8838724
185.8215271,764.7247556
290.0902519,585.8070272
649.2832302,564.596597
455.6188332,264.5353634
658.356599,476.98314
546.0946281,365.5017435
475.862163,826.7728779
590.5112617,639.0266217
581.648851,628.4528309
609.5220853,532.4398177
829.6546479,237.8141601
441.8582016,764.2485849
476.4717122,347.5008797
604.6755778,276.114378
367.1887711,439.5382117
581.0592261,550.9862616
757.2898766,370.9838501
322.3912086,561.9513106
511.7251379,184.553363
738.9868905,583.0404103
575.4755489,983.1521005
436.1215866,633.8169082
868.7925812,438.5604215
447.2294527,748.4237316
746.2084813,311.6145697
644.1349368,535.1315511
386.6044928,488.4587092
694.1466329,191.9806658
379.6948898,830.4676622
594.3094056,746.370953
233.0789937,397.4491037
515.7321426,670.6731105
911.3920273,861.1102643
567.3058153,574.3385828
470.4508086,383.2843919
879.5229789,874.3631059
745.9110547,472.5579068
503.6381576,502.326791
626.6364886,439.3115553
683.1576236,14.84121272
430.3945292,457.2721148
636.5830817,301.2968957
701.4739724,430.7484211
787.1402022,292.0340266
553.9519993,735.9067504
602.4591699,632.8329334
493.2731839,557.3742837
710.9479548,546.3749061
535.8808394,409.0611306
640.4655968,571.1035259
573.4308946,377.3864978
462.9487344,409.8451722
436.8058145,501.6971758
515.7149897,375.6722203
797.5631812,528.6286756
620.1922457,441.9979189
456.9661064,808.430734
485.6812105,750.5056781
233.6274966,526.5958506
578.6114564,597.0339388
622.4329073,750.1072951
489.8891961,417.0100483
488.1109883,384.1236142
402.4201602,335.0484814
664.4788319,569.2155161
637.0884702,226.9205055
708.561546,149.4525363
777.4641454,297.0096037
522.3879727,582.4753362
519.9664343,561.9192594
709.9569672,207.2176498
801.3679766,670.07703
658.6315096,563.9513532
716.6099061,956.4834661
820.3948295,414.0606729
811.7248009,448.6190118
826.1926257,235.6263655
724.3396269,478.728215
821.8667271,375.7564643
791.9672798,672.6955513
585.8415263,459.3863841
898.9692762,850.7828538
465.0897744,672.1298713
464.3219242,418.7543084
402.2768849,951.2129933
890.5895133,921.3707926
528.132962,393.6265118
969.0443841,914.5245895
810.409811,205.815213
569.1269127,388.4198487
952.8291817,564.0242727
449.4049933,364.1359963
597.0517705,496.2556451
635.1202324,598.2329948
568.1457076,492.680102
493.2829063,434.1454681
864.7785656,591.4502672
795.689951,456.8727707
657.2490467,584.7250185
515.4341767,767.2872397
204.3200711,736.1421614
153.2151292,721.1557156
641.9996044,609.6663167
793.5807599,302.678167
646.4082413,598.2993328
224.7675278,388.6336555
679.9702424,385.0219451
693.7189492,438.4325302
524.4223802,559.8466107
591.799526,543.1760582
539.887095,408.2225561
591.4952982,607.7322151
522.4459929,310.2293495
292.5746044,660.2540387
384.6116867,775.0699677
349.602626,426.8971628
765.4092151,153.1839893
506.6327973,211.7693534
214.2565522,537.3010428
560.9411648,489.0442175
354.086481,469.8018831
694.3888707,398.0236427
311.1482166,718.9084361
487.5781402,463.6682228
575.2525014,979.603197
487.3296256,600.5396337
297.31785,621.0094189
487.550381,355.5459718
539.9529651,638.3394231
579.4971897,590.4605466
600.5879321,409.5733015
629.1443308,743.0516102
364.5776521,454.4237612
511.736748,199.7248448
825.5001284,891.6922952
710.3366378,517.0322564
710.2035344,618.186514
303.5288885,669.4644433
407.1754952,411.9300229
601.7311684,571.242073
417.9536214,603.7638886
490.1171572,798.1003356
575.147292,980.2434472
536.173592,477.1316117
576.4541624,483.6416746
845.6681054,411.1035459
463.5601712,674.7146073
982.2191658,590.1640211
703.7716955,535.3773254
483.0275762,213.604648
699.7815591,625.4898745
837.4673018,731.6202942
598.2313499,797.1366279
725.2560406,207.1842823
469.6229009,326.4335096
279.1569108,294.0849457
503.6939158,206.4974598
399.4875106,445.422692
326.0387516,364.3623393
780.3503998,550.0338783
784.4814745,284.7725165
640.4649077,659.9058636
323.7869593,700.6601682
812.0631097,305.2310608
470.7106936,710.0833558
603.8519396,191.211438
451.4248845,800.1187439
693.5160957,477.6255004
576.6195941,980.0355116
521.2460248,606.3643994
547.5822254,442.9103323
558.9555793,559.8917624
182.5350936,537.6144296
348.3126688,661.7580195
761.2686276,501.982732
748.767887,699.3764503
356.3174501,294.5021123
766.0366962,469.4745392
452.9132608,331.2018824
420.3388467,385.5208066
480.293211,607.6312978
559.7839964,240.0468766
473.4459127,657.2507154
768.6345274,548.3315522
399.1976793,490.9778803
785.6131607,273.3636195
505.5911751,583.8320573
601.7496845,794.3915525
590.3308193,423.9163213
474.4752808,306.9768879
819.7365331,318.8037454
524.6717188,633.4256918
561.6822594,693.2812347
621.9540196,473.4108354
443.2694724,491.309779
686.6056239,386.1483951
651.3422809,879.0976725
526.1520356,563.3803244
257.0127413,662.0604998
705.1582631,229.2054983
724.663045,501.7632422
576.6774046,339.0369913
800.2710606,422.589374
553.4450229,539.397803
342.0703656,477.6143222
272.4673292,425.7759781
463.6676127,835.6601592
298.8927249,690.5417797
176.5561808,479.602309
497.285297,350.4592603
472.8360639,676.9448374
497.3947159,440.8542524
497.3973525,424.7774821
505.3141671,391.246431
522.0674459,551.3131459
600.1032619,344.0234959
750.0430732,548.1139845
779.4981035,280.1323065
735.2491337,527.8236566
763.8348346,537.4927647
644.2784518,624.6647138
508.2950096,498.175121
712.2055536,383.5668558
584.0222565,298.9512689
756.5920461,358.2666013
598.1669479,243.582596
445.2209768,285.6652896
479.8581568,275.0727571
587.7503657,906.3204952
599.488814,402.8488676
844.3445316,505.3454922
578.4019365,182.2001935
577.0589328,190.3396004
817.0604728,409.339165
826.0934985,685.5721156
688.7563115,626.683331
83.00201917,606.2384304
358.2686998,550.8190064
928.6481029,521.9022569
181.7161443,537.4041539
866.0346963,979.669535
881.3293803,927.7301274
895.7413422,842.7331859
330.3474524,604.5955055
612.8752728,600.4558285
441.379254,236.7718497
754.5824766,486.2240078
563.6404003,585.4082682
608.7641673,294.8684023
815.4395023,633.6548137
969.087948,595.038848
460.052398,546.1047696
438.8280727,375.807508
638.346114,560.1995914
915.8679425,871.9475056
705.0449492,550.5725217
534.1372071,375.6549202
229.5177244,410.9413679
982.7764175,601.8180029
447.7885919,529.902072
539.0855533,352.0993437
646.9251949,495.4973447
540.641193,468.6938197
763.9606874,349.5933984
308.8095663,655.3008807
772.4206718,956.5413212
434.285029,577.4760446
591.7210422,986.2685848
280.5259061,678.2255675
796.1929126,598.5785582
619.5160324,744.8970801
426.9990362,533.1362932
651.4673248,607.6707872
743.7344955,583.0935225
221.0928847,659.8043404
449.7638107,706.6654777
978.3073035,911.3312366
595.2489644,287.4774339
381.8990285,828.3696065
577.3922231,807.9691471
427.7181692,398.1823523
767.8974476,448.5275176
342.6633762,545.1807183
567.0820637,389.7910492
401.5481793,439.3624945
860.338619,675.5653212
501.0937326,743.0127059
413.216443,658.6943339
567.0772099,421.1685715
720.6807884,382.7503034
592.7329877,343.3837054
686.5410571,543.1915405
170.5496737,680.2543391
760.1784829,419.0871683
759.3512493,568.9307956
277.5542468,680.0914507
485.3312017,690.2704105
601.4263563,532.804478
717.3307768,203.8974086
847.0140604,411.4932997
561.1444377,358.5013646
654.5580805,373.3562419
705.9817965,274.4691965
427.0544348,722.2037927
675.6634891,429.892254
156.1696356,719.2434689
512.2909286,433.38161
541.0148713,537.8434053
512.2902095,651.3882572
166.2633541,550.2999824
544.3545611,326.8016383
702.7886178,230.1537029
789.1986987,440.8896048
598.4839243,308.4850685
702.0850347,332.6629682
874.9213757,444.545234
428.3472982,649.9363855
455.5640488,225.7446415
630.3148769,555.7301051
844.7917651,722.1136148
504.1951247,199.8953176
764.482255,298.5179514
546.3967137,909.0633976
290.9911606,673.6823677
505.0605441,677.7748872
634.2195335,439.050612
1000.0,935.8310896
661.679885,372.0971787
399.7346021,930.3317874
488.7164478,504.2269401
904.4853306,425.1947113
915.0351361,849.1008782
576.1993259,294.526182
612.3099316,717.3082181
425.2035108,620.6337685
749.3391756,683.6649462
458.9536693,254.8357711
607.5375785,492.2606789
671.3020563,525.6289461
483.8580007,425.6383504
225.6476283,518.2234355
833.8993512,473.8732581
795.5829739,668.4300307
643.3858274,402.7058075
418.414742,854.8082414
786.0147331,339.0731377
673.7280141,560.3429232
631.1427547,708.8907768
483.8757978,396.8811671
345.6489975,473.3534191
692.282436,572.91076
584.3515021,821.0342366
451.2982827,250.5025545
450.4260021,518.7290666
516.1714213,413.9548247
650.3540349,201.3823118
870.0801265,714.9440167
227.6758188,542.6630933
348.9659018,520.3413194
722.2546296,577.731263
910.1399414,609.4019678
430.6883454,658.2379078
961.9467735,582.8783785
559.5893973,569.7726087
565.431776,586.6664747
600.8947216,581.6015764
395.2037377,369.6295318
958.5354459,556.2137558
587.7965811,374.0848521
456.3754928,510.7212073
494.0904254,573.9294604
951.098283,482.7127969
266.1891173,725.360247
476.9812354,464.6027627
876.1456875,433.1500226
406.8479575,458.4529515
463.3374083,543.7390847
641.9934024,475.7916475
483.7172722,377.2616779
545.5592033,365.1210994
649.3142552,656.6936436
837.6410479,422.3595208
589.394736,705.8574081
394.9388642,318.2939146
616.442025,526.7680159
490.4458186,248.3969562
524.0695401,801.564619
375.7620395,457.9082907
448.0176916,826.3091807
675.9300555,533.0993529
765.3639135,460.9204939
827.0591238,353.6336834
628.4944535,590.7380168
526.7594576,803.3938753
893.5323498,527.6805964
881.3744872,544.6372276
880.6692713,438.6610254
751.7129556,494.9496334
550.7761233,443.9671013
635.5855026,231.2100122
779.0897149,415.6581329
521.1147939,387.1323072
320.172239,818.654323
550.4673563,301.4722369
836.9089116,216.6632982
719.0378862,512.9939355
463.4835449,635.1432496
702.0100114,127.3220873
707.5041791,208.7147984
785.2477667,293.827053
315.8307305,630.4043371
547.9715286,444.7282641
664.8227886,462.3604142
526.9806624,543.347931
574.6665467,386.9148023
786.8311806,152.4346106
641.2015531,537.3124717
520.1028634,758.0072586
559.3301265,367.97733
737.112252,294.8153946
380.0299329,302.262463
210.4872162,784.7331838
580.176504,741.4110672
747.2151386,440.6793501
710.7647559,540.3947529
562.2495182,479.1519213
583.6283393,464.7250962
540.2584813,541.7709888
392.341048,758.6000588
906.891409,466.976847
134.9690098,496.010414
645.192094,522.0071022
388.0838208,389.8174381
649.7241419,209.2554685
665.9129932,491.4412222
555.5992908,449.973936
666.1177792,356.0561577
757.4052279,520.3356989
291.045915,664.4148602
856.0904252,736.7539959
339.1790178,833.0649762
563.1487191,334.282889
539.8474861,538.1364624
586.3880818,470.9288345
922.8277608,458.129849
391.7303152,313.3629041
583.4662632,476.7330406
641.3846321,566.6280012
511.5125769,535.5751066
710.1800596,548.181994
650.5170248,858.4556175
710.4508805,803.9829146
520.8880912,632.4609602
712.9122676,156.4420713
641.5314878,476.8009665
604.5364971,258.1358497
379.3558169,944.9516925
273.1354679,816.5609685
420.9649196,930.1315408
776.8399001,298.1030832
216.7441256,801.0993757
636.4311026,711.5052865
708.2167056,495.9247074
323.8741619,655.8173975
666.5342873,382.1823878
529.5741492,336.3595284
720.6794102,365.4357189
581.6059463,468.0187813
497.1314752,419.1108619
849.1318204,477.3523969
591.3921412,568.1282003
712.1053927,206.7065654
560.4485398,396.9297036
464.8852131,541.5884392
754.9036176,537.5618607
950.8319413,868.5152316
824.6170618,385.8245196
837.2006156,725.2419669
222.7660928,645.1384062
646.3616364,506.7247368
548.9126305,392.3825339
555.7715238,561.6563104
452.9498736,414.8460726
913.7830651,635.3283273
699.9396952,235.8393573
717.3737714,454.723755
507.5966399,952.8022629
455.4766514,283.5625747
776.6782285,644.9141525
755.7417272,344.4009641
583.1393696,476.6901665
466.3061464,542.9308062
545.0335159,573.6166795
463.2785642,264.3356391
588.3950896,698.6847177
727.9309175,339.437798
441.6916463,422.7696461
601.1332292,925.5840995
453.7658268,233.7744393
572.0192942,557.8751927
506.1585387,697.8560051
693.8294618,541.5388581
530.4572608,548.2432339
968.6390067,966.8877452
537.2740435,352.4908108
710.807346,404.6334738
809.1067757,294.5528843
474.4593563,229.9474806
627.0637228,719.0343006
371.4699674,339.2548515
696.8747362,557.3819935
548.3332973,550.1946774
719.6673149,536.037968
712.2915278,410.358137
439.2983914,584.0903052
627.2010059,563.8987634
584.8452506,508.8760926
718.6856902,792.4181496
729.8732986,505.6137274
148.0399154,718.7558065
773.6822106,310.0787466
552.4402681,692.9222366
872.9112969,411.0829028
798.9016459,598.8705288
718.2366141,510.3359248
281.5131335,376.6668301
796.3119941,60.56457556
647.9434024,611.4460128
556.7133148,314.3658923
875.8175055,434.5977363
181.5850782,759.3446737
212.4088341,520.0886083
587.9610841,513.6656518
306.0655086,643.2596106
495.0454143,249.9083126
355.6234996,813.9234756
607.5669706,677.0120529
391.5446146,436.7728693
651.0231174,507.8651021
677.3195593,435.3788528
340.1188912,277.3746113
635.0900613,621.6134809
698.3679064,567.3477107
647.6071308,823.2866142
892.2683092,530.3612143
549.0438613,758.6339486
529.2978154,556.3640871
531.7125227,457.1076176
555.6627191,765.4964072
557.3425786,695.2733167
668.5147044,177.9941995
437.4138058,316.8463471
480.252119,306.7297764
232.5154352,507.4221734
872.8598082,615.2311003
950.6339565,561.1133211
682.4687965,474.0240489
422.0575062,654.934319
497.0358685,457.8179457
688.4917974,412.7311557
458.1941184,916.5743594
897.848496,541.89514
355.8367348,583.0992474
729.4325517,340.3887187
501.5005632,468.4885377
574.8202036,520.612229
158.8435687,686.0459463
561.8560954,436.6902342
609.6370471,554.1963923
758.7485013,174.5633045
544.89457,365.4697132
756.3069037,326.2436263
652.6674877,605.416759
694.0622467,144.6417281
678.7545894,556.8345329
690.9181747,255.5951789
613.9307822,909.968331
738.2912322,922.8297264
638.002412,628.0306707
438.9967103,405.1354484
812.5332337,643.4254241
569.3142912,248.6175534
639.0884071,939.5092633
861.783042,668.956284
520.3262554,586.2907198
596.4900096,274.9146742
938.8438998,602.1930892
415.8286557,251.1354709
819.6806701,580.3892528
716.1298349,269.4239385
440.046512,336.8508264
817.7488504,389.2262885
431.7989987,410.6031592
283.1744769,349.559822
526.8150958,467.1140777
445.7255713,889.3149934
709.6587616,230.1312002
597.8088046,498.7594592
716.4775966,195.3561503
543.3472596,298.7093181
530.8194639,411.0547588
661.7930791,358.2140742
645.0512456,403.3582178
720.6232476,510.3225945
887.3444415,434.9116664
423.0938403,353.4537455
773.2217342,539.8733678
606.3947467,146.6273748
793.4184441,571.0333225
787.4116523,535.9619561
677.7095216,560.4909143
107.3865806,625.1291005
917.7246791,856.8557548
559.5972771,473.0625768
404.6094531,269.157521
621.041456,277.8168713
454.0188656,533.5732671
646.8843725,516.3293874
784.2579477,663.2675791
640.5824312,628.6249544
536.1118416,604.8229559
710.0736069,321.4676064
249.3890987,434.1760149
664.2168497,357.3546476
522.0713109,307.0588545
570.6672122,329.5567845
502.1883266,738.1621367
456.432734,545.149085
629.4882724,550.9054234
540.0909972,878.6913916
799.0637219,824.5226733
679.839431,620.4572572
740.5064716,514.9970913
600.2686037,642.3841166
450.3106957,835.2888337
574.08994,369.6997143
800.5494317,367.8830361
704.6250555,236.5229413
817.6870551,295.4753477
505.9824706,441.0726349
450.5995384,403.8701798
593.0479118,275.3222296
629.3220317,946.1140381
463.6841663,644.4897776
590.9516041,540.0131686
234.9966866,327.3877734
756.8562605,762.2898912
145.5886104,705.2033472
494.921524,596.0989182
524.0580349,546.6593967
457.4536679,621.7254928
622.1457425,570.5355266
669.9296754,562.2215725
923.1481079,854.5768629
444.4659051,624.923902
503.5328584,408.9400717
410.1970403,716.5821152
504.4485829,696.7938037
885.7845473,605.1570276
479.7689319,677.9367936
524.7953245,760.0302008
896.6758076,567.0610471
710.7186004,547.3518606
623.9176733,573.3213032
543.9390118,469.3814362
451.8624704,872.8773027
703.2239566,205.2296839
351.8244419,273.4064101
608.8663356,545.0213191
944.5177608,891.3109616
785.4536164,383.8615009
650.8758722,562.0324414
225.5871662,542.4663778
513.6660659,630.36046
954.997981,591.8603089
481.1547804,839.7294447
638.0427251,198.8815273
716.1349433,621.9908238
329.5439481,311.7420013
369.3486269,544.7167704
508.8590176,312.4275911
209.9135307,532.2918893
559.8220624,566.8286657
483.6588924,600.8746248
655.5897107,505.2768559
524.4620191,476.0421856
395.2361859,822.7855589
675.5525421,249.4010309
521.2045582,575.0218325
507.7895911,544.0048962
506.5824472,837.0036753
626.1150258,467.6229056
774.3764607,502.8173576
573.2685189,716.3472684
570.3176378,641.1108456
767.2972463,352.8925577
647.3470811,290.9309569
492.8878506,656.0085135
457.9287954,768.8042374
826.2026628,121.1965338
827.2126159,400.1179165
633.8327171,566.6829729
586.9448391,348.5726713
193.6862839,504.4390335
734.9879904,441.4663377
556.9949667,272.7175609
504.1383778,669.1633838
464.535399,402.0902956
832.379006,405.4572973
239.4821895,780.4875959
296.9763053,386.8530401
528.8459529,393.2948428
505.6462141,446.7823173
463.7770466,738.9790861
453.0082833,753.2500849
556.1185814,257.812016
557.6883629,368.5938238
857.6720714,530.1628481
721.3014533,538.6584533
960.9389177,651.1498375
769.5388966,701.7277393
772.6101176,640.7362189
526.0198609,814.2975381
562.0148008,991.7120169
704.2392128,253.3546063
497.3731138,788.9210211
446.6560219,724.2351551
377.7089448,935.9279744
645.0979404,68.05541658
655.903661,387.8905031
521.124052,404.2228679
770.9268575,706.9131533
722.8161957,516.1295586
526.4203097,486.0458878
478.9171449,414.1764248
505.4204102,703.1512789
917.1961604,514.5171178
719.9367425,379.8323315
399.2871589,370.951987
224.7615205,545.0142361
604.9822925,279.3513154
870.5300714,531.0892395
365.0037178,527.38288
558.4574115,559.0131761
615.137192,709.5769098
427.6578569,519.9383398
557.7125717,488.2970117
515.215968,483.3017108
165.4142786,542.7339862
630.7456016,459.6244486
755.1123286,358.9978442
500.7206385,713.3734889
270.6871739,710.1839388
911.0922188,589.6136145
789.2463073,650.4156068
425.2882865,239.2547909
776.3907042,577.1258638
486.0809252,350.6565818
438.5706445,877.9512062
629.9987993,440.5796864
672.801024,890.0975097
607.0347067,569.8777466
438.5514393,631.5767326
587.2642423,476.0960081
836.3323798,377.6087456
585.4270406,533.405009
583.8745469,461.4765836
461.7995957,657.7264265
538.1538893,368.7696247
426.4106397,840.1815249
461.379702,942.4112723
753.5380679,384.4109464
464.4516869,437.945432
727.4824106,525.4872858
599.4796308,883.7511709
711.9005768,541.4981778
724.7870551,205.2258812
561.0688751,518.1510174
632.9273442,429.7294491
458.5983873,632.4304343
487.1224127,632.2991374
619.7720673,602.2463267
788.408737,679.9169244
517.7974253,480.7932165
535.2742264,483.5761097
500.4835991,617.1676882
204.1790729,495.6754647
451.5387976,496.9015783
591.4334429,336.5828419
706.5778631,459.5159468
616.4577697,636.4950606
600.0099172,665.9333832
589.9404825,527.3107127
435.2381604,387.3178028
847.8707161,582.2714332
646.3897551,473.4393764
565.9347676,217.3350563
374.7451804,523.0792908
810.8087767,442.2559579
853.3678349,726.7062077
907.4112089,857.809538
770.5861966,668.3226781
561.6425157,655.532489
632.0288924,627.3535221
641.750116,495.4884857
829.2081785,511.065914
881.2715399,539.3612388
579.0397693,597.292918
485.5984871,416.6499011
484.2353943,494.7648064
588.1560877,699.1191217
333.1272839,546.2221721
598.9011066,581.0977631
520.5244799,392.7469226
862.8384166,584.6784252
926.8966657,738.086501
777.3331992,533.9590093
634.741206,415.2034619
462.5860669,402.7258656
455.2769439,496.576491
631.2523084,428.6100195
802.2434031,422.3250042
529.3244361,474.0261174
457.6316535,507.0179401
567.1528474,391.4195992
422.222908,956.6435757
498.1708654,571.3887478
519.7172455,423.7950116
842.0609053,177.3179284
415.9981622,570.6522606
857.5824869,723.4323718
554.3412426,567.9843671
385.6683196,426.8102027
675.4934133,381.7422798
493.951854,571.2267578
815.4557863,195.3542072
552.4834124,397.2282348
771.943462,352.740555
600.2821313,532.6017033
715.9688674,528.3102116
562.1178979,571.0076022
515.1932273,621.3903973
377.3397607,241.834784
422.4014329,328.028128
652.9336496,907.086589
598.764228,542.864719
500.1922397,546.3356048
894.0839238,540.5937668
307.7549558,663.8235643
340.0591932,988.654683
364.2212765,371.608994
557.3004979,417.1067659
821.8012915,502.2990231
392.8669151,852.1091743
724.8169865,209.4012239
493.5681237,557.4153192
385.8951872,895.9580874
527.8543961,471.903219
872.7619694,786.7861505
171.6914718,742.2563695
436.5419147,560.6141044
677.2095411,409.5426502
323.6586947,666.359158
582.51848,474.3087694
848.9228698,632.215353
214.295547,537.8111661
816.6342722,304.2264428
404.8141192,989.903947
481.621324,511.9998481
884.8268019,586.5967311
810.6698607,348.6246761
259.5722819,732.2407161
499.8223215,637.0013603
496.3796694,636.6100185
784.9810805,671.7328046
918.0085032,631.1852446
415.049585,432.9782751
778.2402499,769.7900091
597.2104909,675.2500121
630.0031587,479.0460313
570.0741267,797.4964199
329.145312,880.8371688
410.3991148,492.559252
570.3101325,765.8783676
338.1259503,612.7079175
745.8352824,535.0691621
374.0301671,338.3874225
658.7538119,385.4444187
336.1865953,320.4776977
445.3252274,232.6098581
756.1833579,540.1751794
489.2070654,209.9936272
207.381285,520.3973149
336.7366412,344.5204351
642.8773679,624.7734663
540.0324826,469.9423733
630.7769113,324.3344302
594.8963939,543.7172506
443.1093588,549.2890545
616.8044079,562.70351
481.863352,586.1252405
844.9910981,405.2805771
646.8170793,354.2075537
443.8923994,431.5301435
582.6694254,377.5023959
603.7001253,372.4958751
724.0860638,387.228398
610.4581387,634.7092426
613.6792414,703.9441168
538.1426837,622.3129651
426.9855985,585.1456116
705.8569624,542.3650008
763.5799682,933.8567883
725.7232433,504.2384108
842.4223294,220.4101082
497.8446609,599.0686442
519.0642373,473.2421803
518.8660877,486.8990671
670.3211657,532.2382548
845.7199985,247.8756965
792.4026935,330.7378927
725.695574,315.3828167
177.3183533,703.9012844
424.2956061,506.4584865
540.8755808,460.8484937
606.8675372,509.14882
277.6561454,623.1452297
465.4289372,672.3091823
767.6798082,473.6654896
790.2994348,653.676593
880.6311454,681.1319643
814.449099,317.2166279
558.9619012,286.3125183
573.2386774,386.6003081
423.6803642,546.1566908
747.1724437,390.1911664
747.6385528,521.5625229
536.7928787,477.6093077
394.7104836,418.9676346
485.545081,407.1145345
586.8667148,391.9797841
803.0320614,419.6057118
686.4249867,406.5838935
758.7853088,478.9245544
386.2162832,486.4744415
780.7748776,331.9066736
515.4456519,496.0334181
272.0553153,675.2822931
774.5344919,953.7164522
401.0430155,920.7155407
830.786379,738.0438775
463.1495205,275.1818856
787.9449648,454.697199
780.1890128,295.9698632
492.4297411,394.068542
590.4176324,173.0633144
398.5871563,823.3062126
601.8516731,719.2094955
665.6722985,585.7207983
697.2489688,571.3807036
640.1853231,532.5521222
170.3135031,551.0442421
568.1460821,350.3707749
444.7771439,815.9259627
261.0261128,752.7862415
548.0845729,611.1287397
786.2348593,435.0773755
594.5291274,311.8589441
404.2980495,447.0600174
637.428352,291.9392104
884.2332071,639.8681005
688.2104751,542.6613174
723.7072171,206.1885861
590.0031617,314.0437092
918.1530369,668.3941978
759.8368034,839.0367093
832.0557377,470.2127188
737.1400861,90.6282928
787.4965629,430.2036768
379.1654423,247.7318632
474.0722403,832.5818896
605.3699178,287.0801165
751.0741041,559.5582548
265.0716777,726.1881448
443.1458518,493.6001834
489.5313224,240.265071
657.0205313,512.3299708
441.7696508,442.1290069
648.5534609,547.3196005
474.9838752,922.3815951
747.0747246,448.8537333
910.8984136,467.3008896
731.7792766,581.3683593
596.7043983,674.4299704
685.7424515,530.636637
454.4031503,364.7822221
703.7549321,421.2769688
668.3877431,580.111887
392.1725751,488.9192723
664.7186578,554.4634574
716.7407474,614.8063492
724.210748,324.9757041
656.3519281,516.6442159
676.6754796,433.4369787
691.3807334,270.4993657
541.8146752,632.4586828
767.3845987,472.2584562
439.5225475,483.6466683
897.7587017,481.6057991
631.2930259,572.3001373
641.8423521,584.4734148
491.8950054,846.1103837
956.2001363,881.6099068
220.21993,652.0343158
721.7847154,541.5681304
704.9510203,725.6644614
647.8882285,479.9012164
227.9251424,545.5445011
842.3732827,621.2244584
672.0323649,398.0858855
912.7094141,471.0763242
491.7562543,261.3585584
543.0969473,546.5525874
328.2317297,969.0068409
287.1953087,541.9637136
834.3281584,244.6239036
892.1946642,643.6292436
839.7727549,619.5440081
776.0514814,482.9423994
663.4334495,485.6547968
487.5390406,499.5052651
901.6901288,844.4302468
561.4949559,709.8648688
709.3454405,457.2491525
458.3678045,242.6345586
759.4970563,871.4214404
804.6466052,420.1260104
930.2940911,879.6865238
450.8292073,369.0076474
469.9020061,795.1005016
634.7902528,604.225559
491.9042036,271.0084651
699.2803951,538.9683091
420.5434829,274.2031134
688.0560092,467.9055576
489.8036863,222.0610773
647.5112844,269.456512
555.340829,461.6030958
788.608879,556.6087122
703.0259269,146.1900039
928.8469716,896.3060536
708.8849342,499.9246254
608.3019831,565.4241813
580.47047,184.3175342
665.0741046,417.2086652
795.4996663,275.1069185
569.9174587,216.6564659
80.59547639,608.9593107
335.6599192,345.7483874
408.6631226,400.32627
399.0037542,433.903392
805.9340006,435.420933
433.7275227,956.5658506
845.359668,263.4932828
499.4871436,341.8119658
636.2694909,534.0254309
529.2586409,346.8013955
704.7879405,550.2707937
461.8360137,645.4029432
568.3246669,514.4017002
442.7586759,234.7834032
748.5105937,442.2833498
711.6673724,537.6851762
432.0535655,762.1724887
509.4409874,346.6209144
368.3202626,338.8570326
552.6717347,648.6539212
68.56473991,598.1015726
568.8181158,507.2978341
620.4292701,728.2798696
640.2386094,481.3062649
576.7202194,780.2984857
731.6623973,440.667754
619.5616935,283.1651737
395.637219,655.1053352
513.9910869,243.7477619
647.0885294,263.7150709
571.8278111,525.5485674
451.233626,266.7241192
451.7733053,492.2802355
434.2026203,547.8226198
763.7412203,68.88853783
553.7425543,550.4798784
692.9886556,196.9498703
684.6472284,333.9279652
310.9340976,400.3767077
582.6064166,505.4623306
909.6267179,864.5460485
623.2510477,474.2697188
321.4787198,444.8327334
468.7408978,348.8226871
385.3293516,783.6191239
698.9885863,144.479947
429.2975533,359.4005522
400.7622774,363.2739998
892.0447974,841.0316955
344.3780958,590.7284684
784.0515737,664.3478118
916.7917117,463.5411882
613.7780241,692.8560449
393.4837899,587.6879749
377.8806385,337.9265043
492.935609,684.112179
594.3079375,195.9501624
507.6372225,894.1844715
476.9044444,260.5440118
539.5491906,361.7014244
520.9505906,397.4125812
961.6284039,580.7996288
590.4105166,392.4827826
794.1661902,539.0085715
581.9745162,337.1198973
510.4373979,428.9405811
867.8545953,429.61984
723.2778556,790.4203844
485.1299511,802.7813722
823.2274381,839.5503427
714.32231,541.8203191
224.083929,417.2241267
636.2756929,622.4190014
899.9265122,707.4440242
728.7886368,307.1682964
818.7845553,576.4837541
275.3944209,645.7967295
761.7422571,369.4574083
584.1626256,504.4563963
639.085366,484.8903536
499.448074,413.2370584
631.6758724,511.9187799
594.7792449,493.02671
774.7375851,318.2030891
638.8102157,300.7422267
500.2081642,476.936296
553.38519,746.2483061
610.9963199,554.7853271
558.7915408,286.856427
652.1663087,585.1452564
749.4026937,579.3004953
762.8848492,873.6444412
242.225633,670.3795102
274.1447019,625.2080792
825.8833794,234.8884784
794.1610968,650.383493
527.6957057,464.633623
913.2894963,466.6680568
479.1247473,663.0818119
430.7236549,774.2120664
444.2982412,539.8915037
702.7161861,499.8405695
402.0018844,328.1004834
568.1527934,382.4274308
699.8195951,441.0072999
513.2448539,717.3086778
363.3816089,588.9286724
550.3874942,748.5457726
601.8736048,285.5590444
654.8223099,579.0259084
542.1149781,571.2996982
726.1838396,519.5457653
555.1413761,201.0855565
863.6321833,736.7305948
585.1198167,296.8503299
478.3322538,669.8526301
475.2288843,374.4539628
454.4938284,642.1808195
445.5470015,780.7174491
714.9973847,186.8709503
499.0643886,382.8055677
779.3882801,423.785108
495.6051378,977.444403
767.1450425,303.0651837
831.7291587,720.3841058
548.5832051,392.7181936
767.2705957,309.1131584
740.8597762,421.1446063
603.3273158,721.3758949
584.0142119,371.3007471
706.0259895,291.5474507
547.8567166,451.9325461
809.3063484,508.3660529
825.8121013,306.7100108
680.7670352,563.6712921
267.9957584,642.965279
698.7043577,486.990227
492.6989741,579.7412092
678.1291307,16.3933748
296.1427048,649.9177482
402.7374362,445.6818384
559.5859817,428.5671662
560.0857974,432.0756401
428.21788,498.5906996
529.0240583,711.867356
469.6865838,323.1193276
448.3814677,851.2950455
455.8530562,332.5217467
417.8752275,846.1385277
674.4799548,385.4706196
339.4027844,512.4727385
482.3217311,407.9121362
514.8819286,437.2871296
397.0442652,428.1899069
697.7490541,762.7863081
409.4760946,825.7523806
819.9032982,268.6984205
497.1398345,216.1371076
430.0558158,419.5785916
621.4295008,645.504738
631.0539791,525.4288457
501.9424635,539.5542352
752.8521771,243.5708746
385.1666763,246.4925865
935.0437635,523.6970174
763.8545342,136.1680614
787.5454299,409.2835665
424.4929917,484.0125195
517.9088217,395.5903035
777.5681863,456.4325165
442.3621071,816.9952053
465.6396556,737.519839
401.9784097,655.4637273
860.085745,620.4247464
590.0750091,314.8936082
591.5775272,564.5525318
595.9268406,575.8411429
511.8808322,206.3771321
633.6271521,224.2170088
812.0356052,648.3306725
429.4861302,729.5112484
770.8964467,456.1313317
680.7810871,520.0992642
836.2432897,729.2555913
426.1910677,524.6553764
504.2112439,619.0877074
495.0087865,434.1595923
575.5557105,865.069502
435.8075314,559.2695645
547.9191112,551.7855975
467.3084743,321.3079356
909.6687238,587.2903023
458.3899909,976.9797447
493.0147071,209.3028975
727.0559104,347.8613612
626.9531803,565.4962651
832.9379206,725.818073
734.8609991,529.2208699
896.0911713,540.1846861
614.1865175,228.4093174
478.4676194,357.3743087
873.2497256,529.6084717
470.2199113,721.3096405
562.9718121,559.1239553
478.5306281,606.511513
454.3898774,499.7490753
505.6771342,695.5666454
477.3721864,373.2063494
451.3264913,385.0399347
572.9049975,627.9678012
469.4507428,501.5749259
532.088538,506.7489946
788.3202161,169.7175827
552.9604425,414.6106408
927.320784,451.6860405
809.4109885,420.6937798
558.6691186,464.5272524
787.2097126,288.3991241
611.7067042,633.0215421
414.7790187,493.9332522
524.8159828,676.7435461
590.3440772,543.4555343
490.6065314,426.189739
184.9020424,512.1538566
960.9740024,928.6008993
760.073723,276.2897819
576.5728394,412.7875273
817.5275706,628.5419641
830.2025217,352.1408598
987.1599318,984.8182385
574.1189426,459.6647528
401.9557139,432.2263892
550.2518141,514.2214699
564.1826862,317.9368388
443.9132226,389.7080797
635.5020152,559.3348787
727.2166083,312.0621368
657.0776227,502.425201
440.6514622,493.8427192
668.4252098,855.3475325
764.40858,348.0336519
834.7559769,435.1595718
836.2908833,238.5514204
592.9628364,344.5950888
625.8849524,535.9468917
336.9758529,612.3568173
339.5742234,510.158933
747.4365532,886.1912797
521.1338194,579.0106141
883.9352412,546.6484275
705.4221929,548.9045659
575.8036559,736.0138314
681.6207697,630.8845195
536.8214619,407.3751643
438.3644653,760.3963446
954.2417258,609.0459366
363.4766613,640.2442106
701.9387933,559.2162225
832.4191543,317.0409315
578.5991573,618.9382119
466.5697017,697.3426642
769.5539972,768.9857214
599.06137,315.7105785
457.7099575,511.3447633
477.3557976,772.7902819
784.3972381,565.3026627
457.4022991,797.9826615
620.1610858,627.4738288
476.3346539,709.3460328
693.6811679,300.0125927
658.9790166,584.6022671
474.5277132,412.4134856
762.0934793,55.89444562
592.5313027,688.893694
601.2136905,560.7063508
746.3469178,537.1229645
503.6556251,471.7562726
439.6641,519.7520084
179.212227,703.7540873
406.647411,924.7971746
205.5659101,536.3976973
719.9903135,654.4889249
433.3302648,367.8216917
745.2858506,881.9223952
452.115629,340.698679
811.7926034,596.563869
509.4623498,506.2536432
751.3081025,506.765041
780.7795366,312.6698134
225.463216,520.3909214
954.9357063,899.6584295
600.0554735,495.4379435
527.0528244,481.4102327
586.7030358,464.0750051
667.6082229,633.2499328
408.267977,269.1820086
514.7129314,734.497168
447.7934906,373.4712416
513.1127092,673.0135974
260.9879569,675.2971486
222.7120125,776.3759376
579.6531836,918.7023141
779.8593178,300.7700365
905.0983104,440.5155841
383.1024572,614.6060817
784.5323789,332.8701307
787.0134506,290.5087131
563.2974773,761.5983258
470.4286672,536.0288582
730.0871779,468.3131965
292.3351531,627.5145301
941.6256939,882.4395179
508.7830355,698.7049639
961.0027504,922.2818061
462.7338813,640.5280744
766.294469,373.3349511
608.2460602,388.5733558
308.6301576,643.1113269
768.0112109,260.2259657
780.6727243,306.1960222
392.4181086,340.2563144
435.5926334,498.6027344
814.5127969,849.7767315
641.1191743,624.7652341
632.0629285,842.5352794
730.2624669,581.3172739
416.0918514,265.5492373
470.4964098,407.8181975
516.5176101,585.7365105
764.6367209,534.5357422
674.9220948,523.9199548
162.5662849,708.5655014
638.3190139,526.4440359
705.4776514,580.5259194
971.2857348,545.4968631
779.5813662,315.825829
906.2656057,956.3931629
425.5385089,641.1340169
481.161297,795.9338527
736.149563,842.6642362
474.8231923,373.5956227
675.4531452,331.1935457
349.5326662,281.6110058
489.8363442,219.1370879
635.4170148,783.3176675
480.2023232,604.7128453
667.6158181,533.3239617
552.979438,249.0694664
497.148718,382.5614439
701.8265879,501.5508353
650.9367986,305.7204364
723.7540917,509.7197444
847.8844833,313.7251407
566.2681629,189.0704455
772.1537759,300.1482983
82.28742534,619.2169149
948.7108406,894.2183404
780.2802602,314.3214929
463.2978443,258.3370993
526.4152013,773.2131943
634.2301398,566.6009019
238.7939767,526.2445624
784.3257802,533.4958972
698.712612,491.1090728
936.6445399,527.6193148
171.4224037,759.1730307
505.3605923,436.0052712
796.976088,360.8337238
906.005481,413.8698912
585.6186137,774.1598527
758.5821407,366.2976737
314.5190963,521.4781118
424.8569925,918.7746695
674.5125228,558.7960681
527.5894776,329.4453785
857.8843028,620.756875
770.6830767,354.6695376
705.1816779,501.8934735
556.2595347,401.1927378
706.8500173,277.1654639
534.7629205,337.2318048
432.9051278,562.9755897
622.8156339,591.7924875
506.0026496,539.4270544
716.6638515,466.4962049
509.1018845,725.7190361
713.3818823,541.8940953
402.3649264,406.4203155
677.2046574,148.9742761
393.9235929,245.6903673
378.2162958,506.8217887
598.584235,186.9194449
445.1013859,794.0848935
402.2381149,601.218433
478.5449946,270.2569552
419.683861,869.1295734
716.4866899,474.4476508
780.2349287,154.5447219
505.4585061,551.9228492
424.2614352,611.323742
468.9144042,271.5976925
942.2184198,479.8317026
489.0109532,475.0849758
341.9117201,516.090132
490.7644878,377.4519582
521.9656222,347.569516
790.4237745,290.170191
440.7889999,563.2901465
484.2964555,395.1138402
218.913599,655.3328901
450.014962,213.3974855
571.0923641,595.0923572
761.9715815,876.2432805
464.7311667,508.1677285
400.2077222,326.8675375
539.0978824,388.963423
808.26949,680.5837097
640.7672929,503.8187579
433.9523079,388.7263615
856.0226376,260.1236276
369.7300502,542.9538103
547.5618217,402.3274826
366.4074833,867.790257
497.889543,324.3467575
422.3699285,553.6356014
967.4818383,565.3495694
570.2682315,372.0615547
802.437433,456.1663707
617.2281516,550.2510908
247.1750129,434.0510697
440.4795289,439.2956968
505.6332109,448.2562319
381.813309,601.8127585
484.0641949,631.5362821
410.4675915,232.5502062
547.5775365,774.3703164
650.044384,354.7083166
784.3623181,679.6750154
605.3555663,290.218226
544.5952259,485.5070564
803.4430267,555.3967437
683.0055247,393.7884391
733.0427329,463.0023777
47.99135554,626.4547524
649.7516464,885.7297137
741.0128638,698.2288767
939.4993049,489.3154823
287.2277119,682.7104944
738.3250586,749.0013002
778.4455453,496.2560421
747.630628,715.7928083
853.4181999,407.2470851
527.9852824,710.2180375
429.7144958,642.9371976
479.5870813,611.7510212
572.0376606,359.8280194
573.1299475,413.1410512
565.7877172,509.83418
908.6123006,642.2774117
779.1378928,593.0319523
373.0203937,793.5173957
693.1190925,541.9959528
705.3951527,571.5082188
653.787399,497.1397473
900.4730677,442.1053551
666.5107377,406.9054707
543.3016135,742.2884416
699.7174417,517.0513116
670.5892601,554.9887496
500.6616746,445.0016392
746.4824332,348.5720445
656.8116705,575.5000091
791.0422822,337.47012
342.9904945,805.4217902
212.8742541,688.858864
401.0572471,397.8608378
376.4800939,968.5670254
515.9684929,494.2997721
638.683539,788.3851357
807.3785135,826.8074363
417.0869586,661.5086306
597.527722,526.4565931
669.4959245,303.9864561
379.2397016,247.8383174
752.8805505,303.1120277
481.1673642,589.3026305
485.0548379,704.1839364
583.2140034,649.6770929
494.5086413,573.0322577
606.6088507,397.3633553
555.7160953,311.7933792
796.8809008,609.9162489
699.6498039,230.4687821
795.1861954,489.5508723
647.1691554,578.9396377
516.1573844,633.5434077
892.8487061,416.9841609
775.7360181,422.9986636
728.7174635,478.3493259
694.719045,380.4238154
657.6759214,361.0565149
457.3625853,339.1098273
548.4511204,448.8420118
469.3751802,797.0495632
473.7286882,338.2194987
782.8462575,588.3728125
556.0639319,763.7212451
867.8581907,622.2066781
327.6112445,646.2063116
849.9572114,282.0667424
962.3655287,557.2762915
631.9216606,918.5117622
518.893742,501.2414392
278.0754249,600.9430521
462.4544915,649.7853439
464.6410129,539.2914742
432.1980843,456.0099385
491.3462778,571.2397955
271.7409905,710.2497962
558.2095111,715.5464281
610.0888647,553.2210466
636.6537306,564.3527031
373.7724693,813.7329655
494.9685035,381.554653
603.1238182,667.164177
420.271928,244.6544504
648.6183873,928.946003
526.2118684,579.6972068
700.7252826,202.5579668
724.6593747,407.7878805
660.7259297,418.9764518
554.6128874,199.9441048
581.0844685,366.9873587
391.2879055,321.9155704
496.8512315,975.2576739
564.2661736,662.647199
656.55992,549.8481947
762.7622323,529.900505
757.5744048,525.1822774
783.9747827,508.1982753
807.1608441,331.6586219
834.6182595,215.884898
394.2857661,660.0162876
565.3731266,192.1997169
937.7911469,863.9223463
753.4960621,278.0000686
522.4403452,547.6777628
517.8358508,466.3485063
595.9899842,384.9850675
476.1700761,405.621105
828.1814021,350.1285525
613.6667326,723.0327561
832.4958254,382.5878956
147.9217028,494.366904
638.4346798,474.9453213
826.7618919,399.4378845
570.0295741,474.7942797
941.2770783,865.0873245
602.2559719,188.5840994
913.8941769,509.4656125
292.7883788,832.9773683
338.7625996,561.9775115
595.4469792,574.0486598
463.3650777,692.1926026
668.3121955,708.0179573
395.4464399,922.5095491
447.1470439,338.0130884
774.8359483,357.5479366
73.4286999,604.3348338
658.7618266,489.9052529
771.1515828,666.0829831
653.0811944,607.134672
396.2478168,369.7647568
641.7243342,802.3014405
415.8158322,340.3855638
504.4276699,187.9438493
542.1419733,330.1378006
587.8918433,392.6974878
577.4540784,342.2888052
758.7377302,178.7206368
531.6557609,175.7221608
447.3743309,575.729131
446.1699285,886.1302697
810.5495359,247.0894819
573.231187,803.195718
208.6484265,395.9620886
469.5212719,670.2783213
621.6381069,568.1338625
726.115977,315.8433798
537.5970571,423.7596384
695.2537208,416.0459227
572.1441882,354.8859978
546.6176638,433.9406875
427.5644973,665.4745543
501.070183,659.0085356
678.9796893,336.4842856
746.0013283,266.5388952
333.3707801,563.4381376
522.5789166,187.6609675
801.4128138,336.7136374
630.980379,525.2226443
365.3140128,352.5941936
622.0054933,470.2815013
676.8570455,850.7989838
206.6509015,362.4424455
381.6761608,725.7021539
503.105684,537.5754626
504.3601819,408.1122366
562.1031569,638.5056754
631.9660633,439.3123701
481.6674495,365.3367866
459.5414216,861.3298378
638.5181223,871.1314756
629.7976985,619.1564899
435.8764276,571.6314298
575.3237196,303.495597
508.4808451,191.0700493
445.08663,496.6620931
717.5232787,463.9934773
554.1488006,313.175152
272.7030353,706.4113249
706.0323863,134.5729416
784.8925896,621.2904412
320.0233759,433.6880809
543.1821275,519.3274246
763.5922224,541.8679571
487.526352,488.6058228
915.2518018,469.4012645
614.2240441,290.3642322
445.88946,334.2119544
434.3769056,641.4717241
632.7235169,594.2290234
602.872622,719.005488
629.4855759,555.7100679
206.0874478,704.0125233
174.7984966,482.6796383
782.4603399,542.7481731
499.5273068,555.6608211
491.9215812,726.3923821
433.9339865,542.4153759
733.7511248,255.2725779
509.4652111,432.030969
515.9890314,690.0595707
275.5803463,597.0131912
762.7578879,458.4519068
745.8631315,389.7982785
252.8300281,739.6098087
184.450884,732.8113061
484.8152218,600.0802407
706.3182478,405.7157332
737.5820914,449.2686851
582.8077421,672.0524387
666.8345902,869.1202339
703.8179409,318.8113925
440.4167747,564.4133579
452.6247178,866.0500294
667.353716,563.3214664
755.4911752,700.6532106
489.6262401,582.6759798
396.719319,401.8228544
357.3872211,379.7529558
857.769341,524.6102248
670.0942533,477.505716
509.8739442,229.0950952
181.0544023,685.5384765
573.9411968,391.9393336
212.3932991,513.587279
835.7291674,537.9645478
551.9781138,320.2788927
496.754636,767.5293158
521.1191833,608.6295431
641.9930278,483.3223749
825.5190341,350.201096
271.2947907,706.8545252
552.7165269,565.8982836
467.5078673,767.8379806
615.4842946,543.1567523
614.6665737,521.7690795
535.6675743,476.1253222
501.3448689,582.4186094
813.6714065,416.189547
512.0674616,501.7204934
497.1890011,469.6518444
638.0548894,535.2846821
409.4766639,716.0052779
708.2474909,432.1602602
451.7771703,455.8713914
643.1623605,154.8300483
421.149272,695.9222169
774.2394173,285.3104703
459.7701768,610.3633354
454.8244372,532.5363891
907.0544138,855.0553738
580.7957008,751.9823925
520.8256217,809.960874
168.1246148,747.3284971
788.3378933,558.7461109
429.3784789,502.7492855
389.0192151,663.1614801
550.6393795,433.3036968
668.8039066,471.0596718
575.8207788,991.0182368
405.5611612,415.4823738
877.7791219,673.063283
801.6122667,344.1045849
772.4990058,595.7091017
865.4199488,262.7281919
826.5978833,579.9536579
961.8705667,586.2260533
426.1787087,585.5817916
639.0803026,519.6320151
737.7662939,456.508779
519.728511,676.0400294
475.9558822,226.6934938
641.8550407,591.7804526
687.5833685,155.6952416
675.7563244,401.039168
661.5820311,359.983198
644.0512396,613.0293067
490.1687957,798.6041281
706.6739942,461.7555791
340.472855,275.8564435
752.6944304,510.8016904
674.9710217,557.0907124
571.8671653,985.4963692
676.2242013,375.5774459
386.1628022,336.1165121
481.8099309,520.3094145
546.6032974,691.8165342
429.3630638,655.5408465
487.5229663,585.5722849
486.6382967,435.5946862
640.4466163,522.0285393
716.8131791,524.5056093
231.4180847,650.5709108
486.5392894,297.0144929
596.2632919,507.5834321
595.2928279,755.1674087
560.5337949,448.8972761
608.0834299,619.2024982
898.5642583,681.6588444
507.4358371,416.1392973
703.6349068,504.7282671
675.8192283,368.2703871
586.814582,637.1817577
800.0552188,611.5774978
469.1062768,601.487295
470.0594981,627.3516207
709.8917563,384.9418381
804.4324862,644.6984653
442.2436697,384.1298405
523.2825296,382.2002938
793.5815239,311.7737599
792.3722827,362.692712
414.7605625,880.2162037
783.5428295,476.9745944
500.0037077,699.5941433
184.0310652,747.8453273
310.5388471,711.9039202
505.5656629,454.0785739
498.2428776,424.664133
520.8178917,568.5199181
960.0219197,903.5280535
212.1746859,516.9623038
489.8169442,670.459262
395.8589781,368.7457012
610.0327021,487.0445719
493.1785209,689.3519587
554.8198456,668.8257184
679.8625312,376.9253706
442.5446168,258.2357223
591.4486483,707.8171465
290.8934266,667.3832072
840.3972699,186.0399811
822.7613739,257.7076512
791.4383266,677.1356191
169.9341322,531.372957
88.12213396,535.3420357
547.3776941,360.9778078
721.9924376,485.1918727
817.8113498,513.7643334
730.3819379,170.5338426
408.6735941,224.880096
811.9601774,545.0725091
744.986911,447.6751323
751.6426812,141.7777041
795.9216573,188.816836
240.1513769,713.6945647
831.3256089,237.9465227
542.413708,559.0571785
566.1311794,191.1118161
355.156222,996.0399057
440.3763119,498.254434
446.8061434,643.8496737
434.5934964,812.4246973
604.3500475,624.3966876
419.4797192,373.5853847
952.0054985,914.4265973
550.5571206,473.7879903
805.1857002,334.8059874
713.5146711,434.4343464
465.2944106,485.921444
531.4755731,345.9404018
329.0398929,837.2583086
353.8817399,935.7922062
598.1916211,672.4258953
689.862875,552.9592467
573.0075103,505.1620233
598.2916622,306.4855482
735.9510839,434.2295867
414.4222536,442.4374837
561.608929,508.2300131
457.7929356,397.1695022
917.2638431,856.3431869
344.8258237,272.2703281
714.5556791,860.5985113
512.8831152,353.221991
426.9103805,296.9482385
621.7639446,742.7702746
751.7876044,623.7007553
329.2533677,322.9618716
392.8202203,764.2430898
524.4706929,556.8919701
167.036058,672.8607381
437.4487108,887.4407526
723.0924696,422.6052115
344.2155104,661.9731008
752.0203294,486.4921803
563.7893682,402.5855216
569.2975278,665.1964363
910.046342,457.4111634
879.6383602,599.730227
642.8520505,563.0677942
394.1131736,487.147683
526.8978641,711.1473331
544.6278389,447.1462045
758.6166113,276.7714268
591.5588163,812.3878614
537.097541,315.1920768
390.4510393,483.7202773
409.6374516,350.7718741
566.4161721,485.4888996
750.2165047,467.3216581
641.4490341,510.9031509
808.6345994,323.9497327
614.3219429,591.231425
625.5153039,531.457598
958.1221437,925.9832973
527.0935719,392.2009664
787.013945,690.2914715
420.094242,524.49347
673.7462006,483.7039383
857.9588767,252.2185034
703.8710774,516.0894216
576.9682546,304.7557049
495.9852129,405.9133681
838.0735404,722.2212599
782.8728332,475.6677052
467.861037,362.5617912
696.6642126,487.6236239
443.1523234,897.698524
582.0271134,532.6746437
671.4992022,411.473555
740.6514397,490.0769167
598.1775543,552.0596621
746.2231624,349.6172801
492.7445453,299.4264994
872.6930732,523.1085422
393.2026773,997.0417865
522.0529746,397.3750977
875.1755381,719.5794211
62.41167667,631.3281794
476.7301291,406.185406
734.4206417,552.8305615
524.8045676,491.4124096
607.907991,591.8606641
768.5128992,700.6624457
608.3553443,488.6654747
504.494334,414.0694483
958.0695465,870.5057884
813.5576282,631.4737469
437.7387669,741.709494
625.9644099,550.8242508
541.6066534,801.1330984
539.9760953,465.1513725
344.977608,995.7240116
812.8502401,609.1321655
475.5090382,619.491272
548.6886991,994.5188754
910.8059978,731.1868096
402.2188348,370.188296
751.7066637,68.58037448
547.989026,433.6239368
510.551341,419.4424473
775.7907126,485.9233454
430.0691336,534.0844142
264.7175193,519.3275708
879.0699329,596.5574337
561.7226324,726.1412172
676.4753825,225.8000102
518.1093232,541.1908293
674.2041753,687.9872563
455.5033021,557.7169427
763.535895,228.9913782
270.5832529,657.2646307
534.7628156,425.9727773
496.1405776,549.7276163
795.5229313,570.1124471
725.4736501,282.4461538
700.173364,470.8659649
483.7179013,663.8580601
524.3980965,634.0132686
501.0840551,537.0317838
631.6537909,609.7723321
715.4365586,199.3919222
599.2677439,560.2796148
613.8427257,560.5072742
425.4145437,641.6629028
207.5848875,363.9499575
943.0243059,523.2566587
565.4477305,396.9791802
525.5071918,460.742541
483.9567684,326.9039345
616.0888403,835.8626205
392.094346,658.8755671
648.5531613,628.3799323
496.1172377,444.8408193
289.7543699,671.2912341
467.3132831,964.5655821
677.5240157,386.5931833
535.7861914,490.4581041
919.6266423,869.6981159
654.9311297,535.2778498
723.055707,527.4932204
500.9626965,477.3694672
500.0253848,670.8115949
529.7592206,713.6139771
407.9578467,730.9610724
868.9130709,718.3153016
641.2510044,592.9045834
605.2633302,575.1311491
916.8602484,472.3532307
748.5837894,715.4238648
524.39152,198.9209958
221.5162839,381.2006695
730.9956068,567.750753
550.4801348,465.2975458
901.05697,857.509962
318.0692798,543.1422728
834.6212556,546.958513
528.4784167,933.8871888
502.145362,424.2626159
359.5075278,266.2158972
846.6594075,635.8054383
824.6811342,679.5389129
478.8224819,741.5472324
877.9594145,868.6864149
585.2787318,459.6105124
693.2921045,937.6139825
282.0300721,701.5477598
436.5751419,647.0091785
443.5692659,356.4222597
572.6806467,478.2325711
660.962325,464.8965511
751.8236629,627.8024264
440.0470663,214.872027
407.2465187,805.6846139
645.2585034,470.4620033
821.019719,578.019807
408.9390819,450.4667591
444.8191947,367.3190903
510.4141778,562.2406695
759.7935691,313.0635162
737.4210789,480.0038261
718.2585309,395.5396777
478.9673602,875.5707703
797.8680532,613.7611555
527.3019982,543.3489548
373.4829375,346.0441398
449.6841135,543.1956984
388.2858654,794.4514134
764.6096808,313.963059
974.4721573,608.8500568
873.1567555,689.7368234
566.0566056,449.6805655
440.2108502,364.0425172
793.5543639,500.4676356
591.2234886,379.2116798
656.3084242,626.2379787
224.446222,560.9223931
540.818834,671.3160351
805.3757902,323.3728536
468.3877281,351.050389
496.128608,561.6943999
524.8475621,710.128779
722.2311249,495.9865323
191.3968901,756.6656438
709.3160334,157.1297504
793.5162231,443.0990455
213.0958634,517.2684822
607.2029998,367.4972521
476.8004634,515.3922566
870.8560363,715.6019848
915.8052483,509.7141866
657.5838501,494.473588
448.409916,481.9571709
977.9301946,575.8093007
490.9169462,494.4681974
618.5822711,481.0739253
522.9039676,676.6183919
415.3776171,569.3258774
578.5915321,461.9025256
152.1029779,435.3931024
657.4397209,909.9655521
324.2018345,366.8112444
447.7034716,423.5253765
839.100137,70.58524354
696.5873467,367.4550674
585.9604281,654.8040459
595.4271148,405.1306011
809.2417966,820.478335
523.0214911,632.1024845
946.0788684,463.8020061
465.2222786,454.9771556
924.7623819,660.8901727
434.9553849,910.7421555
790.6106136,626.1752554
772.9478123,475.3449788
184.6931816,685.387414
790.4547845,591.99217
706.5269588,230.9800545
500.8344918,278.1965543
408.3755233,614.3594925
747.6755402,312.7138577
602.6891834,666.0738943
767.1923216,469.0847436
332.1922493,320.4650987
533.7726221,433.0225701
739.4973574,581.6436776
488.2456497,585.8164713
701.0229039,197.1552986
484.1136762,406.2145738
734.6466104,507.2386627
942.8260665,476.9616611
730.9688813,432.2308605
589.5184915,386.2032832
588.7007556,727.3490487
760.9030839,532.9646921
761.2863348,553.1889328
659.4507286,417.7343335
677.5672949,879.9379185
505.1783672,441.9542926
501.6684218,502.6890067
475.6653317,407.065622
692.0779197,566.8479298
698.9401537,239.8410095
596.3178516,312.5394567
826.4706224,569.8219182
611.4886453,88.92761726
790.5902848,564.9726026
567.0339008,574.1476757
502.0844954,440.6174625
593.7442292,689.6665992
341.4374765,323.674101
551.7202063,433.1256185
437.7079217,242.3424
786.1220847,909.9767094
398.7038708,522.7882813
632.2431611,633.5498221
967.9074547,584.5940141
822.9678228,506.8060139
841.584085,731.7918536
442.7334034,531.1325524
579.2143692,382.1099697
778.3259095,302.341003
837.8553167,162.2198258
609.5840754,88.61431403
375.7596127,685.5452879
533.8828799,363.3079731
741.2104142,478.1742564
455.924619,503.8121972
818.2108998,382.3510429
559.0092402,518.9881921
430.6307147,542.2304445
487.8600318,761.8609823
488.4628697,677.167127
643.1343316,315.8228203
635.4783158,893.9823444
401.4515389,885.93042
403.2959912,796.5575758
544.0917399,690.5638645
448.2301327,721.7599238
628.2718555,438.9253116
744.3868295,619.6631657
548.3043246,361.2594777
686.3377691,532.4051966
760.0053511,268.3218925
949.6860085,910.7612943
641.8077766,572.1521044
574.7614344,520.8170723
526.8931452,357.1965648
538.7891753,726.8174048
915.5931068,612.1359485
587.5014316,418.5911066
846.3007549,784.9857695
428.5183777,458.1326488
215.8530143,513.2087869
822.4586441,506.9794746
793.4533641,437.5823805
878.2937984,446.5370236
283.443575,673.3788846
516.9912845,549.719802
682.0168441,347.0700695
705.1210661,431.0750129
604.8043968,548.6746082
465.5335773,377.1857915
836.4327954,468.594365
872.3475436,720.9198658
349.6675673,596.3201841
797.9204257,326.6907128
571.0781624,797.4433913
500.9953994,505.0603121
494.3943236,592.1834323
845.7318332,406.4867371
338.8218183,552.3519879
580.3920012,545.6936413
961.0730098,549.4410363
336.6992344,770.673986
531.6557609,175.7221608
641.8234315,595.2460941
775.3923162,486.0525111
725.6292994,505.4054366
832.4796912,59.11450081
578.4401672,991.6609315
509.9173133,355.2227858
623.4892855,449.560405
553.0653673,368.8940266
716.1730093,468.256407
536.3696892,314.0983257
608.214406,510.7438145
325.2168061,329.5368517
596.7052372,415.6834144
701.0977624,260.7696654
705.3341214,531.255659
485.361987,622.8281238
689.1130166,623.1853668
809.4707914,823.6492896
177.7035668,729.5303663
528.4549419,458.6698087
602.5955242,538.22313
535.5557734,370.1714764
385.221985,322.2307541
392.9769183,336.7673972
701.9363214,542.3859365
622.1681086,640.965508
616.0459805,562.8433525
598.3775315,512.7063526
604.0516771,640.2396558
523.8838544,757.9448904
725.8003939,568.3406907
562.7961186,908.9081981
505.2047931,440.699429
231.2863595,511.2790312
633.4522675,564.7128921
824.0358859,252.9442303
413.3856649,598.5278697
617.2050664,735.8339354
665.1274359,354.7458837
606.9764169,719.9394847
557.8592026,499.1105803
413.4977504,301.8357062
790.4885809,364.7065655
274.8999084,346.3923566
564.3618403,635.7878874
602.8791536,538.8141752
845.7758465,616.1551097
451.8018136,264.612796
777.1127883,452.8993461
650.8979387,972.5879417
485.5002138,391.7261537
445.0002813,793.4876847
525.9669641,472.1956911
665.903855,490.9010118
733.2627543,573.5190217
737.6353777,358.4385995
285.7688475,622.9826547
373.6025882,566.9843249
507.9883399,505.9226011
538.1004382,472.3132817
817.3264249,336.552504
701.519304,463.1997618
534.0929242,554.2766873
758.0771417,763.6746309
807.8758125,821.2090972
793.542694,458.5217967
681.1480391,566.6658818
587.1133718,352.3940514
637.5671182,532.3642447
547.240501,344.0110849
722.3095039,612.2526615
621.0586089,717.9746274
744.7396697,511.5332467
599.9925396,579.0471783
497.5776751,547.2406009
631.1635179,313.5215302
575.8914877,526.888657
694.838546,539.0511114
237.4941323,662.3103066
437.6216778,510.534291
552.5879627,705.9420909
541.8035146,699.2666949
332.5888181,320.0823861
605.1707795,828.873399
329.1534315,639.0821158
586.7415362,783.2092493
519.9380309,775.1638438
806.7903118,445.2322237
500.1081381,557.7415766
403.4972118,882.3122117
703.4818491,266.3610259
944.4961736,895.0438981
129.2689476,715.881252
451.1414199,624.214347
431.1516682,896.8049568
511.3648074,421.7818059
740.7408445,421.2619879
503.7356969,312.6690195
740.0571558,469.9706845
269.9544834,300.0951234
611.2042219,496.9340265
779.0866139,491.29975
802.0852969,465.3317491
364.3758472,347.5920813
669.5396532,517.4729703
699.0018292,564.6552669
392.0948703,573.2661226
339.9655789,516.7357936
527.0152378,566.8620332
391.9381274,733.8390954
520.7958251,383.2643547
539.0724152,443.3192876
515.5136492,578.6731158
694.2750025,479.1466769
827.9640323,545.0111647
492.1573323,467.3035849
835.708554,421.7189155
627.4234841,562.226796
622.3370459,527.6660752
609.6103965,550.9374954
541.2518658,331.2186393
405.2779813,857.1348339
433.3761057,678.7156118
402.3005994,884.8582105
421.361039,663.5388021
575.7052478,477.9065017
602.8870634,555.248878
432.5653059,422.5372648
721.4901051,111.8834359
348.6184996,601.6787454
668.0228884,881.1735806
640.1100451,604.7272412
885.8172052,553.2316189
559.887513,349.5487274
467.4725578,541.2703304
592.7797574,615.1938465
839.853366,630.8030126
705.8517791,286.3632068
544.588919,755.8995918
876.324512,554.4620157
493.6662921,727.7764114
529.2147924,491.5584367
337.2706279,989.2520799
438.2409046,414.0190315
711.9189581,533.9951766
633.7469526,451.0136347
519.6310466,333.0919815
530.099507,310.5770231
483.5807831,803.2431889
439.3771599,219.3509782
457.934563,607.9110037
806.6506618,573.2562398
659.4013073,472.4377463
706.6641819,569.3413806
287.8900082,625.202208
490.4350474,709.3724636
355.5395479,986.4203577
629.7820587,566.4285277
406.2616283,986.1978801
636.903998,512.4457854
639.662542,480.3065361
676.7430724,854.2745708
756.8511221,533.267235
280.3330896,717.6664223
466.7364367,378.2311106
660.901818,852.1507948
227.5488575,388.6525226
372.857269,450.1228673
299.7716419,415.2229976
636.2307059,900.464932
578.6211939,249.2203409
511.8865698,729.8905135
618.975589,438.8827926
881.5791234,436.9796348
483.4361296,687.7067773
761.4766944,274.2745912
615.8324458,319.9405169
556.2085854,373.6779445
920.6324307,538.323525
960.1676818,931.8295628
537.8910531,739.5580755
449.354748,518.5300736
552.9738802,281.9727201
644.2592315,614.1131959
554.4893716,711.7904875
799.7507363,455.1846315
755.3373235,414.6657378
729.1552592,529.8836645
459.9467092,628.8542226
466.6081571,932.6413514
692.9793227,581.0004814
622.9081097,451.2488158
472.0819959,405.324684
657.1652447,904.5298507
512.3026285,556.3161984
446.7432544,828.0014988
508.1687224,445.8211795
717.5557718,547.0874907
405.3776628,603.1348375
436.6639924,354.3663052
657.7270805,544.5819007
836.0216953,108.8208367
480.4593319,691.2690737
664.4133214,843.9855422
596.8494413,332.7406724
603.6314538,575.4902934
936.061911,633.6561927
510.175101,219.6663708
228.5451631,772.7785396
512.725054,535.9001313
404.0310187,413.9853088
545.2272761,413.7914139
502.8893779,508.623883
499.1781819,200.4579472
833.1969067,390.3444227
362.9131927,405.7242997
580.0793093,761.4092574
569.6198972,322.57404
204.5512381,754.2326598
399.7131348,441.48065
873.2276291,335.4001248
381.6205225,329.125034
937.3374567,600.2326822
557.3463537,485.9611214
428.6097299,496.0490676
644.848452,272.8870727
665.5590295,413.8475766
467.8760627,538.656552
714.0947982,804.1865251
671.3592825,574.1606717
555.6414765,556.3774173
445.7119988,449.8848446
615.0108149,767.6180729
494.0560896,431.4773239
465.2792951,679.6701681
458.7836085,338.7278251
487.5308312,691.2592118
578.2398005,807.8726176
595.2976816,457.2456214
894.4224873,508.8993475
921.2238833,860.691677
496.6407678,507.486819
715.8996567,482.8975194
655.2398966,666.4940487
725.866983,674.9998083
694.531352,507.6435019
621.3584174,548.0014085
518.4346289,544.1753482
694.3497261,85.03258636
709.4368227,569.1371433
824.9429816,576.2990316
166.2739604,549.8672081
742.4934203,364.2724122
554.6716117,356.4870515
382.1007585,339.0556704
548.1323763,560.0996352
763.3392734,348.3538083
427.4138365,306.9853708
455.1267025,398.1638822
662.1483311,898.434844
899.7561818,537.480709
843.31016,251.6554351
353.4306414,395.9667688
473.6018167,914.7732889
551.3973275,473.790205
441.3842276,770.8869361
553.1413044,460.7790007
708.6082558,394.7079146
538.8286794,371.3701146
645.1378639,493.7898995
505.6016915,385.5889832
782.6785936,624.6598038
708.0434988,463.2274671
773.280878,674.0598568
809.7780154,443.9260658
659.3571442,208.1221653
713.6078959,198.1428463
687.627187,623.038504
642.502551,545.596485
450.5856962,422.1272439
515.8391347,548.3740085
523.7645932,487.9864038
804.2375874,464.0825895
510.4643182,439.3789797
636.4411546,585.6553379
380.6478713,304.0508092
595.423849,469.484819
554.7720572,369.3737494
648.3042572,472.7102648
471.0433847,454.675344
906.0235477,465.7204164
565.3007999,652.5884833
630.0731634,647.9916908
467.5666515,327.7695457
513.0991817,418.574099
644.6173449,803.253782
552.4085839,503.1537068
909.1497778,452.1682078
950.0131118,906.8206312
752.6907002,645.4843038
612.9483186,601.3772889
842.4127418,69.65632401
351.9232995,402.8319854
487.3593772,652.0723426
814.3964868,453.5118284
939.436431,985.8134124
865.0546746,593.9649043
308.8395127,565.5208363
568.4209478,464.1678782
460.8076044,248.7627865
500.9929575,443.4658997
724.5492067,478.2111131
682.9583954,253.2924471
634.1725241,90.18233454
398.2487575,236.0085766
912.3699068,470.9848091
484.5410153,685.2762379
643.0266954,533.5531255
310.0537125,323.3614664
795.1389163,533.3466943
654.0390596,662.9164162
718.3540178,198.2848826
804.021521,348.9411343
572.9918106,717.6658372
741.2682996,580.185496
899.739718,862.2408304
557.9143316,550.0465609
584.3452551,890.0857883
204.8760344,521.7544747
440.2050227,650.5526705
777.7069524,190.0648881
768.663545,196.084865
720.7910613,397.5637273
293.0059883,438.4850365
349.0594712,271.5153916
548.4631648,367.4801191
533.8290543,721.2331481
448.9580594,714.9944545
457.2561775,806.4520031
834.9171841,801.8446383
633.3870266,568.2306637
459.7093701,474.8956149
586.7839165,357.6000667
513.1775307,204.6960341
432.283579,454.018922
401.6618527,855.6486128
795.4235793,331.8840038
802.5743265,199.352391
590.7952806,556.4856266
200.2299985,544.2377163
545.1722671,534.273211
618.3566319,553.8938076
495.9800445,579.537745
396.9589801,410.1017278
512.2062278,555.1076565
310.2932687,645.1816564
746.761014,576.6151973
716.1201274,540.9214241
779.0565477,303.3938439
350.8909802,284.0273583
934.4158179,892.4865539
856.1920392,613.2260849
926.0697017,663.0820208
419.454222,786.0476366
514.9856998,734.1045517
578.9559074,483.2670688
729.7213195,297.0993428
530.8581141,546.3657128
966.7266019,586.9334563
549.0839196,387.1758082
761.6995771,980.1368468
511.564485,988.9689474
448.438634,601.8376431
798.1632777,651.669363
462.5998042,451.8843857
549.9180744,778.1941411
686.5206384,557.2059001
775.5170753,433.1987052
485.3807278,284.3929588
751.2151174,259.1284955
527.640352,569.0963794
473.3088244,448.5909305
616.1828441,399.3998159
736.9723174,170.9717149
952.8453309,637.2249453
396.8964956,316.7099103
503.1485738,743.4947896
536.0951531,353.9450644
497.8775735,270.9600332
570.733277,592.7526642
782.9775932,665.1108551
490.8086359,409.10553
414.0301191,601.7053641
705.0434511,434.484826
342.5255539,936.7872547
469.8870404,209.8602617
706.4495386,287.5205588
562.8247167,389.589737
859.1697058,582.6285299
708.8352132,509.1218251
498.1584015,202.4714036
481.4865278,587.874536
815.5865677,355.8961109
860.095842,718.4721726
567.9674673,485.1201232
757.0921015,510.2730343
274.6815649,605.6759681
518.7364448,346.4524473
610.2140433,699.0069635
210.5808904,784.597729
623.3221909,966.702751
368.4103265,404.3121473
858.9819079,595.1423979
577.2767969,928.1332951
419.9525846,921.1379725
442.5053974,323.5890004
438.3805845,576.1111959
225.0192933,707.0720092
609.1667733,396.1768147
706.7725971,205.1219134
463.120473,960.7633408
622.162416,636.9424187
212.0046401,537.9321414
429.5018,819.8163134
658.1476483,218.7168082
873.0879492,697.7137389
740.1072213,748.9017829
773.5192657,422.0842653
873.0606094,814.8200096
843.9961706,407.4446364
746.8759759,430.8607256
526.4361293,758.5144149
747.0014541,537.7104995
375.9601442,566.3672669
465.322814,645.6767152
399.7464518,443.1649865
798.2363685,649.3814032
625.9186739,851.1516302
661.4970906,872.597158
221.7040668,390.8101675
572.2209643,315.2186538
804.8754502,750.2829706
180.0113269,657.4015898
561.6411674,681.1219352
431.3477055,410.3873257
824.2110402,403.5371945
525.4290525,563.1995508
729.6513896,511.4905605
404.8392269,988.8814857
484.6171621,338.0687705
757.0670987,541.5161883
866.1282807,725.2549211
491.8757403,345.1145099
585.5882778,284.601375
701.9453848,423.366646
776.4520351,631.5503855
477.9926416,745.2217496
468.6199288,423.1172779
664.8088116,552.6110925
449.0127838,429.7197962
596.6300341,546.0724886
285.0017164,701.6085817
421.9110101,941.8353544
790.7348035,533.7973536
653.0136015,570.4734092
414.0682749,745.4872895
488.8867933,357.4302207
208.2319035,528.8366112
547.6970974,450.2787354
619.0144639,438.6395883
757.6767229,259.9168412
643.6014445,480.5320434
853.7004811,265.9382389
506.6549837,502.3560215
629.43584,428.4652043
452.2028766,585.7767938
831.1467695,722.2081804
426.0044084,368.8431083
597.9015051,194.1191928
459.4651849,437.4762816
587.0590069,439.1732171
511.560635,337.7076203
559.0619572,462.967861
754.3108168,358.202102
556.9379502,441.8270073
521.5137297,433.2884652
704.3570659,156.0014409
883.5675102,438.9869276
254.3724698,667.2681239
579.7671267,586.24678
558.5153868,548.5757803
424.5263837,639.1150863
359.5843039,256.5965792
416.9961307,439.7035029
629.403242,557.7876057
728.8306876,284.2568772
294.0846129,677.317709
285.7286244,632.7678281
509.03555,552.7268653
627.2785609,450.2330406
656.4462915,478.595539
725.9967308,327.2417672
383.6715286,426.9062935
650.8109459,537.5292454
733.3923822,454.3456391
620.6413068,549.0663052
426.8230581,513.9647263
436.9378993,328.9857556
643.3841945,277.5537133
602.8263316,340.6735228
566.8194822,504.3579654
812.1486495,628.0200358
555.738806,352.2990889
926.7973587,494.2300911
533.5008274,301.3843364
478.8167443,402.5916644
871.2512718,834.0030682
578.393023,623.5137972
821.4252463,479.3403838
476.0152956,832.5888891
861.2779531,775.8703692
653.1439035,129.4881733
406.2368502,413.6959082
665.3147394,493.9258767
225.515948,656.9092054
420.5535949,551.184795
735.1793986,574.0818392
607.4465259,544.4234626
977.4195629,594.5552808
575.4344418,405.6977019
412.4775505,316.3176701
333.2631738,321.839475
626.1782892,263.9718145
194.2201806,657.7701573
791.8690214,481.9209201
522.070487,386.8877865
636.2108265,854.5696128
392.2950423,310.7145464
167.4523863,531.1836797
175.5136298,524.8711471
494.799791,354.5924602
837.8575787,356.1402137
866.799071,358.6275843
502.090233,538.4291642
628.9859549,435.6364321
519.9653557,582.433653
810.6247689,549.1296762
454.2442052,537.0203548
508.089115,476.9710842
492.3803198,679.743213
556.5058023,393.0665984
962.2529937,565.6602191
926.0476351,461.7539285
730.7182843,517.8127252
596.4853506,753.890147
379.4555583,461.0329446
767.7782313,298.9479677
961.2722829,902.4198229
390.1507364,674.7857717
889.1638012,850.2644774
703.4224357,507.8258007
446.5475018,846.6487764
469.1756824,808.6329238
557.4002692,448.7854731
385.4002252,340.9250429
418.6881546,887.1863909
548.1516864,305.9074782
511.5120826,311.4264415
578.0117645,727.7622872
561.8033034,523.8562285
807.3400881,334.2300485
615.7017543,397.8350548
812.3543044,616.1792212
940.3827611,484.8064857
250.0790344,731.3741438
510.8102523,563.0799544
775.2143456,626.6344394
730.0342361,533.491405
736.254263,572.1065141
487.730314,618.6372569
744.8318009,779.325313
970.9645489,936.5904974
864.9066505,714.1226378
918.5447969,536.1313844
612.0195609,245.1056112
369.8147361,777.2003253
466.4280892,625.9666303
469.3755397,271.8440101
602.9954037,555.214048
565.8334982,563.7913481
247.6171979,744.5274262
587.5969335,821.9846559
588.7013848,546.7677731
566.0168019,580.6256249
499.4080755,596.7929283
726.8624498,514.3275479
520.9918924,407.1237069
469.3927825,496.4870235
437.0922603,507.5683259
233.4148308,518.6048527
649.4623543,868.4511502
918.951927,977.0677287
749.6029256,263.7603897
773.0925258,765.6609044
783.2937756,573.2885208
652.5980971,515.6276885
740.0968546,443.7387733
523.1698448,759.8144927
627.3987959,536.1747809
458.8281311,343.7864552
551.7070982,290.1041247
625.2758825,569.0957526
628.9101826,892.3048192
244.7634815,757.3773509
355.2209685,956.071732
484.8091247,274.0257037
582.7608975,471.6389119
954.532486,907.8010123
519.6770223,501.0441804
807.2471179,614.0987791
535.4596873,413.3031665
483.4553198,588.9409789
306.5699084,410.2305174
194.6469954,758.2100333
502.4193138,484.7492365
517.2433495,452.1773802
417.4376266,240.7069132
642.867181,365.9211248
610.8289107,494.1306991
435.8122353,522.7073804
416.5627394,297.1225976
526.9667304,511.1290552
443.5675132,573.6889722
223.2712266,386.759352
703.1728574,235.5397396
500.1498743,222.6687539
225.2703846,716.9494708
754.4120263,299.1345497
682.0954029,653.311285
850.6056056,725.3972291
728.2491372,296.3714221
791.9232216,441.4224188
710.7186753,331.4649777
747.3838961,428.3347013
560.2189757,835.8132902
561.9680011,731.3716992
654.5053935,578.2995547
457.8041411,447.8807277
216.8186096,655.3566882
366.1876866,587.3066831
417.550581,450.8282854
706.089268,264.6597027
263.8133598,423.6151992
431.4914152,492.1184545
633.1452383,564.9974872
272.8967956,704.5911157
728.1286775,436.3086498
635.3614664,207.1912818
704.3466993,581.8955111
433.78006,492.4891949
920.2736882,499.2603892
541.978549,615.9187794
607.5483047,641.1709363
572.7498725,527.3459188
342.8867682,275.743157
472.0163355,869.139895
901.5530855,429.6672273
836.9351878,236.8029189
721.4739859,307.1228941
654.8841802,406.1447048
638.808463,873.8650175
331.4611617,369.8528035
705.7825983,544.5418054
478.2337858,330.7769433
452.6450316,525.2326734
572.6376072,473.4978165
553.8263713,198.9979478
521.9151822,439.2241772
430.1240678,410.3210505
340.2700014,474.3718897
469.4577537,260.0136633
554.8112617,370.4157255
894.1166416,424.6759171
565.9022146,376.1361891
819.1243772,337.3106163
694.8426357,443.2823473
665.8500144,580.0048896
420.1698795,591.1871301
526.7877711,802.5807703
925.7875254,890.2549657
670.1142375,556.4498145
521.4641436,382.0013217
437.6426808,647.0677858
565.1985717,478.2152919
629.9816164,468.60617
460.5925866,222.1396799
516.0612983,495.0164519
277.2367161,390.800619
655.188408,577.7522822
565.0056204,743.3682983
595.3597766,300.4169513
435.2095473,227.4615725
416.2371341,435.6544844
442.2490029,422.0244462
439.535296,581.488102
603.1532702,344.555892
479.5968787,427.3768229
559.5590015,729.2416969
702.6085948,430.0094267
564.3259166,461.98117
649.6148128,496.1239303
483.0162958,342.6987633
693.6962385,559.2698152
620.3531982,565.9505182
456.9697617,366.2898176
515.2596367,494.7516015
928.5372908,878.6635401
825.3475501,778.533687
682.9451824,161.7084071
539.052446,309.5827058
858.2757632,472.4913599
514.9711985,452.5988926
300.6935235,619.1865771
826.667948,943.3432006
382.1658645,681.2111102
376.9342784,812.1626675
492.4332616,633.9339346
924.7293945,647.678492
767.521702,354.1143045
741.8380451,325.034583
635.2988471,630.8025947
740.5233099,444.6886912
436.7917327,871.5750101
363.8277038,597.8909208
725.6214196,277.3503117
538.6185902,356.4809296
278.9501324,701.8475865
240.456159,440.413058
547.4331676,550.5950871
658.4882193,359.2514328
736.0452824,521.4826249
588.4071341,689.504254
839.4781747,458.836061
726.7604463,208.9350195
753.578336,140.9751505
469.2886667,337.5163998
273.2848853,682.6181645
895.144961,913.3963844
448.1656559,367.122709
448.6206793,567.0937042
697.9687609,512.1938892
451.4912639,354.2849655
524.5037703,556.7958166
652.9560906,497.5225644
577.8430969,479.3545707
504.9151865,501.9150986
434.4929909,524.6425475
693.5460421,373.5945153
353.8010988,303.0776574
599.974383,859.9014508
605.3971377,276.7624842
600.1421218,784.0417855
356.4324269,319.9966587
551.7296891,516.6163644
704.1957539,272.2202038
604.0078436,641.0921456
759.1307635,568.1924489
782.7602983,870.0641134
615.0733593,388.3736315
440.2945024,361.862495
679.9622427,537.7676442
525.1620068,548.9312056
426.0852142,742.3105473
799.1210081,536.3531725
523.9482564,756.157004
662.3449227,487.1004002
647.9950408,909.1205632
622.750423,823.1946604
527.9514859,707.3195804
473.5042176,622.3561109
321.5176396,327.2946704
592.4398905,871.2995666
445.0273663,375.793133
466.2828215,630.8117462
683.9516301,69.11047227
806.4240339,426.1912224
778.5377814,294.720453
756.6267863,342.0596623
741.0746742,459.3025789
764.4628251,465.8240081
893.9013991,524.3418642
955.1227102,863.7319406
287.3875259,638.9131263
793.9822423,446.7311692
523.5673874,547.3961347
464.2279504,760.1771472
644.6227979,309.2889174
415.8472018,874.0340905
397.1608149,443.8399831
790.268964,643.4316923
752.6323654,441.1544552
512.6398138,697.4055129
735.7457585,445.1522421
760.816855,638.6985674
502.4523912,995.9560587
312.4662775,657.8627797
918.2652123,536.5851569
501.2062825,751.6048407
479.8116118,591.9177252
743.1726297,571.8537403
810.8951553,755.4577705
872.5821861,433.9908745
704.2419843,548.5866451
821.6631546,410.7183887
965.496193,660.7825067
455.2967034,464.4387043
340.6802926,473.948058
629.988163,478.1839511
462.3682626,356.8731071
614.3097187,521.4351749
713.3362361,266.307266
799.7907947,359.0373545
695.4670308,739.6812447
522.8038666,492.5317975
368.0275249,341.4411
550.2731466,836.0871249
446.5983313,431.9656549
218.6315575,384.1570025
618.6179551,530.3827141
564.0063635,516.2777587
297.5023522,562.4554582
569.3675475,502.4233415
479.4871901,428.6984632
521.8236052,578.8112241
632.3592615,537.273839
745.4332007,613.4752023
459.9407918,408.9783283
426.3121716,509.2897908
410.3145937,818.0129028
730.5777055,446.4976387
578.1550997,523.5070714
761.9798958,362.6757045
382.5997652,750.1721496
566.985648,483.5546935
517.4596707,692.4975065
566.2806568,565.3997355
519.2125161,572.4292195
733.5162425,298.4586756
869.6976245,369.7116238
555.1817341,786.0824457
848.6291733,400.7931639
351.6813763,256.8157974
303.5434198,414.7499191
517.9687594,541.7962494
580.2417149,471.9423741
476.8627681,439.5416174
929.0456605,515.0261128
707.5180512,469.9018392
485.8064191,725.911364
759.0212846,308.9630779
216.8519715,524.5818718
613.0622318,594.7401078
804.2732415,481.604838
358.2067097,267.2033195
803.5620483,277.9112279
483.2123331,394.2681618
501.5200081,583.9711058
317.4852877,357.4282149
433.519366,582.8574011
510.5014254,293.3377191
416.3300294,657.0313926
454.3380442,415.2793692
789.9558077,596.7075978
237.128139,723.7855614
216.0281385,514.7625578
726.260301,308.6108076
750.1283133,637.0217109
521.4753492,482.5855534
573.7597207,338.4562469
342.5670504,474.4070332
597.181698,526.5542301
328.5862177,322.9999402
465.315803,431.3159607
364.7786779,312.6231157
598.6609811,417.0276618
450.1896668,221.2644158
538.5619333,808.8570103
915.9681184,663.2966215
637.7859411,854.4643078
660.6533483,494.5378993
455.2578435,414.4964559
944.1546439,869.7752142
777.4107992,946.0947531
419.1769744,875.5949653
531.9254882,400.2740562
448.41841,216.9720048
407.2431181,825.4735731
601.206275,574.7418967
488.8294771,249.9692181
479.13041,675.8934799
657.9045567,560.3786517
436.0625327,546.4852047
546.8280376,468.3292221
390.0833683,831.4601408
602.444354,535.6382896
275.5379359,526.1472806
601.702735,552.260849
430.2742642,368.9627256
217.3460197,408.4427563
434.2861676,560.7605076
703.6405695,404.2288853
518.0926647,403.8065789
915.3643817,515.7748647
640.530643,500.7837595
223.488192,523.032029
758.8210528,364.9448807
471.2674509,510.1452893
448.7949497,644.9333749
491.5909124,330.4113637
834.4896652,747.6768393
570.4838935,488.8295959
616.0179217,970.1467465
437.6324789,795.1702662
630.0863015,722.3259799
824.6295407,255.168234
790.2087566,391.5875857
676.0318492,428.3689672
446.2378659,526.1642046
318.483421,288.2073813
643.7312821,590.3162954
781.1035839,598.2332874
770.8397298,303.0225185
651.8872784,853.1474313
635.5269431,472.5408783
919.6353161,537.9106417
591.0289194,541.7946615
952.0280594,898.4196542
719.5717381,449.3533887
840.9337883,512.8996207
748.6301995,501.1159508
468.7425607,513.2656809
780.7066855,331.0070055
668.9551516,939.7736331
662.4310317,573.8439628
439.0377125,628.5245177
326.5806181,547.6441864
675.3362509,381.8579063
494.747808,200.9432067
446.5799799,647.1079019
964.8768464,566.234779
284.2807558,854.5977568
792.6227299,331.7718456
646.3565879,563.9861832
668.1840806,572.4144685
491.7244203,297.3348791
607.8656556,282.8587028
780.3007838,622.4127541
329.9605761,558.3423583
556.7983452,556.9373933
723.7192616,416.7604922
579.1006209,385.2547235
613.6759157,288.4334109
644.2649841,501.0726796
637.9435679,856.3916607
729.398201,346.2949286
686.6915531,614.6314678
541.9615309,530.4012469
610.9849046,526.6641735
271.0698406,718.7705994
577.2729918,599.0611642
625.075321,487.8902712
412.2804646,391.0586371
591.1751159,737.5892901
573.843298,411.9431025
695.1120784,162.1697015
563.2809536,424.4016645
660.6686436,263.6001757
776.2592636,424.7835622
423.1982707,592.9193344
465.7894475,552.0220741
848.5303757,401.6990793
225.8951991,712.9988832
683.0245351,359.953487
618.7442423,944.7047899
473.2171726,597.1630836
713.9729603,482.0550586
742.780675,863.8732666
200.3028945,497.7994496
533.9916397,341.7549674
332.0887777,548.5064755
401.642228,379.6157459
430.3066824,929.0294948
746.1112866,444.2128965
662.2716522,517.8491431
450.6219945,386.4373779
748.9244802,887.5396223
432.9317934,544.3002307
670.6362696,897.5457064
534.6933502,357.3573429
549.1606208,472.589958
498.1291891,315.4258581
707.0069101,545.0217579
685.1391942,959.6513703
500.6592177,511.3460378
614.3324744,195.8050129
441.5044027,421.7620404
784.179374,291.1009283
724.1366535,174.1731328
534.1206085,291.9200925
560.1880256,426.7275466
834.9847021,536.5731221
644.3249368,523.1449184
582.1491161,378.6130293
451.1089268,510.1770271
424.1566153,915.6205971
636.9889085,710.8842169
506.9203217,660.8313983
552.4861689,247.897447
548.5839991,753.2868162
345.273926,539.4329464
704.5255537,556.7530678
576.7287734,189.2278597
406.4162739,975.8155187
787.0687743,142.7256579
442.186099,548.461679
784.0529519,274.3065379
848.689141,894.9729426
912.7042008,626.9867097
489.8061731,739.5127567
854.1018886,408.1412581
619.0621475,630.2735416
458.7310563,780.4121274
698.9391051,208.7434647
769.884606,460.7586501
771.8344925,580.8677428
960.3292935,579.9254721
630.1469583,445.3480174
339.4974473,475.2641823
486.4235935,684.8171165
811.9051683,265.0285208
647.4152582,604.3214618
445.9109873,331.2043688
672.4470903,32.28040813
475.0971292,383.0146524
436.4139946,560.624823
667.7728457,328.9875943
324.9537902,316.469652
635.0270225,553.3930447
563.2935524,405.2257934
631.4171709,429.6918402
357.9870029,275.4873955
466.7708324,343.4221083
468.7014537,385.495922
816.4096068,520.0841161
759.1903867,365.4128193
534.8756052,413.3195473
643.053376,542.2973883
529.0332864,571.5379507
898.1769476,843.5071149
515.91645,399.7668163
459.6675441,290.4966992
450.9517644,734.5808896
675.9929744,425.5258788
402.7856591,422.4150566
555.1987821,554.3365273
638.7687941,637.516122
387.5974728,389.8020603
166.1079144,710.5862498
340.4547733,365.2438298
452.4119021,830.1603764
626.4194334,482.5561766
638.2436611,552.5219385
669.5477427,352.9505381
716.6210218,461.4725093
401.5535573,237.2587181
793.3491884,444.1413978
568.0007095,177.5443132
953.6067694,491.6740006
470.4671825,236.8270095
515.5378281,577.8438808
838.8742282,368.8059591
535.3904016,514.9679652
832.068726,722.3737223
480.8082022,223.9598056
503.7301541,664.1274862
589.1212785,423.0592766
653.9261202,578.7159064
555.3113021,309.3369106
722.903638,323.4450209
604.566878,507.5252636
652.7933105,580.6243295
511.3913682,560.589199
913.5068212,434.5879998
694.9071276,496.3933564
630.0824814,569.7463869
578.1061428,479.4392534
758.1902159,645.630498
723.583207,484.512948
735.0438983,483.9333736
635.6754766,480.9431716
798.3081709,585.5581815
547.6533238,195.3614992
225.0665124,775.9442081
107.7954785,617.1060723
574.9609772,548.8177311
874.3376981,688.4224124
555.5523713,260.4608125
705.2463496,158.432837
521.0911844,499.3149221
334.7134992,857.2511917
386.9651379,856.5665631
296.8527595,583.9518417
747.6761993,650.9747679
452.0971429,249.4097436
785.5389763,175.4224595
567.8519812,414.8254295
927.298253,515.6113704
699.8400437,557.1728252
530.173946,356.7185136
753.0098638,424.2956073
520.2245965,297.1156818
529.0133172,610.4160924
808.7491866,817.4350208
651.7025965,483.928568
328.4386579,313.0666921
684.8095741,389.4724598
864.7936361,581.8308237
565.4468616,519.8800459
624.2434134,835.1551758
471.1102286,253.6931702
348.2661089,357.2994043
574.610444,413.1193216
553.7898783,459.281685
523.2511151,558.9330482
810.4798457,633.5091627
869.6641127,433.7426765
721.5279014,604.7208894
349.7952627,835.5940301
615.4810737,909.6837777
642.5346097,581.5989438
487.7680804,693.6755224
782.537835,548.6696355
624.4657868,553.0007001
435.0261986,569.1770087
886.2225377,583.8900586
770.3187613,82.16438355
486.1596787,364.0851616
682.2554565,712.4386773
342.2017613,994.613629
575.0036272,348.7676318
655.8521574,474.1197219
502.1462608,472.8593006
360.9634411,496.4930619
787.9504628,883.639347
888.5869847,842.7539335
609.2403285,213.6758125
786.7578202,662.5195376
539.0670821,511.7397824
445.7114895,525.5900626
363.0141925,259.4915261
554.412296,774.9600452
857.9285857,751.6279493
533.3608329,608.6579797
432.2982601,268.9894927
524.5896546,337.5217487
897.542036,565.4978113
536.2040478,448.5025913
584.6980354,481.8196476
639.9690469,742.0624746
800.8800555,332.4268677
640.5640499,658.3421681
241.9315171,681.6156359
533.0180747,352.4674724
600.2724987,550.2084882
877.9412729,533.776418
514.398337,283.9036876
437.8228235,234.6087515
709.3369015,490.7294107
646.5240121,546.304264
462.255458,710.4617851
744.6692455,908.2989544
754.0170005,537.3406366
713.9939033,463.4856105
560.559307,836.8348321
509.4447925,220.9689768
874.8854371,435.6203856
944.5419096,868.0507196
832.7513511,528.1171943
411.5616462,600.8437855
733.5979023,889.4654708
399.7628707,744.5844664
514.3569903,377.7578023
665.2815722,588.397509
963.0322742,895.1480121
447.8822062,525.2224354
633.1771022,525.7387641
451.1640857,889.5590544
617.2652738,531.0709156
552.8726856,393.8591021
554.5824916,563.7776626
612.4241893,260.2797047
773.8741282,396.7349729
695.7175679,440.0606415
564.162672,513.1874752
542.1912598,470.588411
491.6340568,408.560326
657.3566829,254.513003
671.2108838,563.0245857
569.3100067,667.4835812
669.1016178,354.1258797
650.9695015,355.0476326
381.1588776,428.3767397
516.2283629,426.6393746
626.8946358,474.2996179
397.9589261,664.4768105
485.2081803,653.557519
610.0277585,495.1351499
781.7079648,651.951012
489.6106601,332.1888868
933.8065683,985.5243042
554.1358274,563.5738432
435.6455153,560.6807558
484.5256301,436.2362318
446.1158332,641.8749545
796.2481614,526.1939157
485.6080298,279.2062286
897.9212122,540.4396955
505.1290358,454.0505553
721.8074561,164.0188069
506.4466323,552.172071
428.893614,515.2075759
455.426601,515.0556985
152.1254489,713.9944332
512.9555468,412.9616357
472.327035,915.1156555
464.4466235,380.4047811
465.7999639,414.6196669
685.6894798,247.9476967
604.1142514,572.7997928
875.1334573,431.3436033
598.1139013,772.533016
772.5473036,417.2059699
929.2303873,871.710444
458.764583,482.4277003
433.9094781,641.7234532
486.6820853,576.5517426
455.9390753,555.358905
751.4599917,274.0407891
574.3749027,360.0782441
500.1102504,501.3040581
668.7299619,535.2260958
633.1134043,586.5290141
445.0072173,603.5377754
399.5186105,491.8032499
916.6622786,456.5286282
571.8822059,631.0081484
443.3028194,224.494709
447.3009256,353.9717876
651.5334046,563.4750571
748.6857329,936.6274795
560.273835,523.639037
467.0060891,752.6882911
707.9348739,469.0624081
514.5757233,342.2056685
567.8308884,317.5878698
322.4764637,368.7545184
542.7645408,176.6271987
658.9700881,665.3864032
369.3551136,523.5921303
356.6046748,928.3377622
412.459349,444.231492
879.5658686,681.0137051
407.6074934,444.4202888
376.3069022,457.4201895
825.1346595,404.6536781
551.508634,251.2346331
853.1913024,727.8996433
747.2392426,315.7733854
396.3417757,925.2710261
563.1926574,337.1206913
487.0974399,506.8461092
972.3974967,916.0607051
204.9132315,362.5563588
488.0705704,653.3098016
460.9200944,553.7544874
253.0618093,734.0729811
661.438606,419.2546534
846.9081169,617.6062292
395.1008204,432.1139176
644.521873,564.8601728
463.8001918,630.2564087
602.5550763,277.9811179
260.6871447,518.3796379
468.6377857,321.0715008
741.7293752,873.0750003
724.5439635,611.2731162
694.9329992,564.9553025
630.5397969,897.1303576
713.3861517,530.0023625
573.5700801,482.6911926
405.7358511,267.4649105
592.3478492,567.0390459
584.9299364,553.3462007
420.4765043,771.7957139
622.4945528,452.4123315
769.2656639,451.9120492
534.9358426,463.2403377
518.9539794,424.9636254
601.573212,347.8411987
463.5223599,404.2922355
463.6918814,391.7147039
746.7150383,446.9215121
906.0100052,537.3427469
360.3943696,493.3282291
847.9147892,529.7191046
740.8377246,422.4220979
957.118093,867.1324769
731.9292333,402.3926714
579.6028035,522.1756737
677.8934994,740.1088164
700.5199423,284.2742609
564.3618552,486.3893617
716.9089206,471.4311435
374.084532,613.0963759
425.1449363,359.9118246
496.0657191,632.4527698
583.8928833,703.0500064
498.3900928,534.5155169
440.2096817,335.7330891
546.8939227,187.5892389
698.9435993,787.2248586
359.4388863,552.9241241
708.5145067,554.1800951
577.8240565,681.2329442
665.524529,589.1041807
373.7248906,330.7836294
528.3518898,406.608005
682.2807889,149.8382367
558.2565205,552.393504
515.254708,281.1727783
615.6315098,532.1135394
516.4690726,799.0689117
607.4371629,593.2920598
479.8583067,296.8915117
943.2164183,868.5485155
606.541138,889.4676856
289.3385659,531.6398341
738.217752,171.5850329
417.3143505,295.0630076
926.0046406,516.6392223
874.3751049,691.3381696
547.7054116,612.9623419
686.3335895,718.9669389
416.1986487,331.8547733
204.1553435,738.1663364
806.3736239,570.7400774
654.2766383,587.0716064
824.8919874,565.4270856
662.5023847,867.2016146
424.9948598,582.6642793
730.2588266,524.4743312
616.5360588,373.8689142
768.7002477,481.756987
531.6557609,175.7221608
440.6746074,488.0434231
365.1748422,710.2046237
649.1130196,240.5773087
512.2233657,200.5982702
939.7168545,895.4949962
765.4392065,545.2983507
698.7962342,145.2049217
663.9827165,872.9948306
872.994215,433.972676
179.3438473,729.9282896
413.4692721,873.2288626
207.4967711,675.8132266
463.2709989,388.2134593
820.5800957,300.2506572
521.0350368,489.8186479
542.8948578,469.2635322
691.7295437,184.8030863
615.4599809,593.5437262
680.8405455,400.8823597
521.4411632,220.3222705
958.4922266,901.7080532
764.2016368,711.8565748
566.7198306,354.1548386
447.0067348,742.372811
586.2234141,981.0608562
451.1258699,627.0019413
816.5413619,951.0848096
314.3937529,549.039373
503.0564575,225.9440315
385.8464999,856.7056534
379.6390268,341.1391003
595.4483424,541.0736149
598.6877066,243.1290742
750.2883221,261.1375642
562.2142237,522.3686284
335.2066785,508.9105884
786.6234134,477.5652634
592.5985211,191.6970528
536.1201709,359.7870884
563.1857513,252.4916487
427.208691,299.5551428
454.3047271,962.9634629
702.6946139,550.6150825
654.6983148,955.5195494
414.8592703,408.8176964
682.2060353,525.8244916
849.4177568,358.0804163
873.0067089,596.866203
444.4876271,576.1978427
934.5164582,528.4471081
712.2220923,288.3729023
881.5674534,657.039583
506.5796758,218.7380572
804.9557467,442.7189865
859.596206,528.4252322
506.1674372,420.7904556
470.7513212,674.5256433
438.9885758,477.2478441
540.2322052,389.7902343
693.2520162,624.6991678
339.0818081,298.6071263
915.6548123,848.397863
633.0490623,862.0037061
521.6427434,413.8004819
184.9323334,723.1538777
668.7473545,870.7249231
735.359856,513.4035803
598.64242,416.1266147
759.5433317,311.3150773
703.980017,499.3140028
450.7785277,782.414907
818.4544408,424.9381349
753.4414275,171.9646741
513.6809567,421.8657156
426.4989509,655.0790298
623.7592226,747.5152045
565.6962152,492.3625155
478.6716863,853.3138926
352.1038168,653.9065089
458.8715002,429.9937772
289.7179369,673.3274021
466.1383477,742.5304759
557.4194295,463.8216463
633.0301417,622.5806571
706.9397367,268.9518629
658.6798073,382.0323282
691.3362258,560.0782817
847.6709336,658.5050357
643.5199645,513.7784368
708.4013725,567.5087395
479.8561345,374.190763
254.7991648,590.2794387
487.2466625,701.4092753
841.0671464,948.5347783
441.9134354,327.898022
599.5608111,289.0318525
722.4237166,539.0073388
512.0711019,710.1978123
624.8145372,566.0355353
680.9442718,626.9270369
506.2691411,415.7392846
728.3595599,516.8612821
606.064797,576.3177733
599.5518527,668.9378348
714.9952725,779.448921
719.951154,809.7535443
935.6630202,526.7619149
687.7752711,576.0338678
838.0354145,253.343658
516.4109026,281.4325306
306.0333151,409.9071016
345.6083549,287.9627143
432.6242699,495.1859428
265.1933659,665.4196035
588.8467574,906.7926334
623.4182321,562.974545
334.7615722,569.7054977
615.4065298,536.2599651
901.3651827,848.6979195
532.8838328,412.3654716
442.7390811,364.9421854
536.2652439,355.0202617
674.7617415,443.2229461
384.1041859,782.1513312
715.1459482,504.422402
680.085354,437.4120121
770.681309,464.2096659
773.1529279,349.1163501
659.4895885,578.3921353
572.2973358,595.1915403
818.7754021,358.5983538
554.8129845,198.7067503
962.1652668,598.0284859
648.3745915,880.4239721
336.1812621,350.2472296
588.6420762,430.0847072
502.6874232,667.5952798
285.2703951,677.8030312
805.1200998,580.1326137
600.4811348,500.2855458
275.4028251,769.3210467
369.6383684,588.4032548
694.2495802,416.3718667
588.1720871,458.7241327
718.1190157,527.9413934
777.1856394,969.4767644
634.2435026,472.3995524
817.9790437,363.8310924
211.4314041,746.7027891
634.6874702,599.5437285
723.6827686,543.4786011
434.1929427,417.8682004
456.4293483,556.4437971
633.4507095,845.2994309
856.5435761,596.6061791
694.5872,412.5439259
496.46067,381.0338948
724.9568463,313.4444528
426.8357317,410.786837
734.1571314,664.2431964
770.5527597,548.1226346
757.4908425,980.1237672
572.3792502,378.9101816
665.4371017,320.8057102
557.1497172,720.6230896
449.3205471,412.6217137
620.9060755,824.1849451
655.1874942,491.073783
196.9023231,657.5812978
477.5628906,711.7820046
831.6423906,400.2063602
603.9747812,566.7736522
492.3876754,435.1052269
462.737222,549.3186193
825.9252804,522.2372479
596.8952972,769.08854
710.0267772,543.3198914
190.1267224,478.5860323
543.0268077,187.2976026
643.943109,640.0504411
833.3308041,195.7113457
549.0330752,521.1638892
222.4315291,670.1326703
460.8782983,470.7888666
651.4463069,495.8858031
711.4485644,228.604445
634.1964033,57.0106367
475.1283639,226.9582397
435.8568029,253.9602563
596.5894215,544.2208759
549.5859824,256.9545743
451.5076977,348.2575086
545.741728,332.3898229
468.435127,765.8541934
503.7528947,459.8504155
545.4538591,531.1868973
801.7205021,497.9515568
163.4172179,536.5664987
393.5874862,319.9757439
424.3977145,812.4746962
446.9923983,736.5211549
500.4794794,385.460298
290.0393625,720.7506465
559.0991093,431.9907066
575.4464414,506.6137069
752.5122053,316.9176996
712.240204,150.6645466
679.8028332,641.1851232
260.4806958,421.9664031
518.8482757,404.3525769
598.9206863,499.0666614
657.7863141,579.7441762
570.1808341,703.4500191
537.3602274,482.2564126
711.1368313,252.4406677
722.063476,394.2425668
531.5147626,390.46404
431.1824834,642.5741044
303.558715,661.1151786
504.7116888,407.7466569
766.2840724,468.1098367
652.0292504,361.0076442
888.6217999,606.9439947
514.2407251,756.9312881
923.5750725,455.6023622
521.6242422,481.8909792
482.459164,823.9149549
785.6387178,569.5884712
692.8210966,240.0697345
883.8206239,389.8168113
645.4676038,304.3874299
453.6264015,495.4956732
822.436233,391.320437
579.6090505,712.7102138
672.279711,360.2220774
609.2895551,728.1863696
703.2378886,497.1530149
323.4484107,660.9564271
224.6482066,534.9720266
418.9563988,583.3877496
465.5713436,349.3328939
800.7267432,321.8390781
393.8432815,746.170769
559.038048,320.1059335
815.563093,496.9525175
464.9050176,617.4843136
941.8417454,523.9173639
496.6193904,805.6701972
642.4902369,780.981819
624.3508849,453.875444
610.3445251,765.0657223
948.6179004,897.2057008
612.865041,590.2755315
532.0903806,332.370914
784.7670964,469.9214377
821.4104004,658.077067
538.2001197,469.5459961
455.8151401,556.1966438
450.7369862,420.5522657
755.2812958,628.8353137
364.4250438,402.1891862
466.9843971,767.6713731
658.7220529,481.2420581
650.1443202,552.6398425
502.0525716,746.7789262
576.5548625,345.1123369
400.8770444,432.1886967
571.1208574,477.5407341
638.9679324,627.4132994
802.6126171,969.770511
845.0215089,619.4380972
664.1263064,845.3175249
752.4656603,428.5455202
702.2955434,206.2747314
562.2587763,459.6284602
662.1502337,464.7955085
357.1039213,255.8894896
577.2522436,456.8797702
482.8575754,361.0094411
744.0837103,365.732119
912.7272861,448.3590715
811.63628,118.90778
612.9940397,646.4690726
431.7544012,266.9819075
833.4811353,547.8812062
603.7629393,589.1121204
746.0970849,504.377543
514.6630158,682.4427606
546.5847513,445.1972056
475.1829386,722.2457266
500.8586406,570.2617755
702.4329762,273.4984266
900.7312748,536.3627001
831.0751168,394.8040263
826.5731502,404.7378385
439.7962896,394.7107352
682.572388,438.2709372
601.2031291,447.4147323
668.9179246,846.5918198
643.20928,604.5045337
486.2163357,397.0094345
558.7682908,484.6613779
688.2997001,385.0695831
596.0200954,540.2558715
677.1081069,149.9097772
599.1255922,543.188887
776.8112121,313.9976592
301.0341844,706.4575212
515.8605571,202.0917206
686.1096282,546.188721
221.1608221,396.5826777
838.4323578,393.1598059
403.7836576,734.0432909
726.7581393,459.5525319
518.9650501,225.2464069
607.0911989,594.5865798
695.9305034,521.5558996
517.018025,442.2441529
548.4274659,469.2924284
354.1007126,989.764209
718.0209671,206.9449851
629.413369,604.2469543
354.355639,271.2876487
778.2620918,282.6570772
487.8601217,393.7614024
592.5053412,792.2610696
476.1015094,407.840136
485.2638635,389.8329832
495.051122,357.9502894
964.9813666,569.039966
649.2118772,319.3740638
362.5813255,295.0396274
769.3956064,305.1764234
913.3460484,640.6634039
211.885259,800.8740983
813.0065486,201.3560692
825.0717257,189.4255364
720.5470858,520.3584105
499.555081,508.6230263
961.9080933,467.2708652
641.1871716,631.4801195
596.0920476,258.5201294
483.0772822,408.8225438
842.3092852,715.9683167
398.7238401,320.2598584
617.3172867,475.9562701
529.9712423,455.8597535
487.4789531,604.9208436
573.1659161,175.5979887
720.1617075,544.7941195
260.7165518,721.3478554
598.3685131,498.4260352
531.2026699,330.7915481
509.4581552,726.8474919
538.7402185,395.9247095
795.6159314,490.9460799
813.993746,471.5508234
807.6157327,463.1775099
840.128022,380.7487983
167.2622514,752.5568897
263.6896043,408.6206883
857.4204557,630.2434963
580.5811923,406.2540423
413.3946083,354.2248539
421.5963107,445.0287177
621.2098988,437.4360609
524.3206014,476.622951
770.9633654,763.2022837
283.2382946,701.7618381
718.1613661,462.3316225
481.8103054,662.3281082
630.0224538,591.5105877
463.0993802,296.1280505
814.5896329,535.4909671
612.8975491,527.0606342
762.4438327,129.8099803
748.2818086,504.6484735
872.0691275,526.4923216
501.6748036,249.8951077
725.2463481,352.3648418
434.4198253,851.7422992
519.643151,578.8383234
336.816683,278.884129
507.3679596,627.8073155
756.8561107,492.1736769
425.9683948,518.8276855
703.3964143,290.8535452
613.2857886,600.7884586
495.2586644,387.3060604
436.1959357,818.9274265
696.8659575,471.2400483
808.0111181,435.8949308
660.4897592,542.273047
462.3862395,496.262352
721.9762285,381.6446428
471.4568068,411.7614723
742.3296065,656.4386133
444.6671856,450.9167708
490.907808,434.2119732
731.2808092,408.2110227
534.95722,690.7876794
386.6292559,617.8006464
686.2025684,433.3850783
901.4836949,850.479308
850.8913472,953.5145759
863.0307836,430.1762431
620.4823467,466.3122555
557.578854,465.3282598
785.5188723,477.804498
498.6507118,227.4870421
188.7972012,525.8721086
642.7648179,541.3893
857.7739401,414.4671627
628.4568819,559.1730976
718.970593,216.4800801
586.5722094,357.321698
514.5662255,537.3715804
583.5116098,412.6972241
219.9680147,548.3638332
491.8392323,410.0391507
433.22537,532.3971316
544.4534037,611.0664134
357.3572447,992.2629041
751.8221349,642.2713107
647.5482717,310.2242096
873.843635,804.3729191
569.1151079,762.3610139
590.8518327,284.4087337
484.1540641,249.2149921
659.8180401,573.6213597
570.4270268,394.3525102
768.2980013,370.5969587
727.2232597,315.9507742
740.8956999,195.8464871
673.061658,178.1937148
481.0155798,255.5748283
784.2619026,634.9190168
716.2096371,392.7470897
568.6322504,524.8084238
624.2191297,912.011791
750.9814336,766.1239748
481.3211709,424.7191256
508.2611383,512.4743055
599.3606392,236.886745
598.5675316,541.7468146
719.2908951,286.2852101
216.8299649,651.627032
219.0953896,743.3685072
786.6125524,640.4708253
830.1299552,444.1047918
709.9083549,523.1613619
680.528318,615.2811619
333.5792963,510.022538
850.6708465,826.4675979
691.5163835,474.997932
396.5213043,825.4423368
445.2213363,365.925993
723.2760729,165.6633198
493.9677935,689.953012
496.0543338,217.0978902
551.5681373,548.6189888
721.3349651,515.9317775
858.3879685,737.7916052
664.6839326,871.7263443
331.5311964,495.632695
484.9010612,250.3291355
972.225833,913.7509112
296.643719,666.0227671
575.9482046,595.738583
678.9714649,436.3129122
672.8888858,379.6631749
659.3428376,427.3100462
285.4819673,602.8429296
542.5197713,289.6643301
453.4133911,508.4647555
479.3982197,269.9752435
522.364468,469.8452587
715.5812271,534.4687356
421.9046433,357.3697121
558.3775045,482.2380051
839.3842008,204.8064163
466.1754998,671.7324703
534.3766884,613.2415673
674.0005877,559.1930512
707.5630831,462.000058
775.3242888,286.6771369
816.7754652,487.0208573
512.111415,406.3837722
479.4852725,513.3618344
305.5230728,313.5716336
748.134923,903.3909272
225.4490742,519.6400174
637.9657094,539.8523695
428.3897385,458.4343351
774.8564569,948.5184602
765.1935381,292.0713848
503.869025,630.9747391
603.3734114,215.1305674
806.1161958,155.101146
433.5959024,550.3573569
742.1660473,285.7087488
630.6888098,781.9894039
686.8468579,425.6418605
576.2562675,357.4192723
689.7336366,253.1272604
483.4336278,363.5112494
556.9320029,425.2039464
805.6206496,156.9291068
637.2217534,477.6449944
381.3237251,329.1963238
469.8540978,807.4937912
500.7556634,721.3979588
557.5274403,273.9558556
479.0218899,314.8394723
479.364633,448.5277266
644.2779424,246.9094605
315.3326376,703.4018797
650.8323982,412.2307272
459.196716,256.4853403
802.8464507,237.5109695
591.8098178,561.28674
539.6124541,392.4856659
477.1996988,744.4142234
555.440166,569.6712318
465.0227059,408.2287615
335.8764351,276.8718844
778.0295316,882.4852754
665.285572,563.6503564
496.286879,432.4676504
763.6386475,747.8209651
652.4524399,504.1920683
604.4554066,569.0664803
820.9415348,411.366286
515.7410711,547.7923238
656.592533,481.8886182
472.0590305,739.8690177
302.4104752,300.5468902
435.0067087,658.4729427
726.13695,523.1202637
678.4569381,638.5734969
953.3632583,871.3098045
754.1891736,306.8326995
794.9104009,304.6313029
776.4307326,466.8722524
473.880922,429.5089146
671.8542894,393.0632763
559.3131834,321.9853559
463.2343262,406.2900006
463.6226406,400.8402795
758.6760247,462.727728
464.0681214,777.9230225
464.3359012,369.1983455
667.2403122,433.6656618
899.0869045,678.6195837
766.6624097,348.9591448
504.0828444,433.8873873
407.6351477,730.4652406
647.5077789,250.1738316
707.3662518,580.1560148
568.0943088,330.1706457
537.5900611,745.7429466
599.8454592,549.9850912
412.6393869,498.0025796
631.4183544,441.8141575
396.3280684,424.4443297
345.8699327,604.0332938
169.8343158,626.6236791
620.9950908,714.8083112
585.1233671,701.5734592
576.117756,193.0727872
755.0388183,61.20996559
566.0935629,503.3210456
568.2897319,490.0331023
444.8504594,582.7421506
837.5574257,516.4842944
598.7776357,505.9160822
355.651948,677.6298421
673.9817719,561.2841701
763.3694895,475.4092065
666.4721774,10.76578435
468.0423034,411.7413933
468.2471793,605.453365
878.8840376,523.0906362
644.9752785,512.5780226
218.0712348,474.3870377
501.157011,664.4782521
459.8685549,622.9755508
563.07043,690.8965155
524.8406261,677.9636631
734.2766773,582.988113
683.385405,527.4902953
907.7224177,858.9500704
468.7428154,385.4449828
614.9945309,399.4885939
576.0701474,739.0075435
872.6852233,716.4466395
784.1243199,457.8301268
310.7387644,568.1162072
449.1473704,295.6208733
640.429733,539.1392416
418.5020345,693.8995672
586.57176,532.6978985
544.9862069,599.509379
693.0723528,565.4733446
507.8865611,207.3809979
666.0495871,865.3119124
607.8609516,791.6220522
582.6074653,635.9277508
636.9969082,453.649874
792.9747461,312.8791071
781.8703105,314.3430763
436.1586937,335.3349151
371.4991647,634.2537567
752.5252385,919.7647871
584.4751078,591.5563035
496.7596545,401.6857699
686.168742,614.0283669
893.7002983,895.4279688
302.6263619,317.1604861
627.4473183,485.156186
514.6848876,416.9649594
501.6579203,492.8670601
820.8635303,605.3227576
841.1918157,228.4791446
733.7325787,428.6905862
553.8072709,709.3746156
454.1971658,550.8330262
872.4028373,677.7512563
655.1563343,399.5544095
531.6557609,175.7221608
810.7749203,248.508404
673.0382732,549.9715102
721.6596416,214.4724948
561.5629083,456.7982633
573.7362759,735.1239207
811.6055995,631.2933494
839.8451117,220.5975678
333.7875129,923.0613764
421.9525815,374.4451874
446.404601,435.6651403
545.8023698,460.3757286
707.6696857,799.438879
532.8369432,357.2770688
536.8900135,681.3658291
643.5734755,635.3153313
758.111073,276.0136906
713.1227014,755.2830144
656.3401084,178.4905328
509.0483435,725.5417727
678.6929139,619.9854742
681.9011782,622.1116111
761.7766827,953.4398177
584.9879866,194.5561041
717.4603448,405.5618292
581.2340357,986.3238909
530.1237457,547.0310147
471.5395601,533.4783046
877.0700409,696.027898
599.9687653,292.2787354
608.3225366,563.6064167
669.7057141,581.8510699
578.3690689,391.4559127
203.5324914,739.1473025
387.3489581,850.7606645
819.142414,588.7206115
609.24307,493.9347566
781.1542036,454.8738355
720.2146493,153.2209087
403.0953249,295.893538
489.0611535,281.5057426
544.5606205,466.6317851
718.1145065,164.4039641
138.0386129,686.2195533
474.9689544,413.2102516
397.7203736,930.1128408
474.2831235,742.3210778
458.6589692,694.7877228
482.3387941,518.3968335
703.3758757,630.7697705
665.0605171,519.1268227
728.7711543,673.4879713
524.3485853,307.873819
456.9636945,396.6621578
768.3388087,261.2836749
899.2732493,850.0069608
414.0383435,352.8316313
226.3086362,766.8565966
631.0316579,438.545942
788.3763787,453.6480144
460.4157396,548.094992
523.2430854,340.7398816
772.9811294,317.7406456
481.8114289,445.6244012
744.053719,563.0340089
589.7173152,538.0513826
625.9416093,397.7920135
748.5443602,322.98404
328.233018,667.3080729
427.1014592,532.6130904
786.9779015,61.1905761
746.0300313,449.8387946
893.282367,708.6851187
911.2531264,548.1595958
562.1396948,997.6869676
763.2022001,298.9040906
554.6555075,660.0474612
543.0169954,723.0505576
415.6855452,428.3263855
457.9459633,503.9809568
804.4995847,833.8151698
510.4748646,727.1649112
727.4009157,525.1045523
560.8678942,564.7819672
868.8352162,623.4601836
462.5050513,453.7569132
422.1596745,646.9637971
532.5571189,483.4246502
211.7004273,799.756173
562.5205788,510.8313597
629.1531394,222.0524272
171.1918209,534.6860943
174.7624831,536.7324376
749.0495989,438.4453173
789.9216967,142.3718624
724.4642363,478.5236642
396.597526,246.6134156
482.5478796,200.5920648
419.5401962,577.1692185
401.4880468,920.4817177
843.6948341,928.1120042
586.0964677,656.5877327
626.2293734,474.1155222
480.2736762,358.5390989
715.3794972,463.5665324
853.2785949,400.7022965
571.079271,521.4970416
703.4008785,582.0406397
464.7256837,338.7465251
551.8648149,254.4337526
406.2023197,767.0099574
607.4420317,740.0867943
312.131549,716.5847269
290.2398491,662.9686299
795.2742219,589.2362716
457.4097296,478.6214056
739.5389289,711.1033307
507.7403796,433.3534033
547.2684399,689.8943003
842.1843912,799.4102545
302.0387744,663.0112952
551.1110765,459.9004354
795.1580017,655.9855929
776.5556865,395.4801929
694.9576724,470.2631774
390.5276805,996.048493
717.4818721,152.4336077
591.6798303,566.2246455
780.8935097,720.2770875
400.7887782,816.7378767
644.7236329,601.3382592
536.817507,626.226905
752.4075652,426.5577214
432.4145103,575.3018309
456.0206452,768.1786965
430.0019602,311.9061851
662.2676523,546.3984744
588.4350581,293.9061571
536.8102413,353.771541
500.4056096,422.2006858
771.0037983,623.2595609
482.6942259,331.2449864
701.3120312,476.0518594
597.7292122,554.2705236
702.4009475,901.8248916
338.0996142,271.0888646
432.8271384,551.0876804
743.4900406,622.9599849
721.4263174,215.6204863
144.8197565,521.8598633
503.3683255,794.2824448
524.0032955,233.9545861
639.8617402,907.1507331
479.8488538,265.7548118
372.8657631,351.0959167
219.8572775,379.6921547
808.5666619,421.4166442
466.3771549,484.7658054
564.9991937,452.5648565
829.6916952,312.8028863
198.0391027,541.2185764
909.3827874,470.5745584
455.3847749,635.1605497
649.1644334,567.5075486
520.0811414,197.9839486
260.4923808,409.9665237
581.4718242,431.4964835
832.375141,739.3935156
689.4555501,409.3622736
461.2580737,234.2730919
789.5852005,170.2597571
610.7757892,839.6270022
917.1299008,513.0443941
659.7262534,16.7821675
673.6867722,314.5572173
597.7252423,246.9333631
653.7060389,548.5596921
698.2119125,240.6891117
399.8512867,710.1651552
440.408056,567.5553537
266.3143408,721.1287625
561.2823799,993.0231476
507.385532,729.3933027
786.931686,254.3587019
619.9961485,542.5198033
282.5623509,720.4878646
754.7933747,714.286174
555.4111933,656.4810905
206.9853903,754.3429375
581.8997925,734.89062
634.9355954,741.5974194
649.8207523,625.7358578
791.7961853,455.0021864
519.7464429,450.2440098
734.5559922,452.0188794
252.613662,732.5246635
714.5454323,153.3893549
441.3784451,652.683613
567.9772347,626.0870207
783.0385646,318.3772811
636.9696284,872.3927535
704.6945808,524.8622046
669.4897525,362.3269862
907.8412745,857.121629
171.655668,532.7006356
470.546685,415.7333089
627.3416446,562.9450429
608.5977169,507.2769403
667.4230766,588.1863976
529.7423074,625.5090969
608.1052268,503.9817508
551.5092782,256.2240001
657.477637,474.2986777
535.2206704,514.7418729
445.2571102,581.9225686
438.7416191,476.4874335
512.4961191,549.8707183
969.5584614,582.0404726
940.2840384,890.5026832
646.4573929,562.2174982
594.9287223,498.35719
807.0913487,422.9087156
509.5417924,419.5843792
766.9213209,261.452727
975.6402016,579.4019141
667.1842545,840.1342421
459.2345872,645.0138162
702.3348078,326.1777689
810.4832913,621.9779741
621.328441,465.7805698
735.5083146,508.670142
705.942667,477.4618598
635.4076219,594.9082406
642.7196362,398.9866192
681.8244172,743.7330839
719.9288028,529.1335963
666.97054,623.4749346
411.2490591,361.4695236
711.1141505,323.3036322
539.873178,631.3269676
439.1919087,997.9933759
709.4422907,566.8204126
790.5959775,251.6278553
742.0417525,513.8431659
813.3893651,725.3302643
414.1810346,375.1277894
466.595798,784.7114542
445.9424617,727.3044612
156.4291611,526.2198867
411.5054386,389.4918493
342.4134534,585.129001
488.0001762,802.8196079
445.7068454,221.2554314
560.6860287,455.3006132
475.1635386,406.3249978
501.1085635,501.3581732
517.1038194,442.8365144
534.0059313,432.7892903
854.715213,823.1293671
583.5746635,326.8225112
514.8635623,357.7452163
565.5757854,478.0690141
796.415226,261.0467596
560.8205702,398.8894837
787.0644749,160.1048044
458.5583739,777.2593295
445.8129537,291.9290351
381.567431,781.203837
691.495051,466.7942139
433.3566458,407.1597488
764.3277143,319.8833304
648.9160985,533.9325995
415.1407424,224.645667
495.236523,335.9050246
425.1658344,414.7203961
522.6750926,302.1099588
789.7809681,559.5370266
530.8569755,714.1006575
507.2099883,442.4465934
668.4023193,530.994653
624.5759248,470.650215
780.0840581,957.0160085
646.133855,403.7696804
750.9765799,428.8733238
283.58321,361.3717613
442.0354232,522.2432653
797.0746011,358.2181903
191.4531126,375.1581063
200.2573083,736.0697224
446.9183637,797.4553635
534.1847108,933.9772413
221.5808357,549.8175643
675.6910985,418.8778747
779.4147959,279.6917389
638.700632,478.962623
192.685454,773.8344937
480.5444522,606.6321541
435.2124235,519.9680926
521.4887119,353.6918518
579.0861046,179.3584214
628.5695817,729.6569621
521.8430352,492.7877471
409.1053525,652.8006185
788.8744267,182.7318374
862.6828871,351.3504665
471.9749439,515.5221327
240.4635445,680.2040058
844.4054281,728.3306207
625.1397829,484.1763273
697.466818,230.4817363
462.9261585,689.2291865
488.4877976,754.7172299
792.6554177,336.8204676
568.7055958,455.0594983
459.2654923,800.9516353
275.0343601,583.7667431
497.4281678,561.3921913
749.2767511,362.3071161
503.3362668,842.1915547
623.5871244,538.6020399
334.9113342,573.4055263
415.9895932,353.5004433
472.6182596,524.7038501
975.9591555,606.8619237
541.7057507,302.8179886
497.4477925,219.9805307
855.5057439,728.3900637
353.2294208,304.8400951
465.0837372,618.7935011
609.9658283,284.9566748
413.8278798,483.8465388
574.3873067,707.7241271
506.7583804,403.4340834
788.6263914,304.7879023
445.5030931,577.6931735
791.0972313,549.455662
757.2182089,305.75044
281.4905276,701.840796
803.8358203,534.9301971
379.9451572,603.7983007
818.1055106,355.3010959
648.4558767,490.6854291
231.3198414,718.2602463
527.5188137,559.247814
480.6248685,307.3891653
505.4303873,414.1737504
566.6029363,470.3136779
576.8049801,600.2282527
737.090515,578.4172288
507.0719263,626.5220097
864.0698591,272.1446307
493.8798718,458.6382172
836.6295518,422.8375302
864.7296536,716.2810975
563.1969119,197.8648954
699.8199995,201.2275302
811.0784291,548.1083223
828.1367746,417.5151989
573.9926704,572.3006388
443.035474,416.3787408
840.7899137,354.1334015
761.3011208,869.3383029
320.508106,354.2649491
221.6735811,385.009764
811.5330181,641.7806814
710.7781786,153.8076706
648.0280433,908.0083628
524.8234432,428.6249377
281.5533716,630.3221825
372.7206601,572.127199
630.7782595,903.534238
774.2254254,554.4259738
456.5150678,462.9408871
707.4508178,330.6550277
469.9768346,665.7429149
831.5552329,379.4574332
457.0630015,979.7780994
786.1976023,382.2199549
901.9085173,527.5493622
632.5911026,643.0872363
549.8938955,722.3003432
398.4404654,590.1858134
633.5268863,48.52503964
641.4087061,266.0922892
425.5278427,640.5320651
880.3075176,612.6623481
783.5824834,401.8411574
584.0651163,594.0104947
438.8540792,650.4850371
558.884496,468.7627485
273.1008475,857.4204319
450.0628702,851.0835371
494.4440745,576.6410012
351.9429092,572.5261252
701.1782237,237.7408645
367.2407242,365.3969399
649.3844098,589.7435324
631.1943931,787.252731
566.4276623,502.5980558
703.3854933,467.3671231
575.2237834,460.2161832
611.9262012,270.6729308
434.4825943,888.4115225
476.3218904,439.2405162
769.4249985,571.2460846
527.9393815,333.3749051
596.8604371,536.1911825
465.6164505,928.8573713
804.4664474,338.7246492
584.2910101,599.5587721
636.9361016,665.5443607
721.2315534,626.8663611
496.752329,566.3980435
731.0375827,307.5924206
727.7195849,435.540801
804.4017009,522.6793826
229.8464757,666.632157
808.1101105,559.5201444
366.6638927,589.4270324
707.7091149,797.4035467
717.0007073,605.9750844
964.6757157,568.7476193
689.9283406,465.2541911
830.4073377,627.0797291
520.4696356,496.5777237
402.3844463,274.6545458
154.0564746,709.1443027
570.4187275,572.9591502
650.7047028,903.3848679
437.5695151,545.8765043
205.282865,483.9836233
438.7682099,331.8960595
739.1238439,315.3010173
522.1122082,409.6568351
482.2951554,743.0353548
218.037738,380.5275951
646.8134989,517.9112814
526.88943,709.27023
418.8776004,647.0714213
501.6539954,417.1726651
926.5058645,861.0820785
790.4329127,592.7317286
734.9608753,298.8027763
561.9904122,582.2396536
546.401912,445.4487258
587.1749425,504.7198468
808.6291014,816.0123588
654.4221458,548.4581062
745.4558665,282.8293051
442.6271454,353.8848483
618.0848223,522.0772846
640.038003,639.5285128
750.4027296,765.6925795
386.9388019,390.8965844
908.6788298,850.6428232
705.0019097,477.9668432
564.8784343,782.3893748
402.0734771,460.1235399
775.2803954,289.7493054
724.3431324,478.1010652
789.1260873,400.3154678
684.0603449,647.9499658
490.7427358,840.3510576
394.3484153,243.7211849
453.5072451,793.568711
495.7535515,547.8253569
536.462195,554.0350918
716.2370367,506.432411
676.3664879,364.2825875
432.0559774,487.6266953
682.3827025,619.7881945
756.9058017,369.4673538
442.1031059,364.6634197
328.1799414,318.4597909
480.6806266,413.7914975
724.2825804,401.4084667
943.0228528,894.6913771
199.3638301,752.1239065
325.1312964,700.4778694
556.4355129,281.9804717
413.7272396,591.572141
482.2086269,438.0431525
556.6902146,450.8076005
657.2354742,411.8465938
421.0644663,338.1324967
384.1226121,344.6309218
699.5162511,321.9647754
844.1660217,236.1583019
441.961104,435.6170217
679.7846766,471.7978932
429.4946392,386.8568427
563.8372315,398.3384921
429.3709736,459.7204976
519.466274,448.3350435
395.0656308,807.0455138
334.0533452,366.8722127
487.9183367,428.6409424
773.885184,469.1149352
608.8002558,544.8604156
699.2579391,264.6542076
723.1545495,210.9917471
570.38959,658.7158546
931.6227284,871.9021033
531.751862,400.4946744
791.3795424,536.5256303
855.4539557,410.7980361
397.0438157,431.8902699
720.3158439,403.9359327
531.9365439,556.6587948
397.9461176,437.6296215
473.3621407,328.7425513
621.0102063,554.0823954
793.6612361,275.9548744
420.8701668,238.6022134
544.351535,404.2141969
466.3262805,398.7046358
743.945049,491.7270501
700.5202269,542.772201
713.2497076,919.234355
524.5274548,544.1763302
698.7115634,542.5097743
610.4768046,553.9000548
573.0030161,719.9568266
908.8957502,850.7096626
650.9152414,540.7410893
511.3629648,343.0829385
792.6799561,291.5711235
612.8974892,504.8279934
585.4288533,600.8664553
204.1646764,684.5959969
295.2127636,546.7809362
370.6051622,453.0018513
449.2939564,230.6090634
512.9527604,428.2759687
311.0758299,659.8730603
771.0946562,418.9511076
918.5665488,857.573145
794.1329481,613.7314444
847.577559,411.6615161
935.7620725,881.4894329
681.7424279,386.5774084
630.0998141,603.828764
628.941702,485.1033664
596.9317452,560.2217807
679.3183876,572.6839782
809.7006551,751.27804
390.8887751,583.4104612
580.1932973,725.9484297
808.8562237,317.1504989
913.4297306,434.1278128
947.7752516,542.0780865
983.6707946,609.2486487
432.1327834,858.1131256
740.1786043,870.5351861
503.3370308,732.775703
829.6767594,359.3521412
780.8485077,331.0939239
571.4488446,317.2306268
930.0278394,856.0852733
289.7414565,675.7035339
225.6190751,518.4471041
540.3312874,456.9577878
871.5512001,195.2336288
651.467939,357.2339021
481.9644567,364.7179108
720.0432103,718.335694
216.8123027,692.3463813
476.7808537,608.031206
808.153914,379.5093753
587.8522943,198.0783678
554.5832706,560.8043429
541.5551498,538.5754003
867.9146529,737.8141079
444.2206413,416.6519278
802.639897,816.6038218
483.1020003,486.6498035
640.51358,565.1075351
717.5274433,549.4633509
278.7452714,678.2133864
956.814794,867.37121
383.9322975,853.3414516
624.012561,463.9653333
502.1518037,421.9521117
455.2457091,490.8682503
468.6873568,677.7875698
495.2013333,425.6363446
597.1015813,189.3532228
496.8156524,765.9967312
524.3728091,345.9662057
561.307113,556.0098946
610.5212673,502.1785074
569.9228217,509.9368732
211.2427822,478.3663335
484.1413305,227.2625586
586.5887331,727.2411111
420.9968435,708.9480886
444.0568874,491.2024891
357.5258074,408.0290791
612.8847556,748.5252966
834.9802828,560.4484371
460.1662961,357.463024
509.6513612,506.2035189
436.5244922,367.6884308
749.443576,357.4327697
560.4056501,680.0517315
692.2321159,471.6418579
633.0525827,553.4962812
544.5791966,638.6390617
523.2176482,343.1508644
630.2365728,606.2865281
748.5836845,316.3317944
738.9809731,449.7719969
711.7131384,963.7829195
691.9810695,467.6567745
792.4908698,453.4793802
802.4759633,594.0831217
602.4854311,656.0553575
100.4136842,626.9659621
485.4230483,242.1741
501.4806988,945.6874275
919.7504577,873.8907587
702.8903966,318.876247
533.0772335,481.4585393
623.8182016,916.1578406
838.854214,332.5940603
561.3578826,645.92063
638.8535698,468.9432087
643.9014477,547.8817494
700.3922618,441.8783226
762.9847404,493.6085201
527.5710513,478.5044836
768.4785635,239.7275559
584.5318995,483.3778689
736.618114,320.6514091
534.2915381,466.4254792
689.3594789,557.6274753
572.795998,596.6122383
588.1531065,191.4760585
559.0947649,177.1967858
653.6101175,474.1424544
652.7740453,861.7884577
841.6144958,239.3692265
519.6174441,672.7935226
449.7891131,636.6583878
513.3133456,789.7172856
778.2872594,551.4039714
581.5601054,350.6524657
402.8985685,393.9058834
690.9811984,568.3161613
516.3554441,400.7345357
517.2842468,303.2220756
525.4179818,187.9856997
739.0552174,422.6130467
287.1882228,606.4903893
784.0730261,120.0156344
770.7074803,438.1369241
304.5596648,667.6419357
563.958665,436.9074675
813.570946,238.0556512
528.9419941,596.7114422
570.2475431,409.0686524
835.3248087,402.862386
565.9865259,491.497176
616.8790866,703.1707311
799.551643,834.5280261
674.1421852,561.2657417
590.952413,324.358479
721.9570083,449.0790943
569.1719297,451.0514316
897.8241823,567.0068275
458.8042519,693.5098969
829.4333682,390.5813172
694.4099335,474.2985732
705.4691873,413.5661992
611.1111169,731.3138024
598.5123577,675.2856988
702.6804722,327.6321269
673.1682906,418.7273136
409.5927642,359.4207983
498.1538623,548.4489756
793.474427,314.9864187
463.7438045,339.7305835
601.4426403,870.8333621
497.0961957,413.2869738
589.7637253,595.4737743
600.4728205,80.96279932
599.0125179,421.1327177
798.3736515,587.3423489
280.9856334,674.3443892
413.8974801,312.9972409
802.4191116,854.0361929
425.9165766,644.2392813
530.817846,339.0376808
331.0417024,312.1123029
482.1960431,413.8632052
546.008564,532.6177497
382.5459696,341.4637907
461.5069479,482.4542773
530.37644,360.7479128
600.0613459,578.7829338
469.232579,793.0667155
428.5746302,724.6507755
422.8791371,416.5976456
395.2690835,915.2983722
503.2761643,408.1394404
734.8112782,307.8295031
600.1108721,504.4054571
712.8435362,533.7968104
758.6666618,322.4746898
781.1490802,402.1943261
501.707806,225.4213302
426.5831723,744.346778
691.7864104,194.2290318
451.5060199,986.8611761
791.4501464,530.8238876
683.6971082,599.8774033
825.4916643,559.562141
502.8501734,352.7361464
751.912798,548.099338
494.808255,375.3459211
564.1661925,995.9060806
457.3727722,579.4175009
572.0705132,367.7510288
185.5231867,755.7406105
419.2476533,748.3984919
425.2139673,579.3863481
706.0532993,269.243144
513.0994064,727.9551583
430.008342,524.4779667
728.7299424,532.3760706
613.4117013,480.686637
591.4696513,312.6056902
708.5485128,272.1869617
479.2534314,428.8064008
416.9016925,249.5939855
237.4432578,642.410422
621.0653202,629.4584309
578.098997,479.334826
572.9887246,483.5752949
613.9436356,485.3210384
607.8697303,749.667605
693.3445968,250.1219522
785.3138765,674.6339779
221.0556277,562.0425749
530.6412386,626.2044023
763.2571793,364.0784337
517.9688193,493.4394262
930.2304382,867.0450988
692.519835,516.2479432
632.0259561,581.7137555
765.8674744,288.2097005
967.4608804,582.6212797
568.5715486,449.5285209
829.2200881,395.2543722
451.2741488,562.3747244
762.9091179,365.2210764
408.4606586,977.4190796
338.3529077,994.8833477
593.0176658,534.3811904
579.5710445,345.3263944
463.8580322,390.9686055
863.7722228,258.4530392
635.2584742,538.6699867
599.0989116,667.0387513
252.6272345,730.0684664
834.8838521,211.0956522
396.1410944,792.5789486
736.1320506,189.3559181
571.4790606,462.6723385
916.3602978,850.0145453
530.7120074,468.5841061
813.2972189,279.1539104
567.6810665,200.5287564
812.2416196,750.5648704
480.9570353,358.1039219
707.8572439,139.6639781
138.3160253,704.3013598
775.5789006,601.9725964
520.5729275,479.9917912
440.1169363,564.9171921
549.0771783,733.7681607
472.2230541,601.4453611
617.4834076,550.9939506
344.4186935,709.0556084
783.5162688,564.6665496
270.8858478,675.6742408
550.5427841,325.8838552
801.9237451,280.4225221
870.4212517,796.2021715
585.164564,256.8066041
462.1025052,636.8379913
727.4536177,525.3264032
742.6070638,445.642955
461.0482243,418.3000971
510.1070438,430.8683727
797.602955,819.4695174
681.5594687,468.2061991
790.8883256,952.3531914
257.4642593,745.5611911
609.9185792,529.2353702
582.3350115,256.0007493
682.3446066,385.8737873
880.9158085,589.5098556
44.25292466,616.8203698
624.1418743,919.5246541
206.3320675,371.6140921
741.8958406,561.4870493
681.2376686,565.4513851
834.379707,189.613393
695.4395563,137.8450433
385.8997113,598.9346938
509.1396658,726.294787
445.0652675,505.6202463
806.3747774,602.851517
444.0104323,509.5119551
698.7239674,721.3273167
465.3796507,623.1128652
445.3214223,522.1946036
610.1957519,296.7027985
799.2747998,442.3333487
590.9897749,341.6157935
530.3606953,421.0203924
440.9019993,415.9601534
425.0934027,356.3051915
633.5402791,589.0164474
800.4145007,613.0993847
435.239194,455.6038456
604.9776035,492.2458652
928.7751841,859.6103578
415.2818755,438.7430337
526.7486265,483.1176987
767.5048637,300.6868163
566.9045875,204.343931
421.7708807,786.5848592
778.6258229,144.6987683
813.156715,447.7398823
707.6439938,575.2723497
250.126643,666.8751524
157.0372572,695.0234681
566.2743799,491.2226935
342.7446614,275.2257836
643.3965536,554.4335374
212.3841609,525.8559159
343.1818129,591.0683695
488.5262081,414.9872732
373.3051167,620.5421698
646.2316489,510.5880717
691.6002454,441.8307473
633.3324819,716.2921922
705.0407396,732.6337293
736.2318819,452.109496
727.3801974,149.5307838
235.8695215,763.8185059
619.2897341,442.1855039
475.7822859,676.4670787
829.5003918,395.553196
180.4032067,657.0052336
396.6334048,435.7008896
779.482179,421.8419802
655.9149115,492.9847134
639.6112931,830.6006933
269.9767148,600.0464136
705.4548807,207.3523733
624.915507,472.9713334
464.4293657,427.7902494
187.0507975,741.3902569
716.0897017,615.2020369
785.8404777,559.3568381
533.7721876,467.7967424
447.9316575,641.0430869
542.9365041,385.7980262
812.3323427,524.0005423
556.8277223,454.7006255
227.5834778,527.7094299
516.8041607,734.5860295
432.0303155,493.5683412
535.7594359,422.838951
959.7772402,585.2505614
274.1597725,369.3341764
456.9224527,408.5467241
451.6941474,221.6172084
225.1477976,711.7435809
578.2903004,807.9918588
776.7918421,449.454703
578.4285123,597.3443795
622.3217356,472.7217564
549.7160598,935.224395
915.5495879,858.4066006
304.1833798,378.6443074
501.287328,558.2541235
405.8668572,920.5508345
696.1851901,564.0780535
644.7116034,344.606079
377.2854108,565.4698553
480.8203815,691.5711987
702.9570456,432.3801888
685.444201,397.9551944
387.4843686,298.4954696
697.4494254,547.6825057
415.4612243,359.9124514
705.8124099,147.6521135
828.8613605,247.6834313
809.0198577,440.8449756
569.0716789,643.6280736
74.02878135,603.4572505
928.1292468,736.6417333
755.0993104,348.4601998
730.6832295,319.0203728
752.0645224,624.4263568
455.5357503,415.557717
491.2158559,922.5384035
560.121032,402.2347139
785.129614,400.31248
426.3175797,951.6129642
346.3426034,581.7434457
497.3838699,375.1812567
631.1180665,944.7523652
720.9702303,396.0572183
463.9429128,959.352254
466.9298374,768.8067238
224.8246492,518.0712029
207.3243284,651.6690496
723.7477249,162.1925384
385.7880003,485.1025097
663.1158589,493.6688406
753.5212146,58.91402435
384.6937209,337.5585427
184.9849306,657.066557
443.5915872,800.3828212
509.3035096,474.6671407
557.9748835,263.5607072
517.3256235,578.8091138
581.2869026,907.1569386
706.2278393,545.4688027
645.771592,470.6098899
508.8689797,806.6774895
801.4076155,458.3599739
385.5779711,851.2738383
226.7228672,724.5254751
925.2754256,874.2706924
772.2378475,956.778529
621.7370393,632.6686242
235.7975543,383.0323077
158.3976386,720.8256555
905.2337508,641.0458657
665.1635992,901.9418344
630.4884131,600.1001108
548.3052684,714.2428819
719.1384666,264.6364687
432.0153049,506.8526489
533.4457284,378.0566679
597.3584551,630.9062073
651.4386068,414.17304
730.4979184,509.8295833
559.6084378,777.1996775
844.7296551,595.110493
677.0356902,753.2493745
782.1806954,575.2487188
413.9260033,243.3520742
502.4468483,547.5947725
239.8265506,525.2882301
468.0606697,272.8763123
456.6929186,495.7160406
560.4364654,482.1327001
527.4026384,548.7502231
767.7231323,474.036042
545.9074593,670.3730331
605.7432216,504.6562669
209.6802364,671.7823648
831.9367911,421.6444498
705.5497834,519.2298085
974.4187212,533.2276829
586.749386,542.1720879
557.2298789,450.0611887
502.9061562,558.2103927
450.0722481,385.1020103
275.3847734,582.702724
904.298072,510.9969852
544.500503,546.3596745
746.3162524,395.3940685
612.0081456,89.16334164
483.0655373,421.2152484
861.1137348,728.3865535
829.8078704,398.4375289
167.0668733,655.6963385
98.95332175,625.0493904
384.3737934,322.6784675
464.3072132,279.465166
519.3024302,397.6690323
470.1069269,342.4326802
595.5396497,300.5049144
715.4431801,503.4651505
585.1181988,534.3355373
461.103503,444.9267766
580.8400886,238.9987786
826.3630461,468.9902198
671.6625067,181.1102033
921.3294972,850.6519538
431.3296537,636.0454668
574.2252756,988.6914144
280.6936598,674.5015736
686.5889953,404.9204299
383.3952997,849.5861378
401.3335809,411.8042629
741.7478164,794.4517477
633.5404289,520.2395663
669.7473005,893.9129142
719.853375,549.0204641
704.3279285,516.7678239
568.4863535,490.7931787
538.8972161,615.2698792
480.9469982,234.0236403
828.3264151,98.76055403
653.2954781,857.1296731
497.004439,310.7720671
344.3746203,670.8358318
176.5903069,521.3401497
960.5493149,541.7196944
772.944906,546.3703512
527.4583666,477.2736689
612.9571722,598.3535941
874.4006769,826.8501433
418.0332438,427.4659142
223.668934,520.0206406
505.4319154,686.9194971
565.614106,470.698438
630.5705972,590.1842254
675.3078176,312.4476701
229.0352564,406.5805087
441.9242665,351.685959
915.7306445,862.8093937
974.8746734,583.3354732
463.9688743,405.6196842
291.6279297,667.8488893
347.0749194,275.7145743
817.213111,579.553687
592.0062895,560.5532198
760.7536964,759.6076854
545.1113706,409.9511249
603.2665092,639.6486524
706.0155929,489.8765865
751.233993,272.8880756
673.1448158,413.1848238
853.6194954,422.7621452
516.2214119,225.8870122
660.1014447,297.4937768
231.3773822,715.2314116
587.169834,599.0826222
252.3096439,538.8678097
618.5113075,803.0037036
458.4021103,860.2455516
450.9022532,770.9992823
449.9587394,752.7752513
878.9629259,584.1117423
759.2888847,365.2791195
611.784439,539.9148839
506.7867539,801.2709769
223.0001211,546.9337329
773.9920712,511.1637808
459.3412946,401.9433492
607.1611138,849.5758998
724.5239793,562.1842979
465.6706356,266.8320568
461.9590651,447.4657341
545.5938087,379.0629156
662.151507,504.1757084
639.6950651,605.4267881
537.176654,474.2610478
553.9364494,409.3266914
414.5752364,252.3971667
508.7948852,485.4541531
468.108503,618.5039542
582.0400867,413.2721601
865.2179642,717.8041963
398.5761904,442.7569506
381.1476121,669.2131112
434.4422663,574.1014377
534.8943311,409.1552156
780.8947231,487.5667509
767.1043699,476.6594316
506.8926224,503.7820265
585.2756907,683.3999286
477.6043422,597.3478688
789.1854707,292.0630064
775.5660622,634.8574844
596.3011331,689.0454042
472.3532662,201.8479312
744.8793946,442.8942023
784.9030311,303.165913
506.4819718,707.0359465
532.3475391,606.1012832
553.4898451,301.5927108
483.9882429,379.4733543
646.0216946,627.6734069
519.2369796,608.5018608
474.9544081,586.7606642
513.8091764,618.2665583
520.8744138,233.5724585
903.2362557,968.8218259
566.7364292,529.2181328
545.5489565,505.3223209
703.4306751,796.6396468
682.4889905,523.7373634
611.2591861,593.8662018
851.4209445,259.2629474
588.8959839,356.6545784
587.7061277,748.4757364
525.1023537,807.2248456
310.5563296,712.030913
682.6970723,567.3799081
357.1862401,297.0365777
445.3877268,568.6647334
562.4987519,483.4565969
744.5569652,440.9091406
457.4181637,565.4808455
875.028218,727.8220436
853.1228856,402.5838501
763.8776344,315.3844256
646.6670926,470.5456831
812.2590721,396.3062521
543.0371444,464.1580372
521.0560547,334.1574424
564.4259576,383.4843669
473.6647356,930.3791955
431.8675653,487.4221237
463.807008,748.3546148
685.5843903,615.8780573
782.8075623,278.3610516
681.1607128,394.969025
694.3036755,495.8406724
410.6658909,881.4400816
674.2950931,558.5924576
716.286503,187.8847197
525.5441342,316.7474774
483.7989169,420.6278597
459.2024985,772.8343679
947.5374032,642.3848897
897.44971,564.9926398
576.904377,425.6736401
658.4529697,689.0110756
366.2810313,791.9082143
328.8780116,511.1736845
475.5041695,462.2944106
398.6131777,718.2223866
595.9370574,578.4776956
496.9947914,456.4363192
570.5475015,980.8315881
479.1578396,770.1373066
628.8195794,892.8690994
894.874215,417.0914508
500.0115426,568.1576188
875.9433134,435.8775262
222.5321693,643.5337796
776.1392233,859.6235418
668.9522004,408.7960504
340.0858888,524.1625323
504.3098018,372.6710491
836.5896582,447.3421053
579.5182225,956.56537
666.2804995,433.8214881
449.05452,428.7018689
518.1837173,531.0507321
483.5321708,408.0624256
689.2595877,157.1476147
966.1098619,703.91357
786.1260845,292.7362688
763.4224462,713.0251885
596.3692054,496.9803273
874.368813,723.0858891
628.7939474,473.4976285
801.1583818,614.4031607
662.3546901,388.0047925
779.2948155,427.2048874
564.3115051,515.6918743
417.7431727,713.2597428
592.4382876,757.3979522
750.0436725,429.7325205
486.7612433,388.9326673
780.1334645,438.6410717
563.0904741,425.6469168
634.8975594,611.4182449
745.3657427,474.9254513
534.4034439,437.2065629
764.9262527,462.2862828
730.0225512,884.8136439
742.5111125,672.0428484
250.5187475,430.3841787
783.0269395,303.8709131
533.2919966,347.241984
619.2955766,800.398032
844.5445837,581.8207529
697.0561523,134.5644378
474.674509,332.1846245
562.4067106,525.7358599
507.2928764,343.3887617
707.5524019,161.0944832
207.9211441,495.5822573
532.7759868,663.3663025
820.2109266,320.0804848
642.7157562,496.2054789
534.9532352,306.6777507
542.4920571,575.727355
778.5082395,435.5212861
591.7480374,559.704052
742.9159057,513.5824107
568.6753049,352.7906166
574.4951976,526.1563694
634.3431241,520.7697895
753.8099225,340.7302704
483.3565372,372.2785373
401.9845667,591.7485895
903.0632737,712.8819403
584.4253269,270.5633008
895.5696635,973.1780466
658.6010838,440.1001935
362.93469,533.6361367
432.9890047,315.8495017
685.4311828,352.1577629
659.4292762,543.339072
442.3967574,562.74582
931.496606,876.4306356
455.9550897,345.4202495
454.0969749,246.9924509
776.9611838,563.8432693
443.1399644,515.4279642
738.3264518,358.9353507
757.3572147,306.1487394
627.9589988,447.5454442
568.7466729,700.7900862
664.6853258,847.4887508
509.3953412,219.4361624
754.68066,270.3334058
790.1691926,525.9663399
474.2791836,310.9025283
398.1902879,315.4119846
876.1439048,770.6790214
870.0945678,443.0296571
469.167413,537.8843572
462.7714079,394.8498883
141.1687229,650.5317766
241.131009,752.5368943
637.9059813,623.7230282
672.1949353,549.1853583
808.3115258,682.4947236
272.3535958,371.8799663
525.4004844,680.4660565
713.7292545,482.0217956
576.6849099,460.0677324
810.6842572,772.3325395
573.4481823,483.7175611
306.2524376,647.4989303
172.5662092,720.7002088
724.0980783,525.1950644
744.329094,513.8222512
545.2665405,260.8812176
840.2198836,732.4463324
717.1201334,391.3093215
777.1343905,496.7872263
821.958349,567.214596
746.8448909,446.7674409
413.4511305,365.3057801
744.6943381,598.7236868
669.6627645,383.1207095
519.6101336,579.5665367
850.953622,424.3647033
474.0337999,789.5775893
462.6191592,502.5085048
601.2608497,414.7534084
679.6012081,618.1506184
769.2765698,444.1655928
439.2300945,881.4290497
534.3248102,643.5096681
829.7380754,740.1672147
779.9557336,428.0952787
854.9486271,399.1296376
456.7444372,230.3807981
487.1434156,386.4035716
724.7364054,613.9595843
483.9762883,430.46836
787.5504035,641.4631785
598.8415883,351.7257826
782.6912972,318.2259051
774.6636854,564.9016262
909.8695549,440.6199071
848.4648502,634.7025566
772.8038029,779.3922987
465.4343452,626.1391717
462.0900712,631.0305048
482.9513095,349.3450542
597.8036662,344.4479753
495.8249944,570.2042338
655.1259835,546.1457842
586.2427242,194.2593279
838.2879589,379.225407
551.9273892,358.0624894
375.3525424,458.5376342
599.5024314,767.348793
468.985922,385.8664117
468.0272927,409.2138646
527.5252554,918.5264506
742.3822636,291.5629331
674.2481136,841.6580513
613.5761743,550.0511575
504.1598901,692.7817464
326.1636456,949.503417
914.4191451,850.477532
956.9463244,906.4164397
497.0761216,213.745974
505.7194547,404.4022625
537.8231306,668.3407513
813.1786917,379.7105412
714.1982848,551.9735168
930.8586234,856.4374809
312.2212684,720.8111969
845.2668626,620.8492258
785.8564321,564.313151
510.3951673,564.69835
572.3592061,809.1471213
142.3179365,512.9807724
688.2733191,564.1764635
633.7872058,641.87859
721.7952468,504.940068
468.2087838,615.6134577
749.9052059,884.9762398
691.1880967,395.782694
632.9554629,924.5577311
552.242508,553.6943131
795.6319757,450.4296934
564.7952016,521.4536242
675.1256824,605.6113852
667.4989538,431.6546082
810.6477193,636.0763479
732.5316967,516.7573978
658.1123388,699.6580994
873.8809819,683.2558865
452.9649292,503.8427649
486.9319332,324.6608547
773.0239591,543.4804397
707.4594018,251.2652635
217.2765692,778.7430224
294.0093948,624.6827452
658.1206831,422.1961309
161.1202889,540.579747
778.495431,459.7197454
555.862921,436.6585382
663.6100119,485.6641781
731.0370884,785.388582
493.995268,425.5323977
476.9042047,434.0271671
304.2394825,415.7965546
841.0548023,353.6757636
845.5735323,941.9855184
670.5328878,473.8455528
608.6225099,231.1778983
778.777023,863.3097805
715.9641485,471.8169901
790.4858544,158.7850445
494.8892407,630.7278574
845.5171899,266.1339725
724.874782,457.0550069
782.3040164,310.865379
406.9671738,356.1796613
631.9508879,553.8408208
758.8197195,368.6299702
874.4874451,513.4294259
404.1582946,254.4370121
471.9190959,619.4567554
599.1866535,916.4835129
644.7989408,496.050175
683.4518144,561.4582994
644.2389776,938.1390448
690.8479152,546.9959548
550.3466269,747.7342556
98.90724115,488.8574474
410.1409825,914.4016083
670.5967205,534.5564689
780.4776008,540.3912636
145.0577247,689.2530055
260.7371802,675.0922636
788.45293,657.5908254
358.9339772,709.7957729
650.7851791,547.5658763
628.7457695,728.8790633
649.2661522,161.3211397
538.9008564,670.5740946
402.1452946,359.8855193
554.5127115,444.528519
449.6068131,217.3747546
402.7253618,439.6278254
551.5385205,738.0093191
773.8574397,465.3142818
811.7110636,441.4267021
544.6927951,341.550542
267.7230649,706.9431987
591.4306266,297.1874312
397.6924796,322.4267384
400.8302298,428.0210011
492.8563162,681.4748323
581.1086174,970.3174074
638.3252009,772.1698391
265.1486485,431.3642673
740.4752818,351.333229
391.5698121,434.021693
605.842184,686.0780601
398.0589522,405.7170496
386.8701903,659.2538711
602.0089253,493.088514
524.5627493,710.2986669
627.7922337,437.8392286
543.2712776,309.5978747
693.80759,498.4685542
493.6525698,410.4571948
688.053088,532.1518378
392.939901,446.3403289
663.5986715,899.312699
865.1358999,585.7933627
741.1141932,352.4860679
432.0001294,457.4614131
660.6427869,895.2809179
225.9874053,497.1130241
650.3449266,130.4304022
451.3913127,639.2845354
511.3254232,203.1130327
298.6531537,674.6846037
743.8951184,440.9262944
296.1913172,665.2369913
429.1621578,524.2420125
851.5741071,625.6495453
580.649699,256.4475642
484.6221657,270.8681212
263.2304013,455.6098004
539.3967322,569.6871111
607.69158,622.3073447
528.9307736,515.8066025
975.0042114,481.2016076
457.2344705,394.8814798
704.5564739,478.3303334
554.8386913,246.6428551
522.6296412,220.4791623
814.2680125,327.1395336
573.6277408,805.9798022
520.0271959,465.7396387
807.6488401,337.3408497
875.8123971,694.629431
463.160037,712.5531756
646.7677029,603.4511913
179.804923,543.1479977
550.5232642,282.5773045
768.7336696,293.4582348
663.8213745,433.9839378
490.69679,410.9886298
686.4595022,371.4293069
608.2426147,544.0381592
554.4057644,397.7992219
712.9331807,487.31498
634.0747601,700.947772
479.0802546,523.8129783
310.5755498,566.8005635
444.5883722,577.7884285
524.6444989,370.8418346
555.6657452,461.6125399
758.4541607,312.3896061
342.6546874,273.5030233
778.9385598,421.8928358
762.7703818,274.4488041
424.2192046,599.9279246
344.0732837,834.5983966
680.0646357,22.57162259
584.9326929,601.3340387
670.9968847,475.7621872
424.3126242,345.1920678
639.7158733,871.7497245
563.4780395,463.9723745
764.2189395,355.47744
653.6064772,208.6613519
629.872617,441.6230624
858.1895793,474.6322897
564.6100553,641.7324584
790.3844502,436.5490544
685.1530513,526.5392492
636.284936,473.3580994
345.1818397,392.9940968
720.2383787,453.4338316
632.185081,380.1784172
502.6249388,942.0868954
605.7918639,288.8336952
768.7129514,593.7823966
780.3121991,496.6355579
744.2791334,315.3283465
682.4330826,560.0355747
808.7045742,601.3530939
765.5880396,319.5755223
474.4012462,230.4199323
591.9794291,320.9595934
284.9008964,409.4364677
450.372566,906.4028378
700.880857,546.5944795
503.1392558,712.7059723
793.6044294,156.3853654
553.3545395,550.3991654
628.6151979,479.7076349
700.7657154,561.7558278
574.3141859,407.7162773
630.8366393,451.536148
498.9658905,502.9537109
631.2101078,604.9014541
307.5666785,660.2287571
624.9505169,459.8684469
693.1216392,619.3072599
577.3220835,346.090357
522.4704714,548.3381128
453.5401877,582.8083632
921.7703039,726.4709639
570.9560998,569.7878403
778.8709669,430.7550654
772.9772494,589.0708341
473.4768628,603.2797782
321.5449644,332.5411362
586.4735466,525.6452224
552.7907413,386.1675129
672.1422482,381.1813009
660.3504238,695.4061389
580.7147601,404.6371511
667.2850146,386.761525
427.6893314,565.3118978
381.3058981,342.4152338
601.9193109,392.008743
579.3430683,603.8910276
554.6688852,569.453894
726.0845476,490.6755463
542.04761,674.7294001
658.244828,413.6846255
452.4219542,453.7765534
233.729575,813.0934466
508.8313782,987.5129388
791.1714606,480.4694246
567.6534871,385.3405345
642.9167521,658.3555402
507.3681095,351.766254
448.1365334,311.3975035
611.1409435,269.0919144
649.6431263,497.454722
654.331168,485.9739503
879.0426531,479.8610793
686.7960734,429.9015309
426.9575247,359.1762985
560.9802494,735.202001
470.2429216,738.4564892
491.1395743,255.1498683
552.3529906,660.5320313
435.4330292,574.164349
509.8573307,208.7504224
370.6043532,997.1621351
889.9888027,841.7081756
332.5088362,319.1221676
496.4912156,547.34273
855.2391476,849.0156731
523.6605073,310.1586447
331.0494624,599.0790703
429.7840511,489.2391362
686.6618164,411.944168
547.0980496,699.3057873
963.6117722,959.511486
186.3606372,484.6282612
685.6391597,470.6495673
369.5231819,780.6960121
823.953627,410.8508975
532.7229552,339.837351
764.7916512,289.305729
524.9879911,546.3164869
186.3493417,532.1865634
803.562273,333.349937
914.6120665,876.3784846
681.1120255,559.8143089
410.7204206,306.5128147
374.2198226,568.9926832
463.4914398,405.3274629
787.4309774,646.2628294
462.6108899,657.8621738
474.4630116,402.0552567
857.5335449,733.8650664
830.1359175,381.8005736
498.7609547,661.4708754
706.0084322,555.589385
764.3875321,553.4359398
499.1124616,548.8133225
824.5817673,378.7615845
371.3031724,404.0233108
706.8581069,531.3911347
254.5106816,419.5729085
774.1052353,414.6312003
540.9251369,357.0039653
952.8574802,902.6178757
912.4677456,853.0373207
635.6283474,525.710829
771.304251,443.9629852
403.5594866,883.9408035
790.1646685,233.30134
754.1002782,668.9215794
653.5257613,484.862126
767.5042195,300.5530956
501.8801888,634.2110706
457.5151037,322.9307815
516.0597553,697.8842954
799.6121649,659.9465648
243.4870669,422.3276995
626.4757458,445.5003545
570.1645951,595.365001
215.6893503,516.6945283
412.9357498,611.3323502
743.8305367,658.3559163
628.262912,480.2744641
368.3731893,451.5950895
700.5608096,567.0947906
424.0818916,408.4183314
596.0395853,574.5132972
908.3229037,860.697778
678.6461892,520.3674576
797.6478371,272.1491229
224.1425035,523.638452
559.5536833,855.3026734
868.8129999,454.7344945
218.5924879,655.4200592
707.9974332,631.5283843
652.5294406,577.2762577
949.5484408,895.8688498
712.2819252,474.6969771
633.511591,427.8084062
752.3422644,541.8400429
200.8905121,680.5714659
669.9231438,393.9671023
705.8690519,461.7755954
637.0424795,542.2385722
654.3967235,497.8149946
485.5270442,516.8050567
598.1581842,352.1823132
588.2060333,378.9670337
561.8484552,456.2254167
662.2662741,486.10134
590.9080552,744.8160329
453.2099234,220.0116207
750.9111143,671.3939064
716.6744579,199.0128242
441.2570715,577.5126506
428.1146181,600.131953
401.9261271,257.8234241
705.3480535,392.1678496
712.2574467,189.7434572
690.5169918,257.9955894
488.1341035,842.0062054
205.3213354,689.501496
466.3961504,486.4990544
516.0669909,426.6471471
899.8265461,538.0925644
606.7945813,492.3492897
620.6894398,602.6506644
725.2338542,203.4861341
920.7596767,590.7202362
802.0802784,345.3942785
602.6165271,379.5500556
675.6617813,427.7345255
834.0557795,395.4003367
551.2349967,727.1450621
719.6657119,499.7644323
271.693277,677.0964849
175.6790915,513.451469
589.0576855,730.682641
640.0578674,514.5314301
754.966192,535.6327527
439.3890845,533.7598492
634.2045827,903.8844607
394.2669054,921.1708176
638.8488659,873.7101941
652.147448,474.0013373
443.3329755,562.7178641
452.2953973,855.4648305
568.9382909,749.1236128
833.9729363,415.9111991
790.6501776,484.8623767
739.7290338,748.034333
852.4233474,478.8900378
707.1026666,585.7956401
639.2278174,554.8017497
554.314562,317.6314125
800.8056315,612.3032664
706.1494154,543.5340116
632.4677516,70.4003121
683.1155728,399.6214578
345.4808842,554.7286212
833.5375825,741.6161403
769.5245901,638.886821
900.8462516,847.861309
337.1381686,613.8645591
724.3955947,406.2191078
630.7531818,530.2968821
594.940542,538.3116573
333.3102731,357.6081318
437.1896348,361.0101097
401.4697254,329.9130037
943.5274024,890.105909
622.7073535,476.8210664
405.0584992,673.2224732
455.8057023,577.6394554
832.7407597,463.984075
651.1832759,534.1985991
599.9389837,785.856625
962.6772019,907.1818231
715.9240752,516.4552937
465.9756125,770.4043718
655.7854484,864.2530541
710.0858161,468.882909
657.6388742,492.8066769
527.2448019,197.9381283
631.9727148,648.6692573
476.7127815,789.9279582
868.2232851,619.224186
831.302329,507.9756723
712.9098857,543.8735992
491.3680447,851.9244309
343.9992042,276.8566737
510.0601392,452.5214391
645.4609075,578.8588621
450.4801873,412.6902873
209.4836898,673.0557194
455.265978,330.0313882
552.7448554,387.9366576
409.5552526,828.7190561
489.1374501,429.7490476
522.8533179,544.7290769
564.1219994,241.6493093
431.4446006,550.9284275
502.0773197,659.4274572
655.9609621,610.5139801
602.2244975,776.9442712
455.2292304,535.2346831
263.9310481,672.1665609
534.5976385,755.5800622
757.5690267,358.7415394
727.6519171,482.4937249
614.5410954,650.4741096
636.2031115,566.2566549
959.4395155,923.2511344
715.087194,473.0611351
564.0885625,413.0705344
742.5000717,481.0704152
600.6298481,881.3952643
514.8306647,335.7367456
600.2666862,702.4131829
474.7834935,493.8115247
721.6447957,622.5250377
660.3744678,522.2117992
625.9901917,878.3348381
777.9177607,540.4922018
536.0455071,395.6096303
166.5231342,556.6813601
643.3197925,467.4149909
856.6140902,403.9480929
415.5682613,572.6187894
666.4580056,883.1658925
569.7726254,373.1481392
553.8969753,369.761769
607.7917409,495.2964713
556.5457108,251.2435756
463.377197,514.4191257
613.9052401,521.5861121
763.2949456,476.9639803
541.8976683,449.0639672
576.7123246,730.3881005
761.2490928,305.3931134
589.2385773,559.9103788
419.1669074,359.8731083
478.0922782,595.2192037
740.2652076,975.4565206
512.8132602,615.9835295
403.5635164,691.7785701
459.2863005,526.8470573
546.5711488,472.5363862
879.3104029,501.7648928
614.3799931,654.5035715
839.5901553,429.1536565
346.7062746,554.6929554
768.7633464,495.7820234
623.9038162,523.9303599
640.5224335,522.0215398
872.3600075,697.3163797
498.7957399,534.2567675
760.7936949,309.771628
609.1844955,688.4476313
415.1179269,588.6980252
832.0183909,451.7852653
757.8024708,524.3542543
969.5157814,910.2795866
508.2740366,619.675702
341.0548997,290.8671262
703.8908669,524.3072013
824.2328071,327.1360025
567.3087215,566.8587946
720.6006567,535.7302434
408.3976648,426.2752366
778.4335008,332.0838117
701.0939873,147.458741
485.2666948,349.1658059
422.65967,941.3796805
551.6509206,325.2824258
616.3080677,544.2784802
590.1896862,746.9150288
746.9628039,442.3955288
438.1749446,235.6459639
534.1440832,394.7217045
508.9946827,391.9160579
508.8566806,960.97253
800.8622435,339.3736121
526.1440059,582.996387
593.4784118,392.1781294
807.9183726,480.8147163
259.7362006,716.9939329
449.8054271,614.253707
714.2211304,398.4043286
775.8171685,313.9147315
510.7349294,569.7006503
214.4286803,785.2662694
428.9885016,385.5116969
488.5741762,333.9219478
876.7563154,673.4230124
761.9428785,320.3107141
459.7173698,431.0035559
750.2317101,431.28696
395.3869066,434.2066035
811.5232806,290.7128878
657.9789358,510.4196882
742.2752266,476.4339034
883.9709551,606.3071712
710.3677827,287.4661094
400.2005914,417.6474778
644.7304491,468.9865634
300.2897939,759.5565582
571.7405186,522.604311
717.3808123,297.5488948
512.5819584,497.7812302
745.0294711,617.7354576
539.893297,328.1764325
485.9698884,589.4197405
765.2363529,346.1811616
421.7827604,436.9954306
510.5294842,359.9189494
622.5249636,468.60874
594.5772304,314.062263
760.4539179,535.1693063
890.1867725,533.7292397
812.3917261,292.5992888
483.369091,767.0230997
523.3447444,301.2328352
460.450345,950.2246308
639.7294158,534.3739611
344.2730662,826.6523413
727.471265,298.0470668
639.0477945,387.1476224
900.8152416,535.0218793
330.5822896,512.9826946
410.5074701,981.3526597
789.3368506,158.1524624
713.3845039,476.9816147
780.3723915,414.8294411
375.5517257,415.3049015
812.9987137,373.0463026
626.5893893,677.6509449
796.6480559,267.863983
902.9201932,400.1245608
398.8066084,455.8077069
599.1303411,325.2589829
652.6843859,133.3090101
590.8431589,563.0518313
752.8349343,313.6588446
604.0655043,511.5075264
784.0424055,312.2546945
785.7716564,299.8941873
569.4528026,446.4048282
713.8202621,199.275836
505.6558317,551.9712185
798.9569995,422.1974263
914.4052281,858.7507849
571.2258271,482.2091925
474.1555779,267.5945359
669.5471735,571.5524928
591.580748,543.8704443
758.7822977,540.1476414
468.3300075,381.7862613
533.9267134,333.2972427
242.2591598,406.2701306
542.3032105,729.4944916
500.6816438,498.8943708
866.5167899,583.4257764
103.1278255,606.0067595
498.6918338,477.5818741
693.7475324,487.5708879
419.8872089,544.4220836
588.501033,547.1725078
493.2514169,696.1587143
448.375745,566.1161438
230.7511894,507.8017101
222.3971784,396.0058821
480.7923676,377.8034345
583.7670605,695.4350351
485.3290445,655.9334837
362.7832801,719.9136808
575.3500257,523.6777951
644.8730503,496.2015509
317.8503071,843.3689021
550.7204101,336.7114853
486.2535927,477.3019801
523.6009291,476.6511994
952.1723684,672.2254398
586.4598393,342.8848439
500.2878464,455.1126731
395.0006745,311.3543577
600.3249761,314.5817885
508.7843238,430.2544906
606.6275316,271.438941
748.6207767,747.2329704
506.7685823,216.6139888
614.7960518,591.7280509
566.6245085,543.1436936
773.8684655,421.135225
804.7709898,333.4870424
873.1140755,695.7766077
697.7040372,419.2337595
504.7857233,404.1589327
819.7350201,301.8090666
780.8420061,503.5371298
446.8816311,619.7145228
783.6357697,289.7312531
355.5613298,305.568977
689.848958,536.2894254
630.3927315,587.899149
461.9469308,619.5613709
474.4004672,406.3892255
817.2701275,751.6798078
426.6155006,480.3159802
635.7117898,544.413747
957.5187216,980.0325656
478.6546533,577.9818011
741.6809726,492.8235382
438.9027814,375.5115049
548.4871939,480.8915012
191.8376369,726.5408956
650.6466826,540.4332602
424.1751614,307.6229257
576.89428,484.2753432
703.6389516,486.7622124
740.2824953,465.5716104
798.1998006,581.0145638
462.607684,640.274841
726.5027035,315.1538202
517.3915085,564.4524503
628.8556829,532.7000924
233.2624172,765.9159974
558.4968557,485.1034917
473.849088,533.0603232
422.5816356,358.7070018
415.1355292,589.3955454
599.951163,570.831676
575.2553927,981.5766835
647.7701507,360.9823418
420.1374164,415.5122938
617.5010548,853.52795
594.2723134,182.7707418
639.0394502,528.9478082
561.9630125,446.4073772
318.4131616,332.9444292
736.2670865,469.0959427
770.3493669,443.5979279
697.2553506,197.9461934
398.3452032,829.2548162
427.1740856,387.4810882
396.2603707,438.5982393
705.3384808,264.4979007
534.3845982,378.5299553
795.4458257,471.9118482
374.3705283,568.6713149
651.8696611,539.3667756
719.6963774,805.5039866
660.6367647,545.9773798
644.704892,503.7173601
544.0168964,436.3243411
828.1526841,418.2641597
435.6554924,576.3713661
420.23157,343.7689461
698.9985784,676.3530401
522.06036,578.1376901
560.4632508,443.4364185
572.519859,214.8793607
774.6807035,287.2122283
505.3794829,303.8865835
649.0841069,541.9842523
648.3188184,921.9638018
542.6721099,476.6524949
467.9860659,245.9450633
657.2003894,624.3821872
412.0364741,422.8953435
69.70529465,599.6182987
593.303722,746.3092952
493.8623144,614.0233941
467.7639921,231.664516
739.8013905,449.3379273
750.609508,484.2621174
589.2854668,474.9374235
490.6430693,511.4580706
332.5441157,665.365572
806.6616277,171.1946941
688.2329761,249.782657
526.1317068,427.7705674
710.0684535,521.1146633
579.8674224,466.6057514
520.7528455,545.9574262
686.7577677,475.9998547
797.8275904,330.0947592
648.3759398,581.2271796
597.7494661,673.0512899
531.0975055,587.8816817
728.0995401,560.2201092
554.3228463,357.3394996
591.316249,293.9019365
570.6679912,525.514803
772.0406267,547.6303547
609.9021604,213.5032293
857.3836931,718.3697927
229.1288557,451.6537804
498.7094062,620.1053213
497.5600727,705.3566453
480.3368198,522.0489317
833.3615145,737.1094211
401.8294118,596.7930954
703.8538346,547.1873842
555.0734387,487.5151013
786.7183011,286.5693455
275.9833867,358.5589898
728.7840078,525.8632705
653.2704454,499.2259143
210.8702424,756.3854155
889.4775417,531.151733
460.3159083,429.2825089
468.5193484,511.2051088
399.5075398,488.6280747
623.2081879,539.3637251
669.9683106,409.5647768
410.8744071,230.2331413
770.0539028,571.4199841
696.988934,487.0203141
418.5639347,868.2775224
811.4844657,635.143563
222.4387498,394.3202919
644.4509544,131.2583626
626.2494175,473.9704771
792.3421865,603.3843936
522.2812653,474.6661377
759.1569048,312.1313372
629.0907898,265.2532968
422.743442,566.1117978
543.4458475,550.7594589
829.3625694,839.9899074
977.1240988,585.7306602
652.7550648,626.3344665
427.9832974,438.1870484
880.1187759,559.1343186
909.1990043,730.6918134
701.6342658,547.0266479
417.0983889,943.774178
641.3747149,563.5199579
311.4213146,642.7101651
541.655101,540.1463877
857.8162156,728.3055481
490.7860749,624.1158534
837.1680626,461.3371799
596.246124,538.3985339
450.6423982,505.7504985
331.7195636,665.7064133
563.8723762,515.0869557
538.6812694,710.3173878
610.2372934,528.9331825
825.8144383,657.2650694
399.8246211,921.0442427
403.8289442,444.3284813
474.87152,719.3764582
490.2863341,440.7944334
212.5093545,690.9526155
703.5089941,514.2900853
469.7371736,283.4354774
396.6794554,449.016559
595.4244033,578.112116
798.7076909,614.4546849
492.7492043,551.7497646
699.8120897,568.8647084
717.2537162,563.40991
571.9662626,482.1163402
496.6433744,786.7876549
344.2944736,986.0507247
549.7194154,331.7923007
874.0681806,689.4701761
419.8531728,801.4574962
516.7375416,563.2926747
516.3623053,344.3314085
501.8527741,510.4597626
561.8024795,684.1837613
948.1834005,662.1014308
425.6942781,547.8678968
565.8125402,485.6629245
662.0835397,424.5475453
456.6288012,393.5641854
473.9800342,675.3401273
671.0571071,558.6089637
421.4662784,597.2646277
192.1624931,554.8797046
670.7618676,699.3077304
451.2068555,436.5058251
582.4301239,988.6024902
610.0031302,552.7235432
544.4905858,466.8140421
493.0157557,574.5496525
826.1720123,743.7236399
414.7443534,364.1038825
561.3167157,327.461654
912.7783852,461.2352806
570.0508916,798.4501613
486.3318218,292.8161042
384.6050203,831.4533085
394.0063313,602.9713014
414.65002,452.7392575
424.4883477,571.3684807
762.0143663,318.3463373
639.8374416,291.3058134
598.0760901,416.5974575
756.1921666,361.6394114
584.8419399,409.3344848
547.0377973,588.5774259
309.0086746,406.1920085
798.8074922,353.5925643
473.6870868,321.7545833
194.2676245,552.5525898
807.3777046,321.2919727
637.0628532,606.0124426
510.3495961,365.0495797
596.8323034,384.567504
627.363816,431.8384949
414.43286,442.6702202
186.6055115,767.5377778
508.0729958,336.3736945
555.3154817,261.8649626
485.9244969,408.056053
607.5939059,267.927166
821.7672404,811.8728908
752.2801245,854.2435852
775.1258696,449.7654781
407.9018339,403.7337429
633.4724765,610.6904077
829.3522627,315.6646121
764.3633683,357.6979126
547.9206542,546.6136601
473.6184004,306.4401668
670.4150947,303.9526499
578.1725822,406.1708012
664.1563127,624.3863451
456.1823467,215.3094188
764.4830191,458.0881658
641.608893,274.9947812
917.3602438,856.9636297
690.614591,576.866404
639.1887927,508.8471964
530.1145776,563.458342
490.4859668,280.4750074
940.2637545,893.8928143
514.3997002,580.8460132
639.1407646,913.6872268
821.6205495,408.0467761
520.6895971,432.4497026
815.7373334,452.7880864
839.748636,519.6106407
383.0707581,351.6381538
690.7312606,556.3941951
233.4746636,412.7293588
757.1043857,300.4695203
645.2761956,603.7244828
573.5972401,503.886851
819.9286005,415.2785961
570.5433518,508.3653425
704.1384377,535.3516469
217.9179225,513.9683827
694.9515603,488.9754976
543.8100281,749.1381549
668.5596015,551.5814856
676.1888918,553.2466833
492.2974766,267.1604036
775.9406543,626.8360024
557.4861985,548.7607745
626.2409085,554.3358169
512.213044,439.3668195
747.4582003,305.9658556
906.588844,464.5893489
266.0480591,286.9876821
426.6847863,516.5292997
759.7607914,300.9489505
893.6436114,596.6313979
475.4239479,360.6308446
851.6927991,408.923085
676.1752294,442.0157832
718.2714892,542.8755838
711.0115178,272.8827685
943.4017294,986.9857452
445.2055467,625.9212489
741.5118256,663.7924534
464.0675072,538.1945681
523.3674551,598.5958374
351.7395014,571.2953523
502.2094643,724.9268459
505.0794197,191.7978029
759.2678069,484.8814528
521.8324139,613.4835807
484.707226,762.5566221
580.7242279,475.9795667
848.9260756,275.6436188
224.2551733,390.8279481
691.5479928,556.9966065
816.8526906,560.1535831
787.6645563,541.5286828
633.137703,382.1205211
766.7495823,487.6553826
512.295992,300.5047055
597.4637694,836.8793151
437.4736387,340.3258074
363.8206928,528.9951328
808.2779092,818.2006131
804.3286101,482.7965394
715.7742833,349.3118121
401.5041211,884.2239151
540.5696602,480.8619155
450.5706706,454.2846082
520.026342,543.9510109
777.1702992,139.6014428
445.2420246,803.7488408
531.9122452,466.9970931
733.5970034,428.5380402
555.2033063,559.8391099
501.3072524,449.2420872
488.8872127,406.3880137
642.3814921,481.8284021
591.0872842,781.9764915
561.1414865,364.1371663
501.9109741,658.3741775
728.1469839,314.4219714
447.6529118,322.2594623
959.7544246,921.0176239
491.6162448,413.7780837
403.2846508,490.6623832
510.5901111,550.712009
615.6611266,812.9284061
977.958643,503.8678376
610.2909092,500.587232
510.8665197,430.5702802
908.7667365,608.6164218
521.8878125,924.1028093
929.9035296,602.5793955
535.3029444,466.4350068
334.4477717,338.9031453
435.6527509,417.1573917
642.5102811,357.7386556
837.1980839,422.4842571
555.4530943,996.7510486
822.3977476,406.1165399
434.8883313,381.3045119
482.840767,694.8252273
249.7068392,699.1807168
331.6983659,333.5923683
296.2893508,410.3583878
447.9718207,363.0808779
468.6245728,392.9527061
551.3654186,480.8737623
493.0097634,627.0010011
662.8487083,493.0835204
462.1587727,545.4933738
522.4912047,412.3220333
414.4156921,651.9475854
769.0481443,474.7822657
390.41952,570.7369433
717.3134592,471.2752754
730.043644,293.6445661
268.7879222,721.9264269
415.132563,304.1678356
499.3848704,279.5711396
570.315151,358.6980593
455.7577341,533.6671641
496.950104,541.3775785
804.8865059,282.6767383
817.0370879,300.8668376
649.8748326,569.4232218
614.6163734,776.4962862
512.1574956,290.341834
468.2556434,671.4146958
762.4739739,548.1246195
565.5935825,738.9884048
606.4555683,845.0099884
574.7399821,840.8819075
514.1799784,427.5396904
628.9394099,548.120587
773.524404,680.3863673
631.9915755,517.4961207
751.5649914,264.1557431
538.2053929,469.1073507
602.0745707,275.1433365
709.3646757,270.2839083
364.9406042,936.226443
477.0367688,246.7371072
559.9536378,996.16974
720.7000386,777.2874735
448.2313462,378.0447166
334.5020168,519.2652445
575.4225022,626.7416667
332.0147581,589.7674559
490.0810837,242.4683272
589.1522286,611.7158568
548.5346677,310.5623347
471.7412901,744.0143151
730.7307333,433.8370958
462.9023841,619.0662494
260.4805161,435.5235635
894.6225994,848.7024744
810.8883541,410.5657592
916.6809595,439.0843556
519.0228906,586.8876152
567.2373685,483.5349906
486.0003741,574.7596983
421.6510801,889.2978395
692.2629312,909.97088
801.5238806,418.5675592
515.6051513,608.1102893
867.1643601,345.4503785
596.7541641,645.0058974
520.4146864,563.7143543
561.930849,406.5976207
218.9303174,703.9668702
689.351689,233.4572499
956.5212773,872.5452995
437.4301497,908.9536213
534.4850737,468.0463612
620.1697597,844.711687
494.9115769,569.0852221
851.8832486,411.6884274
477.2062903,674.7174697
699.0689727,551.7749835
288.5559597,741.51188
480.9915358,700.5587704
749.0460185,356.6137727
433.2050113,367.2673362
832.1276451,249.4747235
225.451621,544.2158196
692.817696,414.477547
509.7047074,505.7962978
544.1222706,291.9161018
773.6299729,352.2315391
583.6406834,368.4970853
755.8644341,645.4553031
842.8111832,573.7417083
460.1916884,261.5814958
833.0463807,519.7226108
713.7233371,543.2741339
504.7781881,995.8199352
569.1416088,520.5334174
279.3675243,675.3816642
281.5942389,675.5231783
793.5320277,328.9417532
199.3194573,536.138154
730.840302,431.7601639
721.5849329,447.8511629
524.4804753,415.8510249
378.9788878,489.1398695
545.5434436,411.0323397
342.0182478,551.6422658
685.1591784,245.7918069
767.5945381,465.3346742
759.8870636,642.7831264
409.1766606,719.1566341
850.2682704,249.3661799
495.973438,438.632944
236.989343,509.4065456
672.3826284,360.7541183
377.9626728,739.8548517
658.9638861,546.9245814
486.1784196,327.3984292
527.537974,751.5994919
424.2556676,423.0562261
779.2876997,591.60461
594.1250383,198.1222867
788.4978871,522.6976438
790.4518033,296.1649282
647.5391185,584.6118574
543.0420431,410.2301204
269.653806,365.2458356
541.3241775,552.0247903
643.3356271,508.4153206
537.2432432,509.1827307
708.1748795,294.7521698
457.1860529,214.4975674
576.8557197,425.3857229
711.8314559,490.2323043
830.7557136,245.7830942
509.387761,563.3741189
811.203398,548.4040747
762.0176022,528.6602253
435.1598114,434.6397329
592.2887204,476.2747968
916.7200891,631.7727587
770.4018293,645.1389494
612.7059011,227.8914007
619.435676,744.5015178
389.9489615,237.8352629
714.0257523,182.4470543
567.4589778,385.2497298
468.3781105,414.3406505
835.5690688,373.354257
636.3309717,466.746158
767.1672738,450.8805409
911.5283666,516.7030947
289.9471564,384.1021562
555.0340844,450.5058724
563.2041177,364.8821991
682.8152699,41.96249132
736.2846139,533.9408944
327.3456519,629.9228802
453.2324843,246.7768473
489.6448611,435.4502261
513.3761896,610.0899185
812.5007706,477.3802275
491.6558088,718.1607916
787.7816753,526.0976995
874.91808,433.5792657
904.9822101,699.2285637
554.3908586,561.0909438
723.7323997,721.5706256
831.8797147,527.3260279
803.8265922,242.4273543
457.8300278,435.794891
816.9637724,436.763091
668.2488721,719.6393864
471.9202045,820.6739222
411.3409956,365.4610632
430.6353587,399.389557
430.5256851,642.7336916
666.750938,131.7086877
452.6275491,584.7018263
694.3213827,570.5328313
930.7230032,852.5382921
499.6620432,412.6119145
656.9986295,686.6011794
841.657011,729.4734097
876.8740186,433.4471749
803.7838224,538.3479081
346.0104666,359.7185774
354.0920088,500.2957837
700.1009024,107.9001912
674.3818762,301.1304135
50.39996566,628.5594104
402.062736,421.3633231
500.5358068,572.9245291
746.7326556,435.1860443
448.6141178,340.7831946
877.6041774,721.3852345
444.7870312,854.2284998
424.0361556,582.5601652
635.9031981,464.0565558
488.202041,367.2854094
616.40709,889.7961578
516.603015,609.3840408
910.8576811,731.7935878
138.46366,679.0396336
339.0435774,636.9708761
235.318337,404.4535986
780.7214265,602.7916143
426.1030113,426.5131548
440.712149,393.9714065
712.7421769,702.1587794
312.0723004,711.195201
649.5610022,853.2198703
816.9224707,687.2606518
471.7720754,597.5329883
888.9338626,492.5230011
474.2976697,381.6244803
716.879169,400.2188547
593.5507985,409.084866
495.0254301,587.6414443
545.2640987,792.7610803
549.6058019,545.6450214
889.2135071,680.2138468
751.2373937,513.5472463
697.512584,194.8614467
514.6789702,615.1080355
773.5664398,282.8479007
816.0449019,409.3557965
625.8467067,536.4093561
903.4799915,627.7149438
548.7479627,834.9187201
293.6129759,584.3527946
448.0969844,725.2353227
760.7650068,315.1749021
806.2785864,207.2942257
574.5852315,712.5458837
795.0711586,462.4310354
586.418148,480.3613407
601.1463972,561.7627436
424.4424469,364.0169432
819.4468965,572.2229346
700.8233761,276.3410554
566.2782149,424.0336612
482.013878,414.2101057
664.0586086,490.7682941
346.1108222,612.0738311
634.3826432,541.4454209
704.519142,391.6537983
321.4493427,563.0834019
486.341739,702.7952269
501.1825381,662.157886
481.2482599,358.2226825
662.0504923,249.4735325
521.7384101,473.6191262
606.282811,505.6189091
673.5168013,756.4582932
511.1108847,495.6566603
698.7055112,515.7430852
697.2959932,193.2407737
600.0998912,559.0046305
892.7937269,528.6975835
873.9365752,689.0571675
506.7646873,541.6868075
592.0509619,484.2467395
601.0019234,290.195786
528.6876969,514.8792291
422.6891819,523.1519387
837.4060907,372.4232063
760.7062076,306.5108507
388.7130098,523.5590971
602.4635743,194.2225547
632.8296252,758.5465705
707.0956257,206.9417048
570.9178091,373.5088297
497.542845,545.4324474
587.5590024,780.1080592
868.1459847,603.7633453
686.3578882,395.8136587
400.7890479,424.9799853
666.4228759,518.3011606
527.7610215,489.1847286
446.6033498,344.7455663
448.3095004,577.2165848
762.5427502,932.7592763
649.1391909,233.8555493
660.4893247,583.6139464
741.3605357,285.2797146
731.0410882,306.5101612
566.1921958,490.5477387
503.6659918,422.3327976
778.7541026,672.1867444
544.9222244,464.3027271
181.5170509,537.8248724
510.4672394,300.0178162
584.7589618,270.6547114
939.8826008,560.902941
516.3298721,426.0290653
580.4598937,508.9709089
429.3196498,405.788214
477.8440032,423.8188724
696.4508127,87.95732791
852.2282389,471.5848804
469.8542327,918.7413229
283.9844228,677.4584708
712.2101078,391.6321732
445.2538144,328.1216697
589.9357486,326.7182927
588.2150517,253.1357015
524.3754008,353.1696101
612.5145828,716.2998184
364.8187363,611.1605819
392.3194758,759.670158
636.9880696,296.9059493
614.5822024,704.153891
411.199488,923.3622269
546.9023419,545.7672504
591.480737,549.6044053
712.1201937,466.2089981
970.0938263,567.709613
412.5137289,570.7607623
450.1049809,328.0571286
238.4502897,565.3803252
401.1043464,453.4337272
596.1867705,340.4267455
669.8986204,382.5788485
480.2808969,523.0944389
726.2507733,166.2218541
760.7126044,325.1433354
856.3686166,522.3083915
629.143402,476.8616423
625.1837662,536.2340985
606.5515795,489.4442719
615.665516,526.8868601
302.2865699,779.2968138
552.5160254,424.5004297
834.3296865,439.5422024
676.9553638,330.4871666
505.7140916,445.237092
641.0933326,858.7893967
595.5159203,555.446889
387.6638372,657.3568143
875.4468983,695.3736072
594.2116866,538.5305621
630.5220298,727.9082516
801.8898738,926.386862
872.6766094,598.0738673
490.8804832,230.5747348
612.788265,364.8311137
692.9079247,330.6891892
473.392971,600.123094
634.1103542,601.620744
391.0041264,876.2169334
436.4392371,357.9189486
558.7643808,481.3471542
789.6542465,678.0381079
663.0091814,466.2773419
285.4858923,326.9136293
556.1291728,301.0963565
490.2924912,337.4881723
753.0369789,342.1264182
880.7911092,427.5955606
861.9453877,676.846887
875.7631107,680.0916805
390.6752253,785.0572683
697.7248304,469.6347532
772.0958605,419.5177487
535.0997763,426.0236329
619.5817976,950.6636732
642.6061874,286.8831711
717.1747679,507.8941863
731.3316237,319.2768447
966.0208467,593.3449003
259.9794869,685.4296823
410.138256,579.3498675
285.7366241,553.9894596
652.5100706,124.3129346
749.4096148,482.0873605
521.7209426,543.347722
567.7049008,349.9142652
442.2081056,318.8839777
795.348616,448.4283763
784.7105293,292.3040378
605.0549638,556.3806977
800.5618657,424.9658401
583.3120221,229.6176085
658.9134162,500.5236102
814.5230886,473.9464492
406.1896611,906.8716749
628.9361591,739.5997169
613.3469398,510.5791083
721.0242507,423.3360365
423.7351936,698.20932
576.4728133,706.4173423
404.5611403,423.9364839
758.9856456,298.4418142
643.6161705,95.65071389
712.7727525,278.9272539
352.0644325,272.1123706
760.8264876,528.7566504
502.6825695,557.4130208
578.5977791,609.4445494
557.9829881,995.1763839
597.4270068,499.4430432
767.6251736,356.2499899
447.4496089,932.8812128
403.1080285,269.216964
766.1006488,372.6433021
716.3667096,185.2453254
643.1749592,494.3827415
781.5577534,283.5910948
625.6817393,467.8118278
624.4831194,631.8452812
937.4221126,868.4762019
691.5172973,619.0404455
780.2856083,425.6249156
860.3398474,743.5020189
537.7797466,400.3382003
724.4261104,659.2571097
801.6168957,516.4258543
795.1959628,820.6378595
705.803017,154.9616795
213.8846716,513.6687441
530.1775114,478.0455085
567.9838113,569.3139261
580.1721746,477.5620249
714.0441186,906.7914634
765.8488684,133.1504885
660.3979725,483.6547333
796.1509667,344.6469056
524.0799816,963.2773093
807.230759,454.1962063
493.0833336,745.2664416
604.093608,893.5282166
616.8685851,596.5783902
977.697979,951.371494
577.1475435,728.7818442
785.712213,338.7921154
460.8286823,275.8841696
506.4795449,508.8546764
624.2037446,392.1724254
626.3116773,800.1075657
937.4525833,890.9524232
682.3962001,537.5772803
447.09575,482.173276
476.5202047,313.4194011
629.8441387,435.8593277
594.5771255,741.9885104
811.9245683,335.8807877
630.7883565,772.4994187
682.0829689,440.45518
972.5210724,603.0769407
601.3685309,343.8452296
488.1930076,675.6132725
372.9868969,795.2129732
894.7816344,570.2950385
857.1995055,744.5919046
832.235536,199.2940554
386.6014667,678.3795134
471.27978,281.420454
491.0300504,589.5345104
765.1387837,151.7772693
456.648366,815.9284491
456.973387,515.2742481
559.058272,293.2770016
725.0317647,552.3024068
596.6569245,180.7921154
643.8938825,545.803543
605.5780595,561.4811782
286.0001044,605.737981
177.7004058,535.0012989
580.6672114,507.7245491
402.2418002,364.8210637
765.1120582,375.1430628
874.3716294,506.3071106
494.4482991,790.9554967
663.393496,480.1281654
548.1641353,697.3004377
447.8864458,408.4720495
472.5888076,437.4202234
462.7076202,677.489331
281.2502673,385.5432675
376.935402,240.516821
952.468267,870.9776968
757.7722697,322.0973887
717.8817216,405.9134726
456.5526843,333.8208425
525.0541608,442.3066464
603.2765912,627.9195155
701.0656588,378.5179832
277.4776954,676.9248211
772.0093471,303.0367263
737.5673054,469.6005291
822.8415655,394.7162303
629.9203604,607.0977526
658.3276263,506.4381568
572.1349152,203.8032609
744.4265583,313.5241837
583.1745293,407.1590384
931.1272422,432.3231486
639.6259442,285.9987763
686.8482061,566.9667323
731.1370994,505.6062683
603.0226686,286.7686101
973.3696535,566.9566405
644.1306673,545.3766608
806.4291124,644.6902332
754.3890909,357.0899017
210.8066644,546.1194788
587.2351798,441.041712
583.5131528,469.746201
549.9992098,261.8776243
770.3494718,302.1528121
655.1981005,323.1103433
665.7452245,873.3489604
383.302764,666.2833969
469.7124704,455.8192821
151.8198279,717.3913757
535.48478,615.7392386
431.6524876,496.1483343
974.3146054,545.8876198
713.9715671,812.0178941
470.4742834,383.4611957
575.5816421,392.1342314
373.2912746,336.1832888
467.0732775,628.5707558
439.0563634,482.0810087
711.0439061,436.9360294
398.578857,444.4365651
861.42776,785.7736765
541.4359185,573.4722613
525.2977019,584.4470676
461.3969298,542.7707384
378.5808509,299.2869912
463.3991887,399.299212
668.8949592,572.1859734
877.8023419,595.073093
343.274019,575.6067766
898.884051,477.2855993
367.5288627,317.3407373
709.8140065,468.3089968
593.331631,387.6537132
478.1467929,278.4830716
714.3955955,487.2690345
847.687652,276.1599893
583.9734494,482.1099258
924.1963666,668.4360064
881.7152529,446.4978685
304.5259732,654.0240577
402.5867455,408.4020342
379.763022,327.3718522
529.4210166,751.7270906
446.8478946,628.6386608
445.9249793,218.3155209
659.6980298,795.090577
321.2883452,578.8343327
675.132169,423.0620555
450.9556893,406.3546253
860.0480086,412.8788543
470.8695189,223.3838458
479.3752993,901.2175492
647.5266246,547.179946
796.777564,323.6603111
437.3702719,592.5426811
769.9953283,348.8524608
702.8045872,542.4633064
593.9658834,457.2121704
422.063109,601.5302319
328.0974428,331.6874345
878.3238946,592.0190186
592.3737808,568.3376193
861.5094797,732.2556134
673.1349286,533.3093987
908.3724448,450.0976902
630.8537023,454.5410801
553.7878859,409.954447
581.4219535,607.7362058
461.5625562,477.02171
784.4677223,866.351047
778.9897937,158.2860368
471.5812065,475.4696733
470.2054699,408.6590076
372.0835913,402.1647822
531.7567307,406.3916283
690.2030715,551.6423493
828.449092,574.2195297
325.899596,561.7704953
633.3660087,315.7521991
698.1734421,396.4457812
417.0869137,581.3106087
505.235159,275.6521226
470.1237352,382.9151141
867.8116607,537.4597316
740.0181461,441.6723928
922.7199598,629.1709733
618.6074236,808.6594172
487.7738929,207.8039311
481.2860562,652.9864693
542.5552306,176.9397079
554.6086778,709.8220991
585.7084229,547.0722173
830.1935033,524.8391795
733.763349,48.45435575
585.0799231,192.3685183
950.9243122,867.1595135
662.9417234,577.8749917
280.4749268,704.7839868
558.6712309,329.4552195
402.0508713,994.1821502
561.5544891,418.7545592
899.3632833,429.0259115
653.0783031,612.4692889
338.3439343,594.2538035
495.4942358,578.2321303
391.2901377,433.147578
443.9562022,648.2559979
437.1241242,494.3450908
560.3641985,426.7841271
382.9511373,736.1264283
461.2049972,385.1450935
487.4112703,427.7384745
567.6012644,592.5829853
599.5849301,720.8934351
464.7120064,545.2968463
800.3924341,586.6761068
681.2358859,367.2315659
401.9809414,846.3385237
799.3887579,440.4512937
782.4911702,314.9312798
537.9819559,411.0643073
833.2824764,546.1306779
428.9105871,580.8595106
475.5765112,852.1398882
629.3337766,438.1812817
693.8680071,579.4231004
444.265883,580.2091478
669.625912,442.3139175
455.4396791,252.192992
637.1076305,856.170562
366.8548815,635.1928934
225.2679277,813.3845188
556.8738478,462.3536655
537.1959042,474.0503543
775.6613843,538.2627865
641.5552172,391.0238488
411.8002286,609.1480239
524.4381249,528.2892342
722.6984475,401.4338737
612.5641539,601.0837513
953.9835636,873.7721653
546.2152526,551.1024105
582.3936759,473.593782
815.6462358,562.1500947
455.8517978,324.0830981
507.7193916,423.045424
553.6164319,560.9235632
480.6990978,429.8828518
543.8934406,649.9225538
642.8401858,596.0409587
223.6480359,499.3514028
671.0258274,538.0307813
488.2699484,673.2427612
452.512812,330.9076134
666.7803601,397.6570601
577.2535019,445.7428067
309.905973,627.6777528
418.1731335,434.5234378
789.6417376,637.8530979
635.6112095,584.6808489
495.3144375,506.7621577
482.8542497,368.9464702
716.5862516,483.8085956
570.7008888,369.5878277
491.3909952,847.6785296
499.9393057,275.9149254
607.7121784,291.1810353
552.7533045,185.8336961
956.7406845,898.2120321
464.0360178,386.6764035
715.1983806,755.288196
785.3424746,326.8952636
699.2181354,543.3945242
561.9342346,520.1153524
488.1495936,393.8908607
261.8988877,429.0762448
652.5820528,465.7324095
194.5740994,515.3313092
950.6518884,617.2690652
884.5362514,552.6406364
754.8563086,361.032487
614.048096,522.5430085
722.1433081,475.5280089
444.8345799,936.7436493
786.5358813,152.9489962
712.6703595,721.4015734
568.9010788,670.6251383
505.4134741,679.160588
446.7182966,282.0504034
420.3188175,245.9569519
639.3280382,781.0794768
828.8415111,269.8166801
604.1755224,685.37797
901.8417783,565.5946124
671.7923293,418.8796924
508.6606583,525.466977
609.4590166,503.3954486
733.0311678,469.7885528
661.6184792,463.3759387
766.2512047,674.7831809
472.7951816,364.4988597
968.1800733,962.0927745
537.8982438,539.5590199
403.096014,669.700293
564.0421524,568.7874847
427.0344955,574.2208042
733.6351443,752.2991014
280.2158358,638.3607348
867.8875229,433.4176101
846.8837284,358.7087569
610.9335359,382.8766485
768.2892825,632.5115024
644.3125927,518.2135318
340.4516872,573.8106371
271.3070149,705.6504964
233.0281043,546.2225482
451.8417521,622.5212977
695.7857,412.4602043
575.0369293,416.3671656
719.8631424,423.9774149
458.7899753,339.8968358
956.1455467,907.0070043
498.5052194,479.0739663
643.7451243,605.7835923
805.405452,558.9952283
444.6985552,334.9559843
903.400534,584.9576088
563.795735,469.1737305
715.2488656,504.4364218
818.7588484,320.8722153
513.9816791,426.7518879
501.4447301,713.4778328
501.7490179,405.0084556
678.5402008,573.3684606
591.9237908,346.9318358
527.7222365,579.0759074
933.1946821,870.8610256
625.4635905,626.2159984
889.4957732,555.1447431
816.0235245,289.1084911
758.5798337,362.4129225
560.3675093,576.3516214
791.6120127,546.9195878
895.5726747,531.4033367
462.4477951,514.6387618
470.2546365,374.973154
306.4140943,390.1954496
711.5705672,225.2484754
521.3712034,560.0566566
700.7984632,278.2191197
603.0549669,935.6305505
474.9189788,365.7989793
683.1566798,619.543047
919.6394658,512.1620679
942.9966965,562.9364555
760.5954554,303.077135
665.2005566,487.9097443
953.3864484,878.5351892
600.2477506,352.3690206
539.0590525,439.8950368
566.9635515,455.4102015
694.4401645,361.7968675
674.7542362,378.8252481
478.0010009,508.6788756
525.5290187,428.5969817
624.7246531,695.0685988
497.6767723,387.5810444
720.7689947,197.308158
733.1841207,172.9612061
738.2824835,436.8850693
680.6720277,439.7950598
494.7835519,570.5768547
602.4736862,282.8504079
396.4814706,737.6438857
377.267404,585.3208901
631.3157516,972.2942996
652.3392907,125.9783413
445.851469,570.1633863
512.2112313,421.3291199
970.0302632,581.5005129
886.0261708,568.0235221
548.3905984,261.5464568
500.8019238,206.4477951
545.0226699,465.0957113
486.8430828,613.0414251
911.0417788,732.7619549
442.7716641,575.9550144
239.8810054,383.3694299
623.1494336,448.659713
705.0371592,185.8981119
728.4934273,306.3041061
468.4277715,629.8045583
378.6934907,505.8734797
548.0300282,857.3782472
514.6827004,403.7684894
556.6872634,848.3104013
839.7812789,218.8119378
205.3345933,363.7654648
522.0209458,429.4271361
512.5719813,813.0914199
851.964369,366.4286363
345.8334248,581.9884887
701.516203,498.4830963
749.1785676,557.4391382
776.0600054,432.4993673
456.2475876,693.1465529
673.2158093,550.9575326
668.1273637,434.2582113
692.9054829,641.2920788
441.3003657,884.25208
570.8634592,631.0848706
481.5042349,395.5617207
562.3915052,509.7036979
553.0560942,441.3584001
893.5441995,514.3362607
248.5088784,525.4940554
929.7567039,449.3449267
524.0869776,547.8483193
731.92017,410.9465287
605.5663595,380.0448846
612.013284,563.599856
303.7038929,551.8970871
482.0762426,278.6301852
728.6539454,517.7679078
847.6307104,285.473505
715.5012452,92.79053432
804.3912294,336.6205135
761.0257308,491.4603401
402.2925847,885.1974848
593.7998375,550.9323346
502.0986372,595.6243772
439.3990617,460.682513
961.1739797,584.6196926
444.6432914,565.6744478
659.4660838,504.5707275
482.4541754,292.3095747
678.8265417,407.8686979
915.6207761,632.4132178
810.7157915,648.8857803
747.0004654,438.9574046
487.2534637,381.7374951
415.4084923,437.195719
955.0579487,564.3422353
527.5058104,400.5910995
785.1407447,867.863469
457.9052308,396.8381467
600.0811953,191.528523
528.4816375,515.7576064
708.7284908,541.3224397
410.6399743,427.2843258
440.2314337,365.4127357
276.1544662,586.1016932
451.3040952,355.9865394
565.7338167,187.8410307
875.6768968,435.3402827
669.4984413,432.5425758
810.4216907,543.9649889
895.7096281,854.061955
445.0567285,904.927189
945.2721733,886.3255018
689.8907391,536.3787257
548.7965751,407.0460027
493.6380535,565.5662804
901.5532652,479.1336183
476.5910484,224.6365155
458.7280302,982.3270233
719.1472453,192.8478649
530.9968502,554.4301317
476.9981037,372.3402786
751.6176335,496.4638523
791.4991033,300.3097032
520.3672276,468.24736
966.7788545,657.1800733
327.8656616,668.4136499
728.6501853,305.0374375
905.3855351,858.9137778
601.5778111,269.5502418
503.6406145,664.2652394
478.0394862,720.9916989
463.0315626,549.0298872
919.3623979,509.7726476
616.6652822,632.7535576
529.5527568,351.4229472
404.0675566,458.455793
455.5778759,251.5455753
453.7922528,412.6508606
743.5149535,611.1992564
555.7852312,371.3651001
703.4304804,544.1287549
757.6732623,509.4766445
667.6526557,31.84030014
661.6826115,576.012953
401.2257649,431.3330937
695.6376759,83.03342132
457.5153134,805.3766386
380.9435452,926.5659222
562.5753931,510.4628131
646.3723925,515.059731
268.5438269,684.3130733
407.2087524,265.0357292
706.7256626,488.5592922
625.2800771,536.543411
714.3659188,166.9795276
549.3903796,854.0682858
531.2388183,311.5584279
544.3080761,485.7531859
682.2350229,763.9440988
777.1501352,310.8347278
468.6685561,602.8922809
584.0661349,348.3537456
924.5651911,734.93924
710.5724938,432.3915132
754.3787093,56.02540825
704.3878362,267.7833745
801.3543292,803.0484373
781.6630527,443.564059
488.1804837,553.3428159
510.8494567,373.4596038
477.1437909,818.098296
634.0890966,533.4448744
670.2074923,520.1696346
679.6785084,434.1256816
744.8381677,348.1620864
596.4227463,196.157701
183.5195945,688.3545074
510.3508545,994.7711059
461.5770725,433.3770969
520.3299856,466.9094852
558.3904928,768.9260694
950.0948914,891.1917413
813.0908299,445.3437342
839.436034,185.1296362
497.2307223,450.0873896
438.94266,330.5552805
716.862076,911.6408834
591.7023014,457.8868954
834.2573148,724.7626412
606.0838225,876.5287322
526.105131,465.947825
773.6675595,543.3552647
516.4701512,554.0188781
452.8409041,865.5518574
606.3576096,391.0664932
498.4086089,479.7802619
812.2888537,563.422718
284.7589843,700.9581563
670.886522,852.4055953
720.3761112,466.7238434
622.3236082,757.3863979
748.3421808,553.3077143
624.1569898,439.0924415
698.4781792,506.4636473
677.0499818,437.3205806
707.5804008,537.4588958
778.4206324,672.2149302
655.5091296,626.8103865
380.2526808,331.3497899
470.6684181,679.5484614
468.6194644,678.7231127
555.4146389,198.2646992
368.5230861,609.1424662
437.8132509,234.7237722
740.0776943,358.9162119
585.5596946,475.744511
783.051403,302.9488468
732.6678562,411.29859
514.3544885,498.4300886
457.9706814,497.252595
625.8234866,587.8639011
677.544,304.38229
375.1126267,522.7211076
200.1453277,694.8636928
461.7821282,642.8527238
547.9761427,662.2333963
593.2746295,421.3994903
568.4448869,455.0502632
619.0964083,730.3543778
732.8782,297.8855782
598.6052679,496.4232973
576.2178869,734.7078406
653.3488094,869.2340218
766.728055,581.969141
636.0006475,596.4203701
330.4153898,318.8211291
685.697105,152.4479199
484.8389962,489.641092
352.9332825,667.7333672
623.9454026,469.11084
630.9309727,535.5119654
552.5239802,865.3790026
576.1717614,786.8797131
501.1559624,435.7069071
588.6636035,634.8648391
746.9194648,532.0570007
716.5686043,461.7025715
404.6869032,353.2433236
440.2885401,370.8014259
424.3553791,423.2063693
782.8997835,473.9068136
319.6402298,329.5088958
276.5160551,715.0850711
291.1310353,672.4991909
567.7278362,363.0174024
595.0433095,607.7341582
740.7145384,292.2469349
468.1557821,386.9893933
774.4883065,299.5904117
414.455346,599.6840934
783.0805105,570.4637563
590.2261642,381.9621875
490.4015057,438.3665893
743.5914748,620.8200998
489.6144203,592.7022474
225.5132515,412.2897732
471.5642483,763.5557031
686.9752574,564.1577635
783.2059138,433.8432804
568.6616874,658.9374965
747.8375713,260.1965263
720.4648717,474.202963
570.6474227,716.2771695
700.1116436,226.9679345
447.8315865,362.5806792
218.1552016,654.9673104
471.1540022,665.9022722
788.0696341,329.6337783
232.2939457,550.2991048
658.8112329,218.2343275
540.9819587,537.2590462
828.7021907,376.7469998
539.9538041,800.9720068
733.02564,507.5679916
651.8104874,833.1375824
513.732745,554.0314771
967.3100997,593.7122768
652.5203623,589.0039111
750.6497612,353.5516332
466.7756562,503.5615129
522.2289527,544.1980598
622.3412554,256.0445846
442.298544,213.0912862
785.0803126,289.416738
470.8099856,450.4979328
398.2928456,329.5169608
422.7984511,231.3050374
496.2213834,738.2718503
870.0964704,523.2789315
397.7422005,493.6507256
595.4943481,699.5844694
481.2440803,609.7100893
703.9719873,491.8575321
607.6428478,559.225771
870.954789,695.6382486
643.8389034,67.63971261
813.8529275,444.2558961
440.4529981,639.7559214
437.6821699,372.520488
561.7349016,558.1946597
558.725461,366.5896234
769.8648165,597.6384813
481.1365339,519.1152684
791.9370487,368.8328495
978.8869813,910.1849166
817.6073728,639.2448997
445.6475818,502.7569744
478.4688478,258.224565
706.7469052,463.6421472
667.1650193,705.9597462
560.5498692,452.4132926
276.4386349,626.5914608
497.9403126,548.3962813
170.4951889,626.4585759
796.8056977,667.2211336
740.7385375,291.5049318
959.5044568,923.4702272
370.2821635,545.8880377
417.2490047,494.3328053
596.2287614,246.2771083
673.7455864,409.6038692
455.796624,223.7610633
645.0265274,535.653166
426.4208266,644.9967877
533.5265493,350.8680067
573.8700984,674.7752203
577.4063649,466.6209412
475.8314226,370.0695145
707.7615323,264.0668815
826.6427954,615.8577485
601.2803545,567.8346209
624.1814233,451.0362
967.2008456,917.9988392
241.0752959,625.1637634
401.5545161,351.9719748
771.2706493,292.5638737
208.6841854,747.2297737
302.6553645,657.2095754
269.4326162,347.2100791
587.4230227,455.6165491
379.3156836,341.962694
528.2339468,611.0401916
616.6327292,893.2255066
712.0455749,469.6136086
671.2381337,396.184232
616.5751584,828.2224303
323.4480362,431.7628174
814.9635509,635.4654536
527.0318364,622.6146514
783.3126662,464.809382
588.2091793,544.3238825
514.3492602,612.3567547
459.3709414,562.3865294
785.5196812,596.8253973
526.417748,543.6080802
582.8962031,475.1842216
464.8360764,645.0005904
660.5458319,216.086837
511.5198575,795.9539108
784.1254285,481.5608146
475.5525721,227.6182764
595.904789,539.2375472
820.845209,405.3831032
320.6071733,576.8191212
367.9161585,445.8269253
465.678096,512.0058028
761.4230636,539.3869173
566.4819673,397.9285757
566.3833344,506.1903349
474.8479704,197.7698702
906.741677,849.5702794
528.829594,546.9465826
705.7271847,465.3232661
839.3141511,982.1445574
584.3840701,485.9959306
442.6360889,508.5454057
839.1376337,111.8625212
904.6266434,850.1536565
499.2278878,507.2933002
560.6026162,318.0114298
486.2778763,575.5189598
187.0109638,686.3029197
555.8670257,668.6891353
588.7648879,529.6656163
491.1156201,584.4694867
874.3679891,586.8753505
401.7505234,408.2482346
505.4535025,689.167487
786.8965713,288.7845947
343.245331,289.7076431
617.7525357,942.4984206
467.9225328,443.2656113
562.7581875,518.5960773
413.8815407,299.9317335
466.0757134,384.7911726
510.3608915,427.7483782
735.3781324,850.4863283
594.2148325,477.2106531
406.4203487,527.4948501
742.9305119,901.1083371
382.8898513,872.5417266
622.8735043,824.838442
919.154451,593.4884201
39.29193475,585.1332216
512.651304,431.0818451
509.9820449,786.275672
405.3425031,852.1285847
548.3310352,405.4401225
646.8000312,599.9688347
805.902676,531.3447085
339.3357158,813.115615
450.7948267,627.7718378
650.8849655,603.802772
460.5357798,647.7639896
636.7790441,571.1640762
359.4005957,334.9539576
860.8072449,737.8863797
454.8893335,237.8268218
746.5818001,550.5373365
411.9820343,604.6092118
360.3624458,493.0227193
485.7000262,408.3036242
542.513809,310.6924616
228.4431596,716.1700467
474.4015608,603.8670415
437.5871923,476.499928
492.2874845,993.9851212
488.0641287,707.7502653
629.4534573,547.0982511
756.2785303,308.248571
542.7307144,568.4184994
541.85367,555.4853337
508.1546855,453.1000106
480.5606762,685.8317426
807.2946516,754.0726338
585.450036,287.5075837
778.1245091,959.7729307
462.2064862,294.6632456
638.5957971,468.8843507
743.0858167,428.6671224
611.9485225,594.6601053
566.4137003,374.4116528
835.6235685,723.7276645
647.5657991,475.5641135
525.8505043,542.522227
819.9580676,344.4419996
290.7929511,709.6678817
860.6389968,484.1342888
817.3300053,425.9623095
674.5343347,434.6963553
498.9300118,617.9160431
566.9190888,766.6855387
532.737801,360.9071657
555.3050701,550.6449607
337.4600587,278.5030253
582.7548303,638.5187132
655.7536594,556.7811073
829.3559779,389.4331794
807.1744766,340.0117937
437.5272396,480.2799383
585.5211943,741.6468543
499.4849115,572.6394952
740.483701,367.9621193
638.2841089,869.9473168
791.8827887,520.5631493
459.6978949,509.7899895
808.0864709,683.0686776
511.4467518,237.3768728
724.6752093,520.766154
333.6808953,363.6631894
745.7270918,485.3789353
429.1099801,220.6100832
823.2575643,403.8263027
504.0031771,790.0821966
882.6566244,747.3108418
633.2247558,658.6121375
562.5426903,525.8288375
875.9665934,677.860949
489.6086677,281.5473214
684.9149782,565.6798802
539.3483146,809.645356
708.8391981,187.0590785
572.4323867,388.1415009
768.2397414,675.1563868
906.8319506,982.0888126
623.2767096,472.9522364
703.3286566,400.2594514
663.841164,623.6470163
415.7899306,427.3568693
450.5407092,864.9925709
585.0042556,353.2725332
787.7678482,407.9492228
704.7666529,325.4553224
532.7297564,392.3986431
311.3854957,361.9546996
876.644904,524.5085762
119.7500832,708.240226
848.0601169,273.3571842
396.8854249,418.23261
526.1145389,548.0231172
445.9035868,502.8424094
681.7716852,545.7827536
916.6386241,463.1398174
686.8384987,413.4167246
928.7689522,878.8082927
530.398177,358.5404988
537.8729714,462.3474809
469.2624355,323.3499121
733.1583239,506.4970357
507.6346459,441.8240194
595.5629447,737.5198599
780.7385045,417.7433597
571.5256506,478.2640581
432.1687221,580.7168683
523.0836759,636.6104573
556.1397042,246.5100747
242.7530581,517.0016678
331.1043517,889.8004619
632.3100949,430.299496
456.6759904,581.98174
655.1472561,127.6335727
676.5875579,149.8267033
708.6248694,267.6942414
811.0046791,246.0549231
649.1893912,586.0401608
966.4925436,589.443852
835.4024536,456.045061
680.2294233,555.806493
637.559523,573.3280519
400.3893481,818.3677639
621.3629266,603.1522839
733.6592931,511.7946914
195.6385522,536.6346544
402.6466233,448.1655735
534.9387938,182.1492961
502.9419901,528.2317343
575.440524,428.3723102
298.2074482,300.2497379
570.131263,384.6183178
240.0461974,630.9274981
476.3451703,240.8660199
458.9846793,424.0143135
331.4914377,322.0336625
901.6768259,729.1459404
638.4350394,531.7702535
502.6383465,347.2956603
506.2130234,538.3298976
716.5870306,468.9060594
736.5342072,359.2897521
689.0724789,552.0290109
728.3193967,508.3321631
488.0998427,305.7772468
771.308116,290.9406307
517.8810924,484.3739831
629.6333005,675.5088869
524.3179349,747.0227574
780.2209367,296.5365252
558.650213,267.0399297
596.8396739,681.8042029
633.6615477,871.9647431
484.4783061,605.0552328
467.5599851,408.9288726
453.2271512,455.3436337
826.4452751,526.0240069
557.4319684,558.893517
683.3385753,469.8059156
739.1944629,287.0833968
745.2710947,288.5528193
670.5087689,558.1256055
487.1449436,493.5083132
317.1664387,539.8587212
432.8586128,496.1954708
353.3507793,579.8565642
741.9739799,569.1747313
755.8595204,365.8407879
429.5461428,417.4349665
803.5553069,685.3469635
430.8016444,635.6200889
464.98458,350.1775695
629.8752236,895.2377721
700.6816888,162.2860802
613.053513,548.9157023
771.9102648,356.7334736
556.6368533,450.5192027
278.1516616,435.4877724
634.5364499,567.305526
533.9215001,410.0193224
350.9598764,336.3477861
639.6869156,627.8978695
500.7475289,567.4610807
460.1258183,614.9870392
459.2512906,414.727312
904.6333847,857.7612523
721.1936823,497.9889568
438.690565,328.02654
600.0086289,533.9667818
180.5585265,510.401239
471.7850187,677.1120508
742.9849067,515.3400011
632.4098513,597.7084757
547.246673,309.5656773
932.7663542,594.0960341
836.0852284,516.99494
431.3468516,400.9709078
831.8558804,405.0589352
611.3904768,592.4873542
795.3895582,564.6258275
679.6651307,654.7534828
813.1109939,441.3946091
455.8428094,457.4808235
443.8980621,628.2196138
639.8024766,543.4245696
602.3157898,547.2188295
657.8533527,484.6045258
591.2232189,418.7314924
820.0343942,298.997298
802.4130594,440.1960963
591.3607716,504.4514027
729.0870521,345.8273661
666.233505,872.1443883
708.6745603,469.9438777
403.3329935,426.8925662
648.6319148,884.6302795
683.332658,251.0402994
427.7750509,314.2165222
668.8200857,514.71095
519.2037974,489.2306741
780.1480257,439.3593813
770.0703965,464.8147099
960.2479034,905.2300453
568.8698441,735.4204253
736.8848302,576.1665855
671.7485707,483.6441819
692.8674319,496.5946477
257.6352339,716.9798505
513.8596164,335.3068964
458.2473448,339.4585456
522.6801711,477.9777916
441.5070992,629.362946
605.6253235,281.6514354
794.4645606,963.1242828
535.0143863,556.0436799
835.7902587,108.0160058
741.3247768,561.8354124
721.7468442,522.7406225
552.2879145,759.5117618
669.1319987,475.7273989
574.7301997,377.1978263
720.1093201,315.2183613
469.3912694,708.3512141
290.8314215,606.226709
515.9308015,565.471882
220.5654146,778.3587428
503.7549321,799.4867259
647.7529828,488.2152123
613.0101589,731.6600552
437.2811218,526.3348029
621.216011,442.5983036
857.9293198,599.2745531
427.2835944,777.9458804
781.8729921,310.9031342
705.3439487,829.3343799
593.5398027,616.5521346
544.9030042,473.6043751
674.2665698,443.7602104
458.8226632,212.9395551
768.2614634,624.3055904
738.0282163,572.3304334
323.413281,310.2534401
583.7701765,424.5672273
726.7648656,205.5831869
551.9630283,618.1980265
785.8762066,150.7624551
420.8181688,899.5128203
619.6262004,740.6215096
266.1602645,667.4059815
531.7610601,334.6474449
785.5158462,634.8617886
651.7258016,195.5061055
557.7606297,258.1997431
238.570315,522.4058195
514.3999848,504.4825972
573.9515484,709.9773613
461.1600551,529.5883927
549.758515,442.0927561
774.5087102,288.7628024
374.6628465,421.3137629
722.4698871,342.5905332
701.8848478,477.628342
529.6703252,808.1674506
646.4335437,306.5415646
495.7536863,587.5109622
794.3560854,609.3719224
466.910018,902.8477707
665.8187197,586.1858536
497.4714919,266.0473884
331.1689034,541.9097657
783.2745554,696.4109031
690.1779638,433.5484055
606.8361077,493.3443174
648.7075373,612.1435747
570.1694338,475.4831707
528.29745,352.5431917
573.0617704,355.9184673
461.0432057,557.556875
823.8945581,403.1319375
550.11928,433.9959099
656.0887324,487.3480759
504.9754388,305.9915759
847.6903785,525.733666
707.8472218,534.7983778
479.850262,240.9731008
736.8310196,505.9326929
585.7012771,370.0746334
600.5745544,446.157654
905.057518,731.1081651
630.5550323,720.8613213
516.7176023,543.7269244
626.0456951,904.3653326
727.7263861,50.54973696
568.4699047,688.7175798
347.2279172,276.7737878
566.5063858,311.5995679
279.8682239,658.7127205
637.4907316,560.6095913
694.6521113,579.1518983
975.0773172,583.9543907
784.8962299,605.6185936
584.9398087,377.2599646
966.0653992,594.5456279
573.4680467,685.4581815
568.0216525,511.9709101
306.0726694,314.2115913
601.3942527,688.1531325
536.1269422,747.941439
573.8769146,410.1224544
266.7538293,708.121152
561.2068772,445.2219439
746.7270229,439.6266763
900.2469791,513.3043554
394.2543666,756.4451092
703.4022567,497.0003436
751.0199639,316.8565015
583.9624087,483.6443699
486.7985002,726.1917176
495.6059917,392.6971534
718.6691216,500.840152
173.996086,521.8686596
707.4815882,559.3205664
446.4377982,576.2663327
201.8108057,732.581641
665.373988,516.8326157
676.398996,392.2736979
847.6095128,635.8619143
490.1605862,566.3435524
668.8212992,354.8979909
977.4323714,505.4152567
387.103919,487.5203665
650.7529257,920.2893689
444.5982445,295.6307352
927.2243682,868.7299577
767.9068405,365.5071759
371.6861687,606.2179753
575.3019976,748.8489005
599.9549081,766.334919
373.6598594,610.5841834
552.8535403,469.5793009
595.4178867,266.7062549
429.7558724,459.2907529
687.0209335,183.6905307
634.9433554,746.9845635
453.4127619,639.9061273
536.9077506,483.2052022
643.755401,926.2264808
715.05539,538.2363767
430.5803047,268.1521927
609.0207715,653.0402292
746.9670135,889.3278013
711.4129703,381.4699494
459.2163257,789.9193291
838.1368038,833.6943616
845.4224521,423.8286716
733.0370852,454.1204034
184.8632274,690.8920233
525.7176405,577.7741371
224.7384952,544.8991946
616.7950899,594.5941852
935.5854652,479.9068368
468.857882,321.3156036
437.6315951,875.0992379
647.9946513,348.4464307
775.8743348,643.9769381
485.9506831,367.0920995
616.7196321,388.8914437
620.9294604,794.8955539
886.3608544,606.5944616
445.4517842,902.2451713
713.6904395,532.2572891
268.0543778,357.7481205
544.839516,473.2799773
483.3180967,487.3086074
536.5949089,472.2682136
595.5809215,379.5457306
445.8593938,376.9994184
512.197494,563.6512758
371.2341863,422.2151652
472.6831859,602.733425
251.5344682,443.5199103
562.9651757,472.8719831
572.8261991,300.5282111
487.4212325,285.106818
902.1704996,581.3775526
584.4821037,464.5393917
685.8580425,615.7684691
518.6771063,939.2438697
160.3973208,699.4271597
765.3678085,292.289433
700.7665693,190.8986362
518.9308342,489.0336452
917.1834118,858.136464
496.381512,536.8800945
766.0095213,877.4194369
861.3417709,609.6977619
615.1994967,543.1933374
625.5014467,882.1097294
446.349547,512.2122131
515.1504874,499.8017069
444.0638833,250.3393944
202.4225422,527.1623455
536.7986313,479.5178561
689.1775984,424.3312104
333.4337289,593.185731
674.7189117,391.1226976
493.1585516,522.3467526
404.1428795,256.8609908
724.7915643,327.4532547
575.0481648,735.9728795
925.3322174,602.394088
525.9179473,582.9873399
273.5869859,709.7102753
166.7729222,695.2668187
757.3727647,639.3891717
518.6476842,466.0799159
810.0831271,291.6342856
236.2832432,760.9208428
488.719399,395.6223965
505.107149,220.7792189
560.0921342,469.2720778
471.48921,672.8453184
489.642584,491.8147624
929.4800405,879.2293246
647.0367711,580.1351627
906.093927,909.4348484
396.2694789,456.755807
397.6053519,929.3874064
515.6359815,412.3700055
624.501261,576.5544379
749.5214906,815.5840349
476.8795016,590.7672264
354.6811694,337.8355533
648.7977211,609.3000685
908.3252706,844.4904002
502.8472072,448.3361927
556.1107166,448.9563638
746.9920612,558.0757319
533.8751499,722.7435852
428.2840797,330.4139754
602.0826004,535.8126069
816.683244,303.8650838
780.3327076,316.9677613
643.5970551,858.4397591
870.4059415,436.8771923
445.2896632,540.7696094
526.7233241,547.485811
862.514609,581.0837851
576.5295602,303.88019
923.3539575,647.1939428
710.6248812,187.8216412
704.3970044,519.5847114
420.8157719,266.7331871
602.0958283,447.692307
613.9266625,648.0421494
481.8332109,323.7468116
758.7744928,474.164769
934.8039975,880.9539863
495.5375449,578.0957979
572.2293684,481.39521
769.4787042,618.7137911
572.8095106,503.1978764
692.3252958,193.7094227
176.9126913,708.1422339
584.042046,552.5781638
569.4458366,481.5882483
442.5027458,446.1965583
692.4349095,558.8610898
196.6952451,728.9396764
776.7318294,437.210679
936.38461,857.7748333
893.5390012,463.1735609
563.8045287,482.9301974
179.0800674,544.6354098
504.2766945,920.5320509
500.236223,198.0970887
539.8449544,442.9084937
604.8788358,574.1383153
872.5957436,839.0818191
478.1741027,781.9583556
330.4936189,577.5241214
736.4272151,482.0997923
296.1756773,669.6789186
540.7543421,411.1077665
587.5690694,537.8525985
740.8562857,898.6864268
273.2668785,598.1116434
589.5768113,705.5613632
713.6571224,561.2819762
650.1371295,496.5821323
448.8528051,988.3039589
470.6799832,275.0110367
359.2101162,600.391768
411.7179247,817.6443145
929.7794296,524.7572757
602.2510283,582.7528065
771.6369121,556.3288809
178.0712828,475.8391392
439.4614113,727.3902723
527.6109,473.6697102
216.0075401,506.8377516
586.9944701,297.8543628
503.6190273,544.9566109
215.1799919,527.843255
566.6038501,319.3776367
728.1731702,313.0779538
230.860144,558.064491
323.2825895,664.6341829
556.3611488,652.4615741
623.4449877,914.5731259
450.8072307,440.4726054
702.9856737,830.5102229
405.2434808,317.6867812
456.1463631,352.9692799
523.850837,931.7050355
474.9759204,670.3836054
591.7872419,457.3255613
752.0428154,569.5322668
460.956917,422.7754337
396.5748153,297.9451675
564.8747641,380.2821342
522.717458,410.7624121
804.386885,278.9472911
843.7115675,636.1674868
680.0921402,621.4377637
837.5616952,381.6119022
560.2371623,486.9546447
679.5879502,380.3531733
857.141006,718.9860985
569.1444551,386.8379338
946.6758488,521.9156498
807.126808,434.2287092
771.5145199,922.6620324
721.2684509,793.7216122
491.9915859,584.654063
565.6551381,786.9521103
660.4481128,572.635797
791.9257233,657.7878126
432.3987356,581.3119668
414.0823268,228.8467719
767.6704003,454.6465732
671.3417102,407.4592621
539.6659351,389.3790017
702.2479347,281.379314
770.53315,367.1292488
579.6522398,378.4920748
348.398628,971.7525222
581.1192088,465.9731484
522.9887433,439.0521373
610.7690479,502.9506186
573.5032962,593.8655959
471.1588259,429.7592438
389.9729606,449.2055021
403.5437868,476.3497221
648.3349077,967.9473139
513.9590732,547.717879
823.3181012,313.7112254
447.766016,403.6015476
785.0282996,181.708415
694.3709687,543.4357896
341.5966763,517.5646316
611.6972364,591.053493
758.0742055,566.9181958
391.7449664,489.4112388
444.7040531,548.0331254
489.0947851,202.156011
739.7417973,448.0980864
552.7053214,442.6133472
461.7887796,771.3957012
251.4651825,724.2636126
721.0251944,470.5160557
704.2804097,226.6679406
440.586476,986.1269872
705.7586741,536.9798208
213.9907349,779.2010155
705.3384209,298.4658213
295.5014415,389.2251185
348.2298406,506.0678969
476.6074822,375.5445172
899.1648041,533.2743389
461.1179893,550.8665817
635.7013782,520.2973796
692.3577439,570.551594
538.9787709,465.1330904
443.8582884,576.8660906
875.1936497,805.3022774
593.0737535,616.1517458
235.1431379,719.2465403
678.6966441,573.1826934
711.4210599,501.901643
477.5308319,332.1535762
523.1208879,612.6695564
552.9180472,551.940609
472.2336155,434.0923142
404.6271153,622.6297158
558.2249861,348.9240014
465.072247,338.1310341
754.0274571,575.8778116
564.6663078,387.2955717
901.3071625,541.1484775
876.4181712,698.1005467
352.1752896,270.790793
583.192596,838.8063755
535.6593349,460.0187781
633.9497163,865.6481362
981.8807521,581.6011377
588.9169569,981.0311034
855.9437793,254.318732
522.1959053,495.8308314
409.7313356,253.4539984
542.277219,693.867516
675.8944763,401.968192
619.8460719,459.9460675
550.0381895,575.6153431
764.6127069,306.3893738
541.8345396,519.5603283
486.9504643,508.1342357
547.8734351,413.5299274
471.0022628,618.1022491
470.8359621,407.3004479
225.0946311,671.3007617
524.115321,801.4562217
571.5963444,490.4788725
713.244779,403.4148193
742.0729423,514.0392546
394.0222258,430.6796177
808.3534418,178.8673742
350.5045833,982.0795357
560.8647033,419.4457694
559.7234295,617.8110724
700.7859693,429.2921618
786.4163054,635.7904783
697.543609,437.6521451
590.430336,336.6363719
365.2073204,506.9176288
450.2949211,563.5108482
651.5666467,415.3492174
701.240843,427.2897582
601.1426371,504.3526793
522.0956545,589.7920479
442.7528783,365.7071509
880.4767095,688.2320277
763.5820355,312.4215736
661.2241575,475.3643056
577.9562461,696.0906422
551.9150152,801.9099316
399.9251265,823.5296514
418.0143981,870.3338947
624.2436082,626.2831303
434.5699018,539.3739213
479.1531207,422.8634386
440.435171,887.4617092
486.3369152,497.824376
562.8953207,482.155746
217.4996317,781.5095976
546.3466033,545.3410368
719.2184035,528.7022846
508.1200951,712.2939039
882.2153083,540.2995396
646.1282522,552.6559934
444.1714896,529.3887102
738.2365677,323.9761425
573.9058124,735.9149826
850.3497504,676.5874272
513.4338503,727.4243292
262.9379632,719.6791056
452.0235128,365.2163962
523.5717617,803.0849806
459.0258313,687.006708
827.8674817,736.2212237
631.7806024,482.0922496
359.9593005,710.4966152
685.6561178,531.6569671
507.9833214,496.2912482
479.0162721,275.3003329
495.9931676,600.3150667
445.1749261,567.1490311
718.8351226,193.9564925
798.8972415,668.0720564
449.1696167,297.6730251
400.4071601,666.1635707
782.6325729,306.8275596
546.8151393,726.7332235
487.5551149,512.7060601
582.151543,619.1570123
817.7448655,527.9233829
427.9176371,242.3841668
614.9221143,805.8057774
412.7183052,427.3586035
505.8966762,407.8179467
498.2018904,608.706725
435.7378862,985.5462846
423.376481,364.4018078
739.3198363,476.8596991
921.5355865,466.8617846
479.2676181,513.127677
729.7921482,292.9433268
517.9055709,897.1301278
274.2961567,371.2804173
423.9434701,454.8735012
730.7872854,544.3345593
828.0136034,572.2463775
521.850136,549.1414395
692.7467175,137.4250143
432.6002858,637.8346278
389.9314641,442.9436998
215.5883355,520.8002945
603.9627817,667.0078284
313.9424746,718.4862968
691.0207025,549.2741363
453.0259905,247.6218363
503.7838598,458.9962751
707.4752813,227.5808555
612.3355785,595.9692719
570.9212097,450.4452176
454.8089921,513.1736017
684.1256757,556.5599669
321.8663451,309.6863811
408.1244919,841.236706
227.7131657,544.0498806
581.6747227,385.650432
424.1959696,429.455698
224.5701273,384.4833435
506.9134006,450.3916458
733.050463,824.187933
476.2328152,406.5512155
619.5770937,602.9496345
602.8248186,571.965794
881.3359419,440.0704407
748.5337389,392.2400379
651.5512765,411.8293981
546.1334281,777.1481324
398.7242445,409.4549378
777.1134325,298.1285737
570.2451612,349.8493063
878.9856216,558.6655861
590.7050069,614.5613689
681.6628804,413.1711801
863.0434573,596.4420997
954.5658031,495.2507764
764.3663345,150.3347163
687.9474142,374.288191
777.0956205,573.6013017
592.2377411,529.7114574
485.3962029,401.4339363
727.5886387,968.7316898
435.1635865,633.7540386
773.8569304,645.0948007
772.1429448,442.0614153
586.5603897,284.8719294
404.0115288,430.8618538
508.1221325,526.8805084
792.1936979,529.1294593
594.9704884,384.5775121
424.8235556,643.1105121
899.2145101,520.9538225
790.3852591,391.0641113
739.6584598,515.975571
821.2365195,554.1479394
738.3639485,390.5339926
861.5069479,590.3955667
779.0711239,651.238114
529.0396532,351.8766153
704.6504777,581.6773166
565.5277723,490.1886152
857.52962,361.0461725
482.8807056,740.0445678
793.0008874,390.2030759
812.4731012,234.5324263
423.6755704,549.3289617
295.4770379,633.54159
504.429168,994.4683123
451.6671222,375.274297
596.0507459,963.3646874
591.8795229,599.0847952
782.0377796,297.8319228
568.526277,682.5008037
664.5504846,576.0524424
503.4429293,888.1317121
506.6827579,348.7316526
481.6122607,401.054922
498.3647155,353.7368572
760.3370535,969.5424546
441.3093092,580.7312433
417.2320316,650.9211752
402.2819484,928.9623838
469.3643641,871.1733468
536.2542331,431.7475231
621.8750265,534.6999051
570.1677111,572.5458072
376.356683,755.1548933
445.0621665,416.3609183
468.5210113,624.6425455
498.0265564,226.066365
553.9896158,474.0308812
579.8464195,592.1438175
693.2094111,561.3026194
566.669151,488.3598604
899.1093906,848.134705
295.9313423,666.4234484
507.66245,327.0425861
632.8143748,451.9164996
233.2966481,391.0717793
232.8218202,783.2234153
673.0730434,555.022911
829.266693,356.7032402
774.328088,626.6300517
863.5061358,490.5316086
620.8553509,465.6529502
673.219165,46.69557442
415.7833691,410.4086166
476.5170438,518.6060227
577.172037,325.0659655
702.609239,514.4160961
792.4422126,364.4518695
809.3672449,381.5657895
282.5622461,360.9050554
695.6450763,161.3418664
622.3070545,533.6276538
709.1654925,526.3494495
383.4220852,871.450441
742.2363667,83.4314282
464.7899209,545.1916458
568.4740543,651.172173
211.2772977,386.0312851
700.3553794,554.7481361
521.0518601,470.043792
529.6522585,462.7088191
556.0573853,865.1693328
498.1931117,662.1455377
713.2395208,491.3153995
442.6960716,858.0044567
767.2595849,262.149892
634.8826237,621.5517187
562.6464316,779.1542342
311.9816672,658.0048579
576.652282,392.9620665
483.9197961,418.1859749
737.5269924,405.2749149
785.9671993,382.7352181
922.7587747,975.2611214
609.4879593,250.3413167
849.8896185,238.2898503
838.7749062,420.8674076
854.7518408,597.1509652
575.2368765,805.838915
468.1618493,782.672173
479.0431175,519.482833
706.124922,491.2622873
505.6874709,619.5526581
582.271763,520.411857
620.5040537,897.7063174
894.0215741,424.0868987
333.4805885,547.4684691
770.8376325,358.9192206
151.0037399,437.9393937
887.4582947,512.3928195
810.6561534,404.6000854
455.0092839,576.0584807
465.9424303,663.0254612
562.071218,411.0432881
383.6829439,618.1988622
798.9104695,446.8998243
735.2999932,853.8528911
691.6788341,540.4466323
404.2591596,300.0664153
596.1862612,899.627632
603.9942861,298.6180329
494.6359022,454.9748573
653.3649885,563.8355386
448.795429,868.53366
956.9887647,555.8199486
702.5818843,207.6808873
424.5885835,962.9472283
553.7969043,662.4657986
148.5439707,720.1881215
656.7646162,495.9774435
694.7723463,517.2262558
538.0058651,538.449285
741.3890889,624.0361851
671.7874456,428.2614684
814.9883888,721.7033851
587.6262956,476.2896523
506.0905863,423.7696047
839.3249222,374.3501413
661.050756,430.7011593
613.1268735,526.9487059
577.2871935,716.4921881
548.2328218,183.5472616
436.4103693,774.5046638
609.3618669,501.384374
482.7011021,279.9528702
420.8519053,376.4089165
749.9984008,280.8845895
231.6136426,549.7259239
481.003835,361.3211982
580.6206814,600.429356
707.8469372,537.1996241
509.4207784,535.8261253
686.9583592,614.5922082
324.1855505,587.1595486
772.2813964,666.9411979
635.7575259,633.8806553
874.1033852,493.6666885
723.4504631,625.0210375
552.1907797,476.6450566
589.7333445,686.1860604
792.4502871,597.0659899
627.5006796,892.189715
477.1847481,916.1753914
457.5504731,492.7298711
448.0372564,576.3825443
960.9861967,574.3551725
521.5400058,764.9832334
422.3017364,598.7558425
679.2870031,533.6660567
624.391153,797.0689318
614.7605625,550.8801418
353.8363334,500.796463
642.6148912,466.6966187
479.1411961,409.7401388
735.9006738,454.6939395
171.1927497,749.3923913
769.9197207,525.7028058
453.0027854,495.6780138
625.4489544,750.9133588
586.1423985,475.8007781
654.0272548,484.8465392
647.4807088,882.4525557
540.3895324,402.6132059
551.7575681,261.1430175
662.181783,577.8608884
814.3108423,309.8212299
207.3687611,677.2051747
712.0139806,356.135826
574.8373116,705.3231107
576.4400356,458.0779696
452.2903039,348.7373357
942.5962777,538.2957988
436.4966431,562.4715674
575.7221759,304.3662227
731.9075563,430.1103022
706.6052478,502.948362
703.859707,503.9600421
493.3512782,681.4697133
460.099677,609.3398921
231.5351139,409.5201057
239.4330379,524.9890511
756.24767,320.7064435
598.4216346,538.6533134
218.3065964,707.1007174
555.1414361,427.4810205
521.9142534,357.4940723
527.0095002,759.6109867
97.84223402,487.5042574
358.7416102,553.6149165
703.2382781,429.2009184
497.5436989,248.5689125
701.3937059,462.8996217
577.0615843,327.7843595
903.5105072,513.3293862
567.2704459,518.9781003
644.3809646,489.5322141
437.7461524,631.8557699
854.1374827,611.0992376
492.8144452,570.9262834
746.193995,319.0465528
255.7387236,662.9038381
850.5836439,363.7070665
498.5645879,198.7301932
490.4953597,425.0668828
698.344971,575.7461177
786.1690641,290.7911771
620.0237129,442.9253132
501.6739796,618.7118271
696.5560969,576.3987997
808.6726203,433.7578455
651.1295102,590.5205955
427.1888565,773.7325108
615.8371198,630.8249511
797.8736261,684.9417901
802.2540094,469.461
510.3740446,793.2154587
914.561986,640.8435297
772.212635,621.8648339
467.9444795,243.8261138
502.1894352,695.3298137
598.5833512,307.5924206
406.9117303,997.7991467
687.8573053,432.4937677
727.6705531,493.0886603
721.0576726,497.5611135
412.3973739,859.5078525
473.4020493,602.3000657
471.231677,740.6239751
222.6621718,549.495235
892.2884882,600.8920502
569.375697,254.797807
594.1571569,218.1483493
753.9014844,510.8323835
318.4237229,480.9939855
486.5651311,258.2671467
394.6531974,450.3529504
495.6440127,567.2528108
668.8522792,477.870439
244.4334719,705.425804
628.4547697,602.0450772
755.5416601,278.8622114
693.3081638,516.3876185
613.9551857,563.2486931
168.7990154,675.2541282
445.0781359,490.7523103
695.8839883,500.6285809
644.2570144,477.0638738
436.8172448,508.8761553
512.9104699,617.5940063
817.8599172,391.217493
890.8237813,975.2078212
466.2859674,541.8380789
601.6087312,509.2736398
569.1208306,474.9554757
665.756475,572.2380617
635.7717725,476.2074141
480.3076824,875.7948777
460.8760512,382.7682303
632.1239748,439.2173867
792.4186779,185.3827651
440.1162771,354.6291916
211.3311533,571.9061421
721.9317808,538.1585471
942.5562193,895.1658555
550.0645106,412.9436461
322.9609991,344.8271986
514.9841868,637.421828
448.2513604,358.5717351
369.4118454,596.6796627
789.3522507,299.0818554
293.3011528,748.6256916
709.2802296,254.4525362
477.1591311,352.9971523
537.7948621,816.8051758
494.7510288,676.3230574
224.8122601,518.1581631
675.4396476,17.10725486
498.2878945,437.5913231
595.3280924,572.5974568
658.0490754,856.5460244
148.7697896,679.3282194
265.6281354,290.6389863
284.0643597,589.0990199
503.00025,201.0041959
560.9653286,574.8743011
495.939342,567.0339687
381.9125261,514.7633518
771.5250214,357.8535509
514.4577803,411.456234
668.178343,534.1292315
780.1276969,603.0185215
721.1088167,514.9521486
557.2851876,317.8282535
600.5369229,325.8953259
403.7953126,983.3986061
467.9418728,282.7315428
680.812187,615.167583
821.1032513,389.2573577
760.6310196,65.31982702
863.3138437,788.3762976
519.8930589,370.1025058
486.4455103,585.0656509
388.2547505,764.7584574
512.6879767,547.7602308
668.0781222,534.6883926
668.2027915,589.6016005
498.7531947,445.5319459
415.261307,613.0011627
794.6306365,626.1358496
506.488009,303.8612184
672.7652651,329.2880269
424.59904,454.9583929
609.9927636,768.894666
612.9734113,549.6416172
697.5126738,190.9194465
534.3751154,553.7948752
634.4761227,519.5140693
792.5694136,522.8169895
722.2696253,207.5806804
558.1231174,462.4532038
728.6423653,445.2973498
969.1970823,582.1872101
659.5275345,470.6187907
512.8581274,335.8816444
318.7513955,306.8805046
909.9169089,473.3692776
508.5162294,706.9670386
627.7026792,393.0824569
728.0035438,166.3500169
583.1045994,486.3623878
392.0738973,314.0808167
581.6784379,487.7440561
524.0196993,416.1573078
567.7041068,572.1216621
564.4876631,314.9118277
715.1778571,212.0198288
431.7651873,386.0869672
401.4192105,886.5069021
592.2582946,377.3311918
695.7492371,496.7510382
613.6398422,548.9308295
798.2387504,368.756775
742.8490319,449.0793032
519.2790004,575.2385226
366.4218048,311.7632712
535.2765484,395.8993235
334.2706251,331.7444329
431.0006478,519.8578149
724.8846094,498.7987605
591.6762649,690.7893927
506.193938,944.5912945
455.0662555,638.3447092
583.4366913,523.6471856
562.478498,451.0105006
726.2881801,525.7428384
835.5234226,986.1088932
427.7857171,568.0562837
746.0434241,386.4138723
441.5927888,420.1068925
260.6083463,650.2275413
500.9773776,612.6471164
548.4569329,551.4622862
642.3259437,276.6960418
552.916639,550.2975587
418.0651227,399.7729382
458.9687698,613.7566215
641.0553865,623.5960771
318.3162365,372.2904677
504.5320404,493.3541584
478.8819852,519.324395
629.9428914,553.0402312
567.9814743,384.4914712
646.8288092,480.0245737
779.5370083,631.9127266
648.3374544,903.1150657
574.9292331,801.9615603
664.3336841,558.8895472
293.0891911,667.5308222
550.877183,283.4134344
435.5383584,580.6327915
437.2992185,352.8387979
590.1768628,246.927095
651.4853016,541.7034808
569.4248636,571.4395198
528.7585106,492.4131622
783.4574995,552.5055995
503.3145598,666.5347917
650.2059058,474.0580432
509.1343027,506.9171273
703.5197653,576.9733387
739.7101731,513.925425
802.5641696,464.8616166
838.5340767,565.7810273
822.3368062,557.7380664
608.0165561,565.1065949
685.7284596,570.8321357
581.4883479,487.7673527
812.6916695,636.8248072
255.0061829,414.8746972
586.7650109,461.3683953
796.9548005,534.6636961
747.8853147,577.1021283
712.5207174,553.1382861
319.8714867,718.2081161
514.7641804,401.2926522
705.6348138,574.7454278
565.6592728,518.1981957
597.6416051,669.7898232
575.1841445,356.6056868
505.4867297,704.5584377
679.366176,378.8607885
382.0407009,585.1260132
473.6105505,356.8838048
348.4787298,361.9724385
611.7107789,226.6642424
448.2594949,383.354261
974.0404888,495.2342912
433.5575668,759.770344
418.6117081,247.9436015
539.8094651,568.5557302
721.6590723,459.5877799
460.5683329,325.6089548
647.8814872,263.8717748
185.2458792,527.2095447
668.5066298,557.3799459
772.1830182,284.0544159
641.3071819,952.2881698
665.4750478,559.7288112
493.1597351,602.0529542
589.8868366,233.6662928
389.8580737,488.5252143
692.4502946,846.4807063
603.4377385,514.1279281
899.9922475,577.6081982
448.1265862,868.7337395
881.0771355,601.2263518
775.1660029,207.1750264
651.5054206,876.3896628
427.8562912,454.3107882
403.4625315,422.2255077
625.4882487,564.1052364
566.6681622,481.3955025
587.2370524,475.9918732
661.5366097,325.2399486
423.1229028,647.1355236
538.3393053,698.8514715
879.16915,596.2371728
549.9341337,410.705748
622.4416111,472.2533999
744.016462,576.2181724
487.3072894,422.3093756
887.1039265,540.892904
416.2750952,347.237471
886.0406122,839.1410949
613.3241092,802.1505242
851.2682314,456.9161046
843.9994664,728.3148041
870.7963382,604.3978706
580.1424529,522.488768
505.0345226,501.8505576
658.9759006,546.0387659
725.8617847,504.2195855
894.8790238,602.2830372
560.5069795,451.7803135
933.6620796,656.3213988
188.5923253,549.6396532
709.6975916,468.0579782
387.4860614,336.9193791
555.6400233,568.8519423
825.9904464,391.8623189
503.9303859,545.214441
204.8098497,521.8322207
387.6914766,484.4804581
654.3763498,131.2132319
571.1731849,315.0754265
585.5916035,355.6896379
634.0087701,514.672568
908.8786123,456.1369521
649.6257487,603.2814288
344.7165994,591.1914342
381.1806296,339.8880813
507.5032053,219.2787064
560.9928481,522.25553
897.0575755,481.3751937
432.4316781,385.4631814
598.6055525,559.5037845
582.5465688,379.5464201
328.8289199,585.825769
533.0246213,347.4355237
679.846412,430.0451969
750.8584721,439.2455516
610.2916433,592.1668425
493.4075906,407.6412684
738.9979912,429.7289059
879.7738006,441.1344389
605.1004152,293.8034011
504.4881769,454.6287925
563.878009,584.2521281
382.8932069,326.8174131
458.4196826,644.7148461
812.2088718,571.3000743
303.1898755,416.4353422
654.7784914,873.6979085
564.8128639,563.1845281
510.8246188,453.5639794
587.3493476,688.1722713
480.5402875,430.5684415
673.8532227,554.1678304
513.7902858,667.7907626
663.9833606,359.9750912
572.419009,413.2259011
811.8859331,429.9964934
690.7023778,619.0468808
519.1085052,282.5401343
569.3638024,511.555812
751.1185219,307.2732253
606.3620888,504.9914042
450.1493687,231.3477444
698.8387644,521.0543846
682.3335958,435.0063155
517.3716591,369.1386309
752.1176589,272.4043621
548.7782537,857.376513
501.8017349,512.0453966
531.5756741,735.9872335
418.4571074,445.0445134
266.3811397,428.3214337
452.9334848,248.2585971
587.9366805,468.28593
728.7791241,542.0096383
917.8042565,892.8675741
822.484321,660.8509341
471.782472,213.6368245
716.3145618,605.8658722
488.3260661,389.8868266
499.8894051,664.3128773
572.7834741,394.346054
494.1121773,632.100604
604.5518523,665.3463915
645.6170812,311.4336708
726.0838285,352.3596393
437.8303888,727.9077293
561.9784876,506.6135188
506.4809231,447.4221496
779.1146578,515.2567391
698.8877363,424.8339373
696.6241093,539.770591
585.9489529,503.2487947
351.9572457,661.2476038
251.057543,369.7244735
873.0921887,660.4309469
594.7523246,578.904536
481.8541389,401.2849423
477.1650185,680.6310552
585.4641478,555.2340434
625.2377566,565.9703047
716.0597703,203.8280619
541.3452853,460.8539679
338.3806669,573.4288438
545.9241928,386.0197517
536.6531988,481.7065492
784.3611796,332.7263392
850.5962876,321.3493472
498.114538,619.9011466
549.8326844,508.6026757
271.8831422,707.2051657
343.6054218,662.7811912
724.3437466,477.9961781
587.7087493,793.0826575
513.8232283,426.7578218
547.2024949,486.8746213
898.1385221,598.9658674
215.3850325,399.5578152
848.1495067,631.8563132
830.7277596,399.5264535
611.5149364,589.3882326
547.1214045,539.8239539
577.891919,523.9067707
461.3501301,630.3934096
831.4370203,754.1804461
596.6621228,572.9883598
431.4631616,582.7322888
963.2693735,550.348665
594.0331917,873.7504357
834.6338394,430.7074065
565.4058145,261.0258657
752.3659039,694.0770395
965.4878488,589.2149599
746.0780444,320.7133385
647.010435,572.3695676
433.4900638,331.0119573
711.6923302,478.8199807
527.1955154,430.0226525
690.7790939,728.1961688
725.7223445,309.1648289
583.6365188,739.6996313
385.8007938,858.252195
480.8345232,269.3051361
208.2417757,693.5063032
499.9412982,509.215158
522.8969117,562.4037878
723.324086,520.9036146
431.4441362,576.3185464
840.7270698,366.3726408
575.5522799,647.471434
804.9564208,538.1344983
744.8227376,617.5761002
585.9760679,813.0621685
685.9392828,567.0960861
550.4358669,460.5604511
627.8068399,711.6521703
505.9196267,403.2454746
282.8688408,659.9883525
733.3130145,435.3396559
586.5480606,643.2389675
555.3763333,199.6726728
727.3787143,347.9326719
929.2604236,900.2987423
429.2178111,581.6073014
642.8412944,553.159953
831.9336152,458.3913982
428.1444747,566.0886892
749.8861655,339.7493879
445.6119727,531.8019077
851.39341,268.9053114
529.02662,460.3952853
281.9403977,719.6320527
768.5406884,479.4022296
973.8172765,534.2273072
633.4894346,633.5612302
743.0961983,446.116702
973.2393365,526.0517539
463.1960056,422.5158695
633.6122313,583.6218234
629.9881031,879.9035273
678.1845742,519.4183964
533.8292491,727.0411152
755.7036014,62.51927849
762.2691129,368.7736781
902.4862625,850.633024
219.0677652,513.1745419
740.6849366,525.2306884
776.8616371,435.6443509
312.6451919,438.628807
223.7064756,644.0169081
385.9569525,512.55295
766.0443813,993.48463
794.4999,603.0322279
339.9643505,320.4153713
250.8583897,734.9933759
623.8480431,564.5251609
503.5358096,749.7209261
727.0984705,447.5074383
426.5752625,479.4744596
702.3350474,201.997949
698.0623153,440.2675532
514.6966474,571.9855178
504.401229,664.7739418
828.3708778,197.0819612
528.8428819,426.1339942
803.5702427,659.0196302
682.4580104,446.1087624
478.8242346,744.4857221
661.5753947,192.4481448
561.0478872,418.537681
443.301561,322.8351713
638.1418673,543.8612301
726.0527885,506.9726423
498.3242676,540.5411143
771.6803112,926.0066775
786.0789703,251.4394763
752.558196,632.3319407
576.5751913,477.8421069
407.1337441,383.5421175
743.4573078,554.0840878
259.358822,727.9415773
419.6232192,566.8407841
590.9868386,563.7631205
454.3790763,609.4666342
492.9057076,377.3602133
687.3932186,545.0413981
393.1946926,791.3579958
576.5774984,707.8261309
745.6038307,490.1626233
484.2019723,314.8966587
554.7002398,359.9762612
391.6165369,720.5629362
502.3465826,714.4767676
573.4920457,524.3339036
601.9475794,630.8021141
496.3044963,718.4206274
777.5408316,683.2529404
563.8293217,427.7429875
686.103621,427.184098
598.7299222,535.2707668
698.4407425,239.3820344
611.9890752,642.8326239
665.2421729,508.8280786
531.5949393,558.1751866
718.3217044,622.3802851
425.9047868,386.2652335
641.7162896,538.5359109
836.6150055,383.3296898
485.7917081,328.0977463
809.8096097,760.0237028
966.353418,587.8793625
692.0502503,368.550093
748.5854672,436.7367857
779.7744373,449.8093969
516.7796523,434.7043158
860.7848937,731.1464009
661.7367367,893.6081565
387.9358266,346.9551324
709.7400468,472.0531742
735.0328875,584.3991163
596.5638045,191.3903102
719.6708952,467.0127217
662.2341705,590.1050586
687.6180188,479.5148265
650.52074,827.4146742
412.4174779,357.0242741
273.0479357,366.1146227
411.8882551,484.3250915
674.2287586,417.4805569
478.7687312,981.951143
565.8311912,536.2279975
205.7124063,533.1200587
569.9695615,519.5344617
729.3575884,443.2555822
428.9021979,538.7401065
428.5357703,457.3894547
796.1652283,449.730648
643.8059159,548.1375528
784.9199893,674.6753478
256.612697,737.9224007
468.0530595,499.6248196
463.908607,951.6335656
922.9706616,949.080233
763.296144,711.740405
916.8496271,466.7327442
333.6535256,318.9887186
753.7233191,905.6723472
744.6947726,311.952862
692.9985279,946.8866298
399.9315233,925.1810572
436.167802,324.4797469
620.8607739,156.4648873
672.3826583,564.2954122
538.1466985,580.7446989
669.47618,556.1936768
587.4023793,558.2534758
589.196901,391.8085799
631.2133886,701.9872827
622.2820667,640.4817528
281.8855684,624.7486862
500.2906628,668.5926475
491.8388878,235.5444198
730.8840007,292.9853026
623.4460962,625.7323894
605.8405811,723.5623524
830.0062896,458.8219995
518.1084993,418.5560885
119.9839617,671.8144369
522.8007656,472.4182732
680.8391673,431.7247279
791.1182492,565.2207588
572.6120951,363.2943504
671.631212,496.2266235
749.1211167,349.6160474
516.6459346,564.7413077
172.9221054,536.5972753
587.4439657,545.2807371
784.6610031,623.2271963
409.1199887,357.7811537
664.2329239,623.5654886
924.6224923,861.4592125
705.3807563,582.0057052
328.2202994,666.612663
565.9118022,207.9111793
508.1746098,707.2593017
870.9439729,405.9355574
702.6344066,653.3186188
818.5989296,583.6018489
807.0307219,731.5974572
602.2317331,694.1366705
493.8279637,700.0609327
653.0219158,407.439601
548.6612245,853.3109883
765.5590969,945.7161983
424.6320424,512.1270289
751.0815196,350.2152829
627.5597634,673.5638787
486.9653851,674.4834378
513.0186904,400.709296
565.0316718,566.0730606
204.3875441,646.7825221
512.2066322,613.6848302
186.1285114,736.6270449
315.6733434,547.5925786
669.1487021,526.015524
431.991186,232.8586829
680.4474222,386.1218808
726.6653489,64.85790586
650.1248004,545.1236781
797.5778923,419.759595
752.5424214,388.0631281
582.799278,594.7335263
757.0492567,565.5974331
664.8374247,737.1182174
306.5193036,719.1295557
567.9043088,390.6001634
282.0433,677.3535419
152.7851235,688.8961386
494.9707805,511.6066468
860.1835539,266.3957515
732.6351983,464.0016259
849.4670433,250.5397873
858.1025714,594.3346
807.4468554,479.6620654
591.7791373,538.961832
863.4689687,665.5903689
595.8255262,203.4092239
711.7533615,331.3660453
514.0906186,363.5679971
442.1641223,941.7641481
430.4189627,638.6064673
548.7048932,334.1712741
575.1213604,977.9845298
431.8996989,340.9791162
732.4146526,411.6964924
396.7184352,274.4794972
777.7686279,428.1622435
556.8647546,484.0234679
681.452177,445.6195121
473.2760017,665.5615563
901.4130909,565.0433074
225.5441716,656.4157972
684.2471841,567.4589704
866.2952255,720.7083783
520.677972,982.3870096
941.2735128,725.8113034
318.1327081,671.2960606
585.8747685,534.94125
365.9010761,310.6183511
374.2125719,339.9116704
878.9443049,726.2167067
496.5633027,548.038516
572.4283569,628.0276411
438.7314173,570.713772
521.4439496,401.7199522
715.5725833,455.4185799
367.7524645,364.8695375
371.4493839,458.0174192
556.3227682,426.503272
545.6766069,544.740276
690.4217296,521.5135269
516.5568744,482.3809817
228.063564,796.5558834
577.6354646,701.9628369
547.8537205,546.876839
407.555001,845.0222531
406.0863542,598.2346037
490.8178789,707.8337989
754.9156621,654.6317344
453.074453,494.6772194
774.0036662,431.4517707
649.4812599,977.8159165
707.9928641,228.3202051
500.8267617,534.3549686
749.3723878,135.9910487
839.1299186,730.0993475
684.6073947,630.6063597
652.6207779,561.8821729
256.8820048,663.6398238
697.2132398,237.8323378
777.7886421,145.4388701
472.119178,761.6174437
790.5900901,336.045285
680.5722114,330.9405004
803.4643742,579.9319701
757.6806179,493.1553952
277.7342248,622.194309
831.9659585,404.31712
191.7771599,552.7402583
227.2045263,658.1716952
524.9758418,403.2583244
765.2661196,327.8756029
498.0857301,805.9840437
403.9191879,982.1290333
802.8334325,459.9555951
558.5874888,722.7266821
612.9524533,552.2196463
519.5767716,428.0279169
284.0029689,604.681024
499.5838739,459.3314124
491.9197985,360.2681901
501.389736,355.9436026
578.6028875,855.8578438
601.8715225,692.1145014
713.4663584,554.655639
241.4197019,374.8382425
620.2654114,719.8632013
436.4857821,639.3724567
546.6987992,340.7680465
568.43085,491.8944725
542.5034124,460.052271
764.3588741,540.8799707
225.267718,705.8782184
605.4885498,270.0591114
427.7394418,577.5122119
463.9453546,354.9476974
592.2982182,556.2500067
786.3038753,150.3114614
839.3403973,983.3937587
659.0192548,417.6347952
176.8575474,475.6436564
476.8547684,202.345748
866.7471629,691.7911691
592.4908549,547.5031111
513.6370933,324.3527123
574.5228669,695.9168054
871.802666,792.1783509
712.0549378,459.3775878
499.0862154,231.6432879
557.163095,297.5921659
788.4675212,319.3108181
875.7438006,688.6702552
415.1997813,482.6650753
238.8623186,517.1039641
603.7158999,283.3090279
606.1425318,640.4296644
439.5349215,548.3122254
812.9109868,208.6234505
244.5349811,399.4747203
322.493272,369.9921654
783.3718699,581.3760483
629.6110691,562.3912723
704.2666874,206.7840607
841.5262446,565.7021322
728.9222496,466.7384482
543.9575879,463.4040828
426.5848352,588.3241089
555.3583265,556.8851169
259.928987,673.418959
460.7919796,476.7893078
872.0287246,790.9480585
574.7230689,301.8577492
834.256326,312.0617816
442.06504,776.1225788
507.7118414,784.2653497
446.3797181,403.9347
705.4547459,466.7632492
908.7512914,862.6065563
462.1164522,907.7861567
508.3104547,474.1008129
563.0446033,700.5579764
651.6909415,915.6695514
499.3521676,536.3861012
604.4348382,496.6950845
453.6030167,633.5274239
602.9272715,292.8107345
607.9462517,495.2656946
307.8930628,650.4491205
428.7600461,537.6377262
749.7777952,422.0840981
922.990481,440.4393633
769.7530905,771.0985072
474.9581234,609.1639242
858.2520338,362.2183799
820.1341955,303.4399567
651.8088695,540.9775867
305.0863258,319.5882675
644.7472874,597.5068501
544.8002966,615.2264409
445.7018868,355.9601296
802.5043367,202.5290079
371.2998317,775.9580189
657.9048114,545.5838233
592.5707319,558.812825
648.8693438,241.5928959
520.4555837,488.6216185
513.1845416,397.5818632
584.9882712,627.1292475
327.2441428,596.061957
397.2791324,489.0102441
587.456879,598.1671792
404.2221124,989.7181171
723.5051126,509.8381289
623.9903446,565.2036886
457.992733,784.2924281
562.2350319,522.1424525
743.3874678,290.0791148
969.1190628,931.8915757
413.4932562,438.675651
418.908925,768.5291699
875.133697,471.5742663
557.5421064,287.7717446
582.5519618,878.322469
466.6224037,366.5112506
535.1800428,309.8428342
465.3900473,625.9754893
507.6378967,359.471654
623.4000905,561.0737482
646.4086757,250.0631987
705.7799617,576.7783155
958.0361246,635.9764753
876.5644577,439.4945645
567.7562696,372.8483961
590.2958244,568.1690478
527.9418983,467.7920831
570.7463402,317.2171293
871.3520169,514.0433289
605.8633517,501.1387042
334.9605308,274.9073196
482.6637852,613.1810796
554.3161349,200.9968204
468.5618786,439.1147143
890.7325489,841.3917174
403.8625009,351.2974588
362.2648584,715.1665362
376.7579857,723.9791011
595.5485333,274.6993005
708.6985294,337.8728489
211.4480776,399.3315766
854.216371,404.10534
540.2142733,328.1416024
784.3495396,283.3250117
740.433291,350.1753547
512.9646251,373.5253149
828.7621584,729.0308362
594.8824619,366.0530276
405.1595889,648.9858618
805.0116246,462.1962931
495.606501,786.7618092
765.5214355,752.9272123
646.0227432,476.2030682
602.3268755,730.7063765
423.9779556,248.1697565
620.9756159,846.4092493
712.1577053,959.908093
310.11386,525.0743816
150.3132799,500.9519341
567.1957372,580.3330901
371.9434919,783.1848244
454.6467512,350.1561533
806.0224766,638.0800469
531.6557609,175.7221608
710.6386784,414.8177824
782.9266289,675.0902578
762.7711458,883.5747851
753.7314836,357.6000876
809.5917605,247.2933641
681.0282835,402.1855925
423.1314718,690.7714867
690.0344488,567.9466746
92.14381971,630.7378029
655.2111786,546.9470214
780.7066556,664.8225827
823.3077795,253.0052821
718.4375801,195.5120393
244.3381798,708.0153037
522.9407302,635.4237286
487.2980762,256.9979709
486.2271667,210.4634044
453.733124,288.0989422
491.4139755,209.3054048
446.2856693,515.9369801
542.9345117,423.3215362
701.8689233,572.0147065
553.7859833,671.0764036
822.5184171,541.5892541
317.83642,519.6307614
631.4870109,602.0771283
506.8425569,436.9880551
757.7769736,341.6966109
703.0386155,740.7872605
711.3811663,545.3665482
429.6668572,788.7585087
834.1214249,417.7735304
708.895121,518.1472774
828.3703535,248.5403089
771.1645261,670.1813321
560.4368698,523.3331511
686.9028557,385.3760958
558.5506813,309.3125901
439.7345692,842.4602078
259.0210974,687.5266305
416.840017,368.7912498
582.2520484,334.491138
425.2926609,331.0629801
865.420518,719.1760445
183.3522302,738.5245614
766.358811,765.7333016
677.2196231,693.363243
797.018813,238.0100608
470.6301125,789.3941204
456.7531859,829.3542709
722.9287906,582.6274643
468.3649574,287.7515402
432.2734521,495.5417441
605.1943741,569.8357499
582.9820424,422.9879241
545.4767795,444.7595422
703.8416104,204.0427462
759.415097,356.6097611
660.6547115,709.0345474
772.6135632,437.6853036
481.4504992,397.7301677
408.1759206,313.1310033
470.2496929,514.7413924
441.2825986,386.2417906
420.9962892,591.1986844
729.2721835,507.3744727
453.4368359,811.2302378
711.618056,534.9594485
563.4775302,690.9130007
493.60586,208.7427544
422.5439292,696.4268451
396.468767,656.2711909
922.2192602,459.9512701
637.0393185,209.0484731
602.8846664,302.3195868
710.0001266,193.3318291
636.1574953,564.5994594
835.3668894,552.8061993
708.2020395,722.7753439
625.0166866,536.3312131
627.3346785,436.9663254
479.756453,322.7765014
626.5152648,769.1266086
809.0624928,304.7994566
553.930517,457.3527442
286.0908125,350.4640032
784.6694223,668.8885462
811.7958992,369.5706112
466.6609041,765.2765621
663.3355357,903.6733075
831.4765693,216.5060094
641.374655,543.9733883
852.6968948,524.2215783
765.3870137,374.7223025
481.9404576,383.2815922
662.6513677,488.1239689
437.4218654,578.6522846
942.2427634,598.3338077
499.5830799,891.0448158
943.9733925,666.2917336
404.0584783,457.525996
661.2964992,493.075121
833.5093439,307.5926505
667.0284104,846.6066126
896.5590481,486.0823893
643.6505961,555.002059
721.4790644,493.5930377
332.3104319,556.5595072
652.5310286,609.970364
519.4443273,949.7529522
953.3250425,507.1419869
613.0458879,703.2653802
529.783729,462.7645221
760.7025524,314.479534
711.6489761,897.2154374
462.4059091,265.3785554
418.6965438,589.9239299
604.3921132,535.1659006
710.6137955,282.5879394
663.3945746,501.9764639
904.5793344,599.9917135
535.6573875,510.3625644
966.9189989,903.0462832
752.0467553,579.0239653
783.1559083,444.0928196
548.2306795,398.1292611
455.9907737,982.5164679
674.8131253,556.1763141
531.6557609,175.7221608
514.8380801,428.215084
652.7801125,502.10634
679.8479101,442.7374357
518.852635,298.7894043
484.2544347,513.5578604
651.1436969,516.7204575
516.6048876,412.7537001
348.4171142,534.057691
789.5204689,299.8973005
463.3918182,429.4006636
672.9334383,541.8065919
523.2544258,805.5832788
452.317389,340.6356213
895.4986701,628.1451481
696.5044735,568.281394
218.8286584,790.8024702
565.7772307,484.6336309
749.3876981,259.5456412
570.8846119,730.224627
826.7088004,473.4202586
955.2144669,876.2320605
299.4815408,674.0905499
567.977819,355.4382222
656.8869784,473.3307075
771.2172581,347.5060823
773.3772188,987.9767613
791.849202,290.5910767
827.5489174,739.4303514
653.1069162,886.0843868
495.853248,587.104556
809.5428635,571.5376582
917.2261966,455.9264257
607.9936656,665.0198624
575.49796,374.0845178
583.6075761,531.6226176
476.0807013,496.0282782
267.1008869,431.2088797
456.8506203,400.9264248
631.319347,241.4238438
387.2826386,380.8315797
702.2012399,468.6202107
430.4108132,561.7114492
677.9693616,333.9860292
956.0642764,468.920894
504.7087975,422.3180465
646.7844813,516.8972404
833.0175879,567.9594825
733.5038535,401.0071377
439.4599282,877.0850309
381.1832512,764.4191413
496.5024361,512.8333036
389.927674,482.944447
763.5797884,323.2348706
212.33053,515.838194
333.3567132,825.1637174
620.1932943,567.8942519
652.5580687,206.2976728
410.5775198,353.1313744
906.0052713,422.1101109
651.0118669,578.1921185
494.3908781,443.4475549
535.4887798,378.2671734
819.3362192,336.7876643
479.2029465,611.3529725
507.8545025,342.6037799
270.1037061,364.2019582
780.3606316,327.7055061
399.0907471,335.8800982
680.6210185,427.2317151
214.5678509,653.1851489
588.4109841,982.1270065
874.7935905,510.8457555
552.3334408,403.8081877
865.6982001,610.2699608
462.9934218,482.7561725
863.3651825,716.3468714
367.7679395,416.6281924
715.5259484,535.6283232
492.0686916,518.8088602
356.0083236,417.6746607
775.0806729,477.9589871
548.8757929,909.3986603
207.4993028,669.0118199
490.2562829,349.1318325
699.0754893,275.868938
604.837549,569.4612904
635.5018505,972.2151537
610.1675283,535.875769
341.5174134,629.0686353
400.9744489,364.0864779
567.5051633,446.3902443
378.8696636,617.1745205
806.1047955,557.7421616
370.3691414,449.7771368
535.4209023,448.2027228
820.1890548,616.6454674
299.8802968,673.2092474
381.282738,663.138476
835.8834685,742.0767034
580.7177712,681.1699284
730.5971355,405.8388816
476.182525,728.106576
772.3144587,365.342595
533.9427727,558.9721197
761.1617704,464.5309088
526.9107475,539.2170503
541.6871297,401.4807595
907.1971049,843.774577
563.898952,731.6945927
370.7416212,350.4664269
828.5549605,469.2054473
734.3838192,445.9690661
959.5799145,573.24222
633.5167294,583.8416893
396.2355027,437.3580015
775.3395392,454.1903351
431.8182639,519.1322969
498.4141218,549.4219811
525.6570736,543.3975121
441.6816542,569.1590609
432.1734111,410.6481436
463.3273862,502.5214172
358.7423892,263.9003576
558.5188773,476.4922182
488.023576,571.1034841
630.7729564,598.2300279
441.5407758,635.7557109
475.9130524,592.5695297
700.1410657,286.3186402
532.1996497,441.1957206
634.826521,637.3428702
619.5982464,441.1801338
298.2325109,583.7119385
406.8609008,930.8133906
915.7078139,854.5280131
902.8213955,548.337883
758.0108971,349.0601875
418.568369,594.6008921
719.6350315,910.2170722
430.8026481,371.3338011
806.0556588,599.7040679
714.078679,492.5776803
470.0434837,442.3613256
780.6693986,301.5434849
572.9627181,715.755868
442.4609497,636.8218194
521.1982064,935.8844525
590.4006143,534.5942449
546.7107389,324.830262
969.4370429,601.1926709
886.1837227,387.1972035
548.6187842,854.2357291
526.1166512,439.5081037
497.5736303,723.4319539
455.8840063,900.630453
339.3281356,609.6917445
527.8579765,558.3838952
726.2451106,518.3290539
520.0846469,494.7083513
459.4323772,543.1774372
582.3236561,349.9968586
638.4926551,520.8536574
595.9796925,618.4313272
703.4488467,508.953379
642.0618192,608.7641204
193.0155385,432.6318552
495.2851503,716.8737933
522.0082123,614.6175107
477.6782869,237.7357246
704.4008095,421.1915966
204.9680009,751.6815629
881.6068526,581.9919153
328.218307,496.1863402
282.8456208,842.9341847
497.9743337,678.7840809
542.5622416,551.5430618
760.2750335,548.9121504
459.0254568,516.6155286
635.69615,295.5805482
634.9763279,432.6405679
394.3555911,414.7395349
402.789629,426.5822299
557.7542629,756.0415655
522.2656854,611.0657239
499.4321944,535.9514674
493.890553,252.9221037
629.4667002,566.6140859
471.8514281,721.6503565
438.8154739,299.6409957
597.7581998,514.8070617
372.1209682,340.7656228
438.2395563,351.8409077
637.1721673,598.2482683
621.2808774,625.3837965
437.3074729,442.1177034
427.2507717,963.1169073
570.4158961,666.3549583
475.6041206,306.686944
964.9051449,559.2657618
514.9819996,556.587505
434.3705238,233.3301526
640.3936446,533.6669969
513.1138777,727.6224029
503.8672573,991.6423986
205.5251627,399.2802822
641.2141219,871.2047294
543.3364436,397.2518658
693.4485328,549.6212457
481.6068077,500.597658
488.2324967,412.8749262
744.291822,656.8971497
551.393073,475.5119833
611.436093,564.3097244
586.7690257,530.3920536
513.9116443,534.2931228
559.6421593,193.3560242
555.642585,478.3494304
373.8860828,727.0805419
734.3756847,578.533712
721.4790794,662.0170615
580.7642563,471.1599204
227.9096673,696.3917434
733.8970666,434.8213631
590.5877231,698.5660616
419.2687162,393.7157076
536.7215557,462.3271094
399.3470667,830.5558342
436.65033,327.2629535
748.515028,236.037431
140.1198051,663.1740791
580.7432834,742.5607302
493.8255668,437.2329518
593.5781532,404.358469
517.2671838,443.2694349
495.2746788,559.5711045
793.0558066,657.7767597
452.9718204,412.0311491
800.8312934,261.2101912
813.9276512,536.0407677
785.5948094,527.4153073
722.0610791,172.0457213
868.6679119,431.2998515
873.8053444,431.0253691
898.3112494,412.881863
441.4342182,224.3592541
546.5664149,370.5359278
461.9171492,795.8385349
780.5522196,281.5025041
770.5539881,626.3471073
671.7146844,526.3928042
461.3994016,607.3233434
809.5173814,333.4872304
539.7735115,912.5839899
439.2269635,851.5273433
616.7342383,544.2106379
330.4690506,664.4036611
747.5028278,443.1215064
575.665534,983.0717636
709.3813343,267.4099806
686.1020031,430.4136181
470.9778442,680.3099168
339.149356,613.5778328
464.0003188,481.5170629
799.0514228,317.5128191
669.2649523,561.3645696
590.5677539,628.480369
656.8341415,880.9376473
821.5672482,311.5936968
809.9641505,333.9669532
847.1752226,472.2033382
408.320664,423.7964533
558.0378174,993.8954866
660.3586931,464.5416482
440.4286245,641.1783118
501.0738083,418.2998882
707.2363094,157.9959884
510.8471048,382.4630966
449.9672784,278.3409308
285.0631972,563.3237229
531.1044266,366.3686919
944.7048096,873.2315161
594.0815793,405.4219449
526.9501617,570.5434663
658.7484488,638.9404973
651.6467035,253.7211471
905.8243645,645.4314842
830.3285842,251.4240567
529.1320092,474.0563508
896.7053196,480.7009911
805.1892656,637.0229645
639.5070874,623.6793391
765.2931148,357.1597498
928.836605,453.1210089
703.3836807,382.8492358
777.8093454,278.0322033
555.0090367,483.7453708
448.4209268,428.4771764
565.8013047,491.2651916
220.410754,502.1591388
541.0106617,517.0062018
445.8379864,736.284553
404.1327526,364.6534324
501.914165,499.8141597
862.0668062,464.5703146
838.7725093,593.857886
531.3093774,568.2886024
512.7478695,672.1942244
875.9985472,695.5968579
403.7286635,854.8289472
450.516815,441.8307473
310.7430189,712.8610465
505.9203757,552.0394787
328.8428819,320.7630032
471.3563463,735.2320254
633.2366055,528.0402631
730.7795104,295.4231548
391.6557863,411.1890435
461.0394156,643.2690128
502.9881306,379.4985314
554.5236025,670.485045
545.8191332,747.939663
437.4405763,498.6970284
323.661541,382.779116
612.494209,558.9923867
392.9040073,779.0156035
786.1715209,570.220531
572.0188598,475.9420414
671.1046707,368.1025886
464.8244814,681.8756807
686.8354426,444.2994806
815.4711865,515.6455736
777.2947737,444.2796106
250.1111829,434.3551796
222.8101061,561.2696071
542.1319213,466.6916877
209.4356467,752.0398506
421.3058352,706.9776735
366.605513,342.8455217
483.6600609,651.9357595
261.1116675,427.67362
507.8249905,328.7463539
823.6888882,247.1271744
218.4500215,801.9945308
795.4941534,469.6768125
637.356265,894.0434798
571.9295599,635.7601195
591.4468207,799.5003069
710.488527,570.8347892
443.3215303,211.242724
356.4117835,841.4220971
677.7754666,353.8108005
745.754896,625.272683
716.2327972,349.4851265
788.607306,304.4644237
308.5797326,719.1816858
604.1136672,569.1018536
581.711725,708.0179782
968.8123782,915.8742484
955.0342492,599.6768223
764.4606379,447.0954325
573.1013194,805.910748
800.9045789,460.3406687
576.8553452,591.1801306
529.1335222,612.4875084
524.4415106,334.9426122
570.2013127,240.4692666
838.6627308,381.550725
437.8749114,584.1751133
466.0352956,640.3155422
522.3370234,543.751412
748.9808225,358.672715
575.7406022,520.6759134
715.91254,517.3465625
446.5824218,242.2093271
496.1520228,796.2252174
508.4050877,442.5665659
818.166542,387.6475913
477.8578154,687.7390165
764.9451583,358.2837552
690.801565,550.2924188
667.2675321,840.8866504
810.0506789,536.1346647
595.3162577,576.5133189
637.6517441,454.6285209
558.3359031,738.7237006
418.0546512,403.3606624
814.1842554,213.7114574
196.1311173,731.9172167
947.1189327,892.1469662
638.3234632,841.3208037
510.0243054,705.4777043
478.432175,487.0585916
514.3305643,427.5352191
284.5999343,639.0180552
573.379391,460.2761068
628.382383,436.2564988
659.4184452,499.2454083
399.5978884,309.3841098
400.3694388,753.6552583
646.8129296,360.9696383
864.1021126,683.0213948
487.6343777,324.218135
441.1940028,317.7691239
891.1078152,842.8630203
931.0224972,876.0294947
734.0180057,461.2728477
662.1847192,303.5679733
400.7232976,994.7358162
649.4597177,508.5357736
576.9348477,356.1017899
905.176989,587.0781044
485.1991469,598.4663373
560.0735582,560.6252199
706.1762758,618.4751207
476.3946965,533.6139474
392.6169773,758.6892546
663.8889074,847.3952508
554.1984766,395.6865824
508.0705839,333.4216656
879.950378,618.6290457
328.9127368,557.4231962
781.2622444,604.7311483
825.0092712,300.818343
785.8002246,617.796405
927.8518644,601.4769526
589.4938332,295.5412051
378.282136,339.988706
205.4598768,538.0537227
287.1230718,596.4924121
542.2303594,480.6743932
447.6113254,763.4891353
462.138384,452.3778984
775.9853567,573.8409332
695.1960601,556.3939444
413.342131,357.6991663
703.4903132,550.2758082
227.4242631,659.1557327
501.0412702,508.2179782
485.8449644,324.046304
447.396802,512.0720363
263.0356224,436.9215917
408.4613477,367.547272
711.4750054,459.4762485
827.7121769,458.590433
672.5862609,374.6103115
570.2834069,516.9557222
553.9728524,477.0519016
913.4517821,859.3235897
472.5747857,540.9494845
627.3977922,524.9440875
682.7518866,552.6389231
560.4811378,576.4018502
400.6719288,856.0619976
816.9170776,355.3366572
591.2584086,698.5665003
576.7154405,427.7588669
676.3188792,553.2971002
819.1529005,578.3970245
610.1317394,874.9061997
508.1353454,806.545336
603.6091326,532.5583485
623.4938547,471.6753507
512.330972,412.2663303
536.1904603,387.9622526
689.6761108,557.5648564
817.8853844,268.0882993
532.1402064,701.3711859
373.6948693,401.8220813
871.5119807,731.3054657
686.5099122,371.7112485
216.3989106,528.1753209
894.0277162,524.6987729
777.0549479,309.6587594
568.6392314,751.4818595
501.4178698,446.3406841
765.2778345,569.8422897
743.7402331,446.7516034
541.947524,343.6630561
578.1385311,673.1108792
525.4331123,609.5594447
526.5691279,462.1993644
499.2025854,277.0416678
280.6731513,571.8533224
748.30786,428.0965323
742.1916643,290.6000401
773.9313844,317.6433847
577.7069374,302.5710651
335.9561473,599.2051229
502.7052802,804.371185
658.1911073,425.9266646
213.7451265,516.4293645
875.6136633,679.2365581
734.399459,906.444145
568.2039675,503.5461559
362.2555255,597.1345009
233.1663761,654.1770843
709.0398944,273.4184241
491.8611041,200.9310883
577.4011966,597.0077797
588.8598954,704.057654
389.0807857,836.2147027
291.7619919,642.5692361
731.8177021,557.1900417
395.6188676,486.3459652
522.2631536,564.4013649
568.8561068,317.0120144
808.3621306,577.839305
871.5363093,509.1046713
485.8638401,302.1640739
447.4694883,907.8764599
513.1123647,504.1246647
671.0825443,572.5963494
498.1275712,381.3011271
763.5336778,308.0816501
334.5459102,595.4927251
654.8466086,868.7077893
480.7697917,675.5034545
937.5512611,527.6828739
465.138162,614.6665067
450.6540981,493.837057
464.3621324,512.0846353
431.1164785,524.0890069
541.544903,519.4517847
244.6695676,706.1647775
955.7326489,566.171011
385.8298114,855.8937185
444.5537669,921.4823449
509.9073062,572.0154587
706.8971765,196.9395278
603.0881641,576.0829056
749.1383894,517.1134708
757.5279497,556.2341064
302.5567467,674.2004724
679.3026729,805.5754018
691.172352,377.6770267
177.206882,730.2202393
710.714241,492.4432911
472.2635618,788.6614359
653.4786021,410.0466725
400.3453648,474.3675229
861.3083489,670.5788375
691.742562,372.5758358
589.2882083,894.8057709
328.9694986,583.5857815
423.8438785,384.1907879
470.8426585,538.0940896
395.3070146,663.5338712
297.9003591,696.8017016
918.8215351,595.8902514
404.3336736,394.2237415
732.6217606,525.1590017
513.5195398,670.1568445
539.7186971,537.5698003
657.8037516,527.0377346
572.4491052,295.4065233
570.5469921,409.1134488
748.5091556,525.7172643
406.2568195,663.1489856
689.8600886,565.0206794
481.6971712,744.6968335
513.5944882,395.0866782
631.4617085,453.7720612
709.6613383,423.6150947
731.6094855,342.4075449
499.6463284,809.9093497
637.9841955,662.6479721
618.7853493,533.581562
834.9090646,467.7408932
431.2783449,598.8944522
349.200005,257.1866423
699.9017492,553.1284033
649.2945706,672.6647747
778.1210786,652.6906333
733.8411437,504.9505567
404.7359949,409.1463357
425.4012409,333.7075352
586.1722999,331.6272184
960.866546,653.0914191
824.3975048,385.9297201
411.1236708,838.007165
369.3517279,607.5545756
805.6824749,462.6395142
150.3064188,719.5486026
471.9860596,250.477649
703.6953539,747.2397818
477.3023914,519.195856
573.2775073,407.6444651
672.5795495,563.3257078
547.0085999,455.7555768
600.4265452,286.4469911
872.7179861,433.9958891
548.1236275,534.7712785
427.0843363,487.315377
654.5335122,849.1325533
555.5203876,317.508306
768.393653,939.1461491
770.4416929,304.5060861
412.5416529,650.08726
444.039345,344.6800432
610.2016243,558.748075
636.0313579,362.4582622
495.7171784,571.6458256
554.6800009,203.0136407
507.3247254,316.15708
633.333995,540.0277734
630.0258844,431.4625519
501.8026937,671.1689842
450.9236606,960.3559526
299.4055588,416.7897854
548.7035749,403.5421255
758.9247191,676.8746758
668.6340705,421.9569591
824.0717347,196.9549893
641.5737783,590.3334075
703.6383374,481.7630462
639.4502656,535.5695488
364.8385557,528.8971616
447.5498297,295.7255097
472.6968933,531.4829422
788.1167484,342.4340174
313.7884731,718.4423361
417.2492744,867.3614525
222.5432101,396.9939521
782.0975526,333.8507207
520.8544895,462.8529449
511.5026447,566.0804153
694.8716683,400.5243227
499.7834017,431.295631
358.1881486,582.5608756
588.3966176,357.076655
330.5880722,825.8757797
662.7835723,514.3128387
742.3039146,886.6201468
527.6730848,388.1367789
552.4136923,481.2513141
751.9045586,320.963208
733.0456991,467.453164
553.1491093,349.0704254
856.4683131,574.4233701
434.8111508,572.7666552
971.1400476,915.5026722
523.2776459,547.8378724
765.0077327,362.212864
830.8598593,242.2340027
415.1630487,431.9261237
954.6536648,913.0986889
666.1752751,528.8401214
713.9280632,476.7718614
555.6776249,567.8148135
805.0281034,555.4144826
292.6746305,295.5549323
701.8802337,735.2802902
933.3024531,865.6457752
383.6500164,569.5234496
662.4530533,363.1087712
580.2137609,706.5991815
804.1209927,339.6772206
841.8733022,675.0096075
827.6285248,390.3112851
760.3961823,323.4394214
256.3170681,583.6087856
416.3863268,792.1635371
217.9170835,651.1810738
653.8115479,491.9002183
670.3043125,357.9998914
501.3508462,720.3873443
467.795107,679.1005182
811.2821964,539.4119481
743.616133,424.994402
797.9253544,507.1150339
553.3013131,452.0278429
472.4079607,392.0153246
531.2927488,343.52944
565.7013236,453.579023
439.4405881,498.2984574
589.8304493,508.9647034
465.1190467,484.2875034
568.2938067,432.3646647
876.3146247,720.6579823
583.1132283,551.5887357
181.4514055,540.5984888
478.1985812,209.1828206
890.9753709,449.7963592
216.5509795,400.6959239
760.3233761,923.3917708
201.5964171,512.2516189
862.2451513,601.7682546
552.8187851,803.4135991
582.0779429,611.8941022
572.1242939,357.8219385
199.9616345,759.0000506
570.2335512,382.9510933
810.5665389,332.4911163
474.9806693,830.501552
452.0285763,532.9453861
499.1641749,432.3965905
613.0641194,480.0784171
543.3607273,730.8383002
464.0127528,643.8485663
641.9742271,836.6148199
624.5984108,551.4409953
830.1431382,507.7160036
570.9006862,557.8894423
551.7977463,684.5290112
774.2314176,922.0799089
410.7205554,794.1425814
333.3577469,556.5678439
436.2060627,578.2098574
575.0621867,418.7656747
696.93382,521.3063644
602.1654735,557.9541506
460.5668947,908.9857143
452.8546564,457.0991347
726.6393873,324.0217329
893.1423725,512.777329
636.5821978,536.836677
573.7920191,533.2067682
666.9068121,552.9582229
626.4035389,536.2737341
146.26382,510.0272391
650.9083054,608.5540955
430.3609574,385.7951219
326.4036812,321.5199454
766.0287415,527.7623541
621.9177963,463.1011429
562.0236394,524.4557148
787.2100572,299.6958629
501.5172367,249.3028716
625.445359,448.6275783
477.9538566,590.3837826
436.9603853,534.0243444
594.0716771,542.0553958
705.2466791,435.2662349
609.9179051,589.366879
330.1474302,831.3621277
731.1307476,445.8982987
759.5665967,976.1912319
437.3578679,393.3115788
606.812633,681.3268203
493.7007477,556.9901921
971.4846035,598.6901313
494.8216178,992.3326895
525.420933,920.9745408
594.3114879,895.5283637
519.8486711,430.9605564
745.332096,685.7337504
795.8694796,165.9810943
214.6698545,409.0507882
454.3843046,624.808171
832.0424349,744.7404808
512.1177368,455.6019443
535.4592229,701.2549952
773.3764547,468.1795386
696.8501829,555.3129803
744.6768107,626.7483109
668.2010537,162.5586195
387.8735369,967.5340754
516.1951507,542.7759828
749.7761473,882.1222239
609.6049735,563.0709492
798.5467683,962.5476962
472.2015718,932.2554421
714.9401885,398.0487362
450.1381631,637.4889808
459.2355459,574.6079045
763.4051435,563.426458
339.0817182,577.8266643
768.1776464,302.4778786
545.0230594,772.8933931
718.1376817,505.798826
472.3760968,616.8739207
598.5282372,186.9432639
701.4978966,280.5726234
810.9522168,247.479967
613.4136937,620.8192222
438.8784827,570.5648407
426.0420249,458.0478825
924.8262896,850.4885222
744.3357754,168.3388604
452.7923517,357.9148534
608.4950243,720.8756126
660.2229082,557.5469295
725.5475947,501.6004164
966.3589159,907.0694978
277.3700742,679.416266
481.1026626,269.3570991
522.3116461,444.6769488
475.5595231,339.3275203
859.9818839,815.3471405
756.3338839,528.97029
763.1525541,912.353489
571.1735445,321.3063268
802.9794343,317.9760356
957.1306318,569.0040912
783.2497773,301.5391181
431.4422486,299.3277133
725.9296023,356.9291026
731.6026543,505.5435032
623.5962177,625.7791916
77.22703856,632.1664405
657.2272648,515.1652032
333.5778581,370.8981644
428.4960115,664.8641406
838.7468474,723.660449
879.7898749,580.0673204
583.1065769,347.9642425
685.7840679,424.0404517
820.034529,236.0229307
412.4028718,224.8770872
551.826689,452.8589165
564.9287095,523.484924
662.1156283,984.6037631
770.9375237,301.7274552
558.5154467,442.2434634
363.6912147,255.7269982
845.6877451,727.2856568
400.2275866,856.2570416
485.6337816,424.5597682
257.489322,432.1479746
756.5446922,357.1296209
576.1925546,389.7228517
422.2627117,962.6815631
450.3828128,386.3017977
368.0752834,295.5660269
427.936318,735.0739635
393.4739775,754.2745937
544.6720918,405.4834355
521.3345906,391.1382635
610.0801909,554.5785616
544.7294079,466.6350027
564.6657685,569.2547129
289.4179785,682.4618367
532.1114734,506.641642
807.9252038,538.323128
368.4515234,544.2235503
759.3826638,308.816027
797.8384963,225.6188397
939.0729246,525.6186872
492.3456695,213.9237388
741.2810781,623.4022658
230.0579431,766.3082585
660.2537085,361.5498813
415.504923,283.3998534
592.5361115,612.4198959
385.0457072,337.822244
191.6129565,516.8602583
582.5806049,364.7003182
210.9369365,711.2034958
234.3615803,653.9675608
765.755284,537.4016049
781.0560352,472.4201119
556.6983641,567.4459535
802.4510954,244.9741262
416.9426796,881.2847777
421.613943,355.9555748
946.5860096,523.9645004
809.4697877,472.8937963
968.1574225,588.9072562
212.6319115,539.689105
556.1942489,328.3008553
746.493429,659.0846936
533.3828845,561.7595678
603.895069,550.4571459
527.2114998,199.9145191
686.0521323,540.5495972
284.0909654,598.6393175
663.4327604,431.1063954
677.4092037,445.0483579
909.0325688,445.6648935
465.9092331,513.4908121
706.2489022,511.924484
560.6603218,192.3213818
768.6296587,477.5575954
853.8491644,610.6807547
737.4554296,476.7296349
347.9796182,643.8668693
619.5634463,402.2865307
504.8483576,695.9739709
708.6483591,465.1231867
755.53787,134.2415234
799.3268577,449.3577346
435.6046779,446.1703365
441.2860142,850.6283856
705.867359,434.5233542
798.4263386,454.7504365
654.8149844,538.8368241
601.7367262,297.6776427
749.706592,872.3864854
626.6954076,372.5225983
593.2916476,795.4917598
272.9423069,713.1723648
404.5976033,226.2729842
872.4140578,743.8231573
844.6015852,620.6001294
589.3479813,531.9376341
535.9902134,667.3782345
805.5436488,552.9192141
682.593316,561.1371192
366.6012585,337.8103554
274.5338403,419.5806601
915.6425581,722.4604109
39.12350687,613.0516422
495.8600342,302.8301697
580.8640277,523.1628871
501.6168582,698.697066
488.6795654,614.033068
599.906116,352.8955038
626.3047712,544.027566
627.7762344,457.835998
521.4499419,195.8942296
915.1322109,455.3596802
669.7726029,575.6917937
853.0462145,526.3225173
748.083704,308.802634
566.8225233,371.9735707
429.206201,520.7086541
699.0447189,535.1484542
854.8375902,454.626327
898.3417052,843.6147809
345.1560879,354.212025
706.9682899,267.8139004
813.4066828,439.6573275
723.8380585,530.1772022
549.7999366,753.6689856
381.7032758,766.9911739
823.0689274,725.7092996
499.3429245,738.2902996
610.7763435,538.5971717
339.0673667,352.4839577
484.5020056,256.4136953
569.4744797,462.6367144
235.5857423,819.2789446
407.9125601,517.6209614
702.254721,296.5722119
440.8887114,497.6729792
756.1294724,150.484358
753.9439547,693.172921
486.4107251,404.4178911
521.2282876,406.9852016
656.5241012,957.8127954
481.7821567,240.5947133
509.5623459,217.593555
888.866015,842.9576276
519.1915432,443.5773893
555.570438,569.1311258
724.5777599,743.2674855
862.1315827,466.2609402
646.4544118,637.1365643
543.2230547,792.1123472
691.4464537,393.8340712
488.3831725,488.5249009
756.5337712,423.7946147
680.3588564,201.5599931
768.6084461,437.7038573
807.5800188,511.9332594
781.1056962,318.9424178
457.7565475,481.8982921
522.2529068,964.8423211
672.7099115,364.9460925
398.6506594,460.3500501
465.3929386,385.390429
437.4045028,417.1837807
502.0130076,496.5056191
899.7471335,855.1492081
887.2994545,605.1677879
784.8541042,335.9324373
485.8364554,294.9442052
730.1767774,474.9828049
399.8598557,425.5334633
831.1513835,722.443654
527.6847098,411.7244066
235.4511858,715.1494241
526.6048119,559.9909663
744.5419995,154.5064444
546.5258772,474.5332529
632.9646012,463.32431
605.8349034,639.8988144
590.1739865,739.2384205
454.8080933,644.633778
598.9654936,494.8986733
329.1790485,379.0999395
529.4589926,365.2277625
667.1268335,574.4340259
452.5666676,415.4085977
716.9833747,544.977651
785.2066298,500.4979317
761.9552076,875.465716
355.6735202,530.8141093
485.6694956,807.8279465
225.7351455,794.4985917
501.8291646,691.2429772
347.1599947,283.1297587
644.8295913,533.571324
772.5825981,640.4425977
439.213391,565.3879514
454.5795629,635.5932195
656.0418129,415.4174358
593.2229911,549.0707974
387.2669688,334.8957055
482.121709,421.3126973
797.2473284,578.8111405
438.8299752,475.478198
613.363089,932.5552897
580.8360887,416.4854456
762.1097634,527.2466939
729.7602243,444.7186948
462.229931,590.2172795
696.9546732,511.0752953
502.0588934,714.786895
390.335673,908.0271255
436.7793137,341.840653
945.5871273,673.2858443
578.7957339,328.7889565
418.919741,655.152806
432.6488082,410.6244709
689.8377674,397.8787021
419.126879,481.5381448
709.8738843,472.4666425
571.9446155,176.9170381
485.2501262,354.5095116
757.972202,362.9511062
602.3199993,291.9510154
372.0263801,403.6269336
853.8427826,661.3743667
640.0359507,624.8352912
537.3843313,375.5419054
742.8029812,385.5525653
499.2470931,538.6272797
359.2414259,502.8106089
768.0650965,702.3814033
443.295359,335.4203291
551.2429665,444.6549685
321.9658019,328.3007718
948.6234133,898.8194789
422.0519334,569.4639021
589.7766836,411.2579932
370.9854469,575.1757993
799.9510131,456.5668221
673.123783,692.6047337
856.1738077,488.4311293
730.4993715,674.0192601
595.5613418,755.8310809
370.4421573,806.891735
690.6803263,437.1092185
438.1083255,563.8715178
272.7076494,713.4557271
155.2533268,720.1949329
576.0337892,601.1517608
451.8295728,413.0910104
585.3804807,159.6499035
397.5133255,330.9944483
400.7418737,839.0399269
222.6269522,663.3299681
585.0742904,389.2178056
657.9036429,589.6897517
431.9858828,501.7764471
811.6500322,431.1298592
539.3816316,295.0190678
506.4963682,399.3800085
745.8166464,714.2980834
716.5417589,461.3561306
594.6407335,395.267222
224.3179423,543.0057942
847.2326735,902.6878492
553.2257955,412.0167951
588.8025194,515.5925659
441.7900844,992.440063
924.6720184,689.6882034
662.7292523,521.1774911
663.5490106,365.8375285
940.2496876,864.5710375
221.3908356,767.1010755
529.8944064,386.2729642
488.7189496,685.914921
488.1600201,216.6766076
805.2615325,444.2514666
559.8239949,437.604716
689.9721741,388.097979
636.6962757,979.9440383
724.3425781,478.2046778
580.4195806,390.6650597
635.8638888,973.2818682
551.4466289,501.7969022
374.7733291,410.6056455
512.4807788,413.4376811
901.6973645,582.7765419
796.1009012,476.3075583
493.6607043,678.916924
446.3299822,573.2399426
690.9381589,549.3022385
795.7420688,59.6167262
638.7333648,482.0236969
189.1455921,690.9376972
698.7037135,511.3530999
766.9853184,288.5024233
772.0858534,153.1074969
889.9810726,481.1028633
791.3048487,342.663202
214.9546823,520.649232
452.4031085,785.3739772
645.4669447,469.2997831
755.2953177,704.7792857
643.621983,633.6856112
932.2346596,874.3866951
651.9968472,307.8066244
711.6710427,491.1379481
443.1934754,385.0639209
646.7535012,583.3091052
663.9343888,585.5655362
826.7073922,379.659414
901.2234054,618.1952267
185.8130331,732.1297698
723.1147908,392.0125039
361.5549236,371.7219879
802.6229838,507.0154329
707.8103993,571.1754425
738.4275865,283.7573262
431.4027595,494.5968199
534.0065006,331.1304672
499.1221391,374.9182032
291.3899315,580.6321646
315.4946987,844.7314943
531.6557609,175.7221608
710.2137212,547.2194981
438.8674569,595.2858551
641.6852795,371.3268435
742.6652338,744.845535
447.236194,368.788262
557.2742667,207.9758875
557.3932882,567.4275878
659.4106402,416.0355593
423.9832438,479.0473267
654.2421378,873.6819456
971.8911494,566.0054064
757.7353873,70.09367401
164.9034071,548.315255
437.4735038,580.0034688
530.3753314,557.6748625
671.8030705,399.3230519
709.3576048,810.5653539
501.7488831,244.9563038
445.7946473,504.3248278
811.6823755,614.8812746
626.934814,226.5040493
554.8393804,734.1173178
708.7110533,259.6618527
789.6019788,526.7106205
318.8952102,328.7700267
963.7102852,554.9216595
659.1999219,531.7886192
451.6543137,867.1816401
591.0487388,834.8583787
573.0111357,983.2797828
405.2788801,294.7384426
493.3208075,423.3353261
691.4338249,529.0435438
440.9636298,514.69482
497.6263473,441.8664966
493.6245559,625.4628379
743.7614907,321.9253488
569.8485175,447.5931239
361.9898879,613.0786162
671.0774209,485.4001008
717.5427086,604.6273059
710.2763855,469.2863483
423.0988439,325.153657
874.5973734,695.1033244
739.888713,193.2098091
522.2112156,577.5410245
558.9024279,422.2649552
574.2732737,190.0324191
706.8164606,828.5762467
195.6109878,514.9073522
804.708011,575.5267741
760.2130733,956.3090652
798.8945001,357.0299363
397.0876193,452.0303084
718.408937,403.6039086
970.0420381,907.2752395
440.9182383,506.2027667
445.9502966,998.1425788
497.9200737,561.8895275
545.8054858,366.6625429
583.9032349,401.3261032
815.9457897,722.3962668
457.8467013,545.5397791
809.4301488,317.9424592
470.7738073,236.981415
482.8292918,428.2194926
542.5694623,551.7456903
462.4598695,477.1586065
852.4172952,724.8373785
595.2010562,680.842083
431.3733824,447.9828568
187.4829604,756.2761407
416.2433661,449.413166
604.2649272,665.7912841
537.148745,685.7065466
501.6198843,469.3119015
572.7363299,523.6539134
629.3204737,607.7354536
809.7018835,615.5198114
723.9955355,666.6568535
677.2972381,429.3919926
500.0878542,503.7051372
542.2224196,321.0954869
503.1128148,349.4827237
451.5637255,228.0366547
618.8056032,437.5181946
863.8746158,462.2430953
751.8015215,268.6328139
498.688568,454.5509629
613.8375574,283.3671754
333.1624736,738.0468863
263.197234,423.3068269
207.8352298,517.0200962
396.073187,273.0583813
707.6661652,538.4416588
228.2091014,519.8874841
548.8154208,368.0199326
349.0128662,520.8685338
707.6258822,407.9222488
761.9505935,538.0661337
793.4854378,398.0305377
402.8824343,873.5449238
551.8827168,474.5181675
656.2771595,414.2133025
195.5313055,730.8217105
565.7114805,199.5424206
710.6904367,508.0258384
772.1300465,588.3156887
458.8118621,778.1494282
574.1843333,176.7534811
742.7014871,513.9031312
760.6487567,867.4443175
793.6569517,331.9902072
920.4102222,868.8408622
528.6598029,710.5369194
838.869704,728.0829451
240.5930975,744.9411662
553.42399,859.2389278
910.1412746,857.4797704
169.3957112,532.8134206
487.0486627,427.2355596
608.386609,589.8901445
789.8543735,330.6896488
756.7386771,69.74434979
769.6694833,569.0559498
767.0714124,595.456516
794.5119295,599.1767908
612.0364741,558.5184725
714.7537089,499.7536093
497.4353885,605.7111324
654.7453092,412.0787662
622.2509069,575.5845038
698.4885908,378.1678023
690.2234003,560.3682047
626.0352985,390.7526049
868.9174452,373.1557237
485.0010872,753.4565579
470.5413968,602.4067288
931.8411319,612.4145679
231.8457235,671.3444089
810.4792165,568.5571928
310.9830246,708.2216932
818.0498124,525.2780548
481.5812357,640.1061441
746.8751369,570.8361264
334.0984221,831.319567
595.6830299,577.8423556
655.9761376,490.7571995
928.8292345,884.9673182
860.5704002,738.6412535
470.5168585,383.5584774
300.103599,326.6072628
441.4361807,450.3252451
429.5855121,566.4667216
570.1066498,382.7604369
827.8680061,400.5863566
857.8775765,578.7846262
564.600213,432.7899589
802.2622338,575.4965198
762.1468256,554.768424
147.0366437,711.2732813
891.9629878,629.894569
721.0725933,449.6934152
394.1895152,431.8996512
560.978991,569.3956837
435.5819822,600.8596439
514.7293203,335.0936121
524.8472775,546.4546579
396.4468503,612.3710252
733.6964303,468.1754225
570.747269,235.8053212
613.9500923,271.4888356
629.345087,714.9658508
668.6262207,517.2491136
642.487061,764.1650931
784.5487079,654.8500124
742.1250302,610.4022189
901.0434125,584.570007
428.465391,329.2689091
705.4768125,417.8004626
535.5724769,460.7269333
260.6646587,419.4362836
501.6722119,345.8467138
563.2830509,516.1897538
640.8903293,555.0509297
469.0186698,440.2668846
609.3680988,765.3994806
475.7077121,619.7643128
702.3533389,549.8645964
897.7946404,480.5247515
214.4349872,709.6044688
866.3513731,585.5878508
470.2223381,618.5444883
717.6857293,404.1302664
803.8498423,574.1617164
825.3846872,300.251681
652.1349841,266.6305565
686.7591759,442.5871463
716.3993825,728.6624986
553.2292111,669.1249392
458.8130456,531.2195335
259.4183253,422.3475695
468.545265,807.3086926
801.8826531,534.6942847
688.1754952,431.7752074
617.2928682,272.8669101
617.2589519,604.179697
650.000985,241.3263531
804.8513463,550.7728519
462.0365153,609.9124044
520.435165,640.2788735
393.4682549,601.4984733
488.7682061,227.4464245
558.4747741,223.3523797
437.9152993,579.5569673
631.7216085,514.2225982
451.1520112,527.8315127
532.8497068,460.6633324
843.2552707,585.8618318
649.8255611,411.4239531
778.853035,433.7932187
966.2537514,546.501481
264.889168,726.0137438
683.86633,372.961975
280.0730398,702.4308591
518.0822232,557.0517871
409.5179207,672.1706352
753.6221545,552.610215
457.085113,364.2385224
622.8267945,950.1677368
565.4162411,456.9190088
356.9037343,503.020216
832.3382885,196.0932853
594.797836,307.3242481
800.3208114,152.2535445
445.5660569,372.6622946
563.2400863,556.7049075
860.762977,258.4522453
778.5783791,791.1341182
612.2269685,505.388638
792.1867618,717.4655697
686.669861,205.220595
625.3736165,450.3809272
537.9971014,460.7875881
466.975918,326.690483
480.6063973,680.5262516
785.7842701,191.1472103
717.021141,399.635979
345.236684,282.9113971
465.4984026,623.5282139
351.9852446,653.1027018
740.9783334,619.8769306
637.6893606,873.7741293
666.5954834,515.0344286
627.6262327,395.1952844
686.1462111,438.2491867
549.7702449,468.7007565
534.0314284,425.5607506
824.8831787,615.0924487
500.0615332,726.6231756
683.663057,736.0841183
509.172099,211.7362993
716.173219,166.6919238
631.5918907,571.0760087
775.2903875,417.6276495
875.7365799,696.1604067
650.6519259,534.5078071
623.4745895,868.018564
470.195298,685.3745852
507.9656592,544.8763158
823.9114563,314.073274
666.1099293,305.1125718
834.1272674,660.2263961
570.45167,342.6313598
804.3438155,201.4751014
752.1343474,346.7610077
773.9215571,684.4990703
499.1410897,433.0978506
484.3372629,580.1361238
858.3076571,667.1210521
690.5252761,409.3621065
650.7167323,605.7583943
611.8529457,530.3729566
560.4245857,521.061781
647.2871433,207.3351359
370.1503634,438.3026959
264.7826403,460.2948485
666.7282423,575.8072322
555.4544276,441.5307325
539.4835452,459.2430941
907.5659444,860.1338322
534.802874,918.062064
435.4256137,258.7384701
417.2362562,528.3902977
775.7887801,458.4644222
697.9107407,547.538568
535.6427064,358.1280125
638.8046878,542.9637767
539.5831818,568.7471805
279.899159,674.7302359
653.8871404,467.4202144
560.7792385,265.0395319
843.9925453,536.2909089
893.2987859,846.3380849
579.5780404,379.5901091
600.7932874,566.248945
446.264172,564.0628219
470.9376361,500.6345775
554.8460918,354.8333454
925.3740734,859.3641447
764.1660876,261.2842808
421.1250033,359.7948818
823.9499867,574.4276115
532.260741,571.3651168
581.1456347,602.2067956
457.7118451,579.6455154
614.1262652,888.5896426
711.0136301,541.2295247
547.8752028,794.0583792
626.9895534,376.2407419
770.7398086,419.0277044
317.3660264,445.5626808
430.1630626,353.116686
455.2296349,791.8828283
621.9696894,439.270875
746.083782,289.3141701
285.4687993,629.4996962
554.7127936,453.8049272
563.452093,293.5551405
565.7869831,433.4480106
624.2839811,530.1684268
677.3575953,523.1448975
741.5835981,654.7847818
603.0825613,727.607234
628.2262093,476.3001828
584.2919538,733.1655822
305.2425894,666.2127339
467.4515848,526.228098
443.5932351,751.166049
713.8820575,519.3619412
486.3973623,488.7001167
786.7411467,272.8889949
679.1527162,431.3982825
600.9374016,263.3151836
448.4228593,405.8929131
851.3077355,422.7887849
972.4040882,595.0818267
666.304903,908.2131016
523.1555832,470.6318702
480.9738736,683.0765128
704.0225322,327.2834086
523.8176997,381.9768759
544.7987386,469.4095384
640.8583905,607.7524821
410.5321283,913.3956113
380.1534936,605.1493178
435.3763422,564.3440321
279.5437122,679.8686178
699.9872889,570.9742765
417.3001039,505.3320783
538.1443016,659.6881706
409.7520838,773.7819457
235.7804164,328.1925208
502.222947,210.7469757
583.6408931,382.5362878
643.5112008,470.8015074
378.7904157,243.127528
456.968009,528.9090293
429.9675346,303.2153687
530.3522162,604.5202876
743.1480614,421.9060407
689.4917135,536.3524621
569.6017406,390.1731977
157.8869169,542.2637493
462.0017451,495.8479852
613.878964,479.1209148
620.1425098,473.3298927
726.4941196,498.2911236
186.8000208,537.2551599
826.3822363,543.2127478
528.8478704,328.4712656
345.3543274,476.9827012
827.7954696,543.6527513
496.4065597,304.0858481
536.4483528,377.2812346
549.0916796,387.6500985
606.5071468,506.537507
675.538655,174.4288526
594.75977,242.5229019
661.6373698,897.3526055
765.7997167,371.0254079
437.6564181,907.5810627
409.6087935,422.8506098
782.1299858,640.9584877
474.4367055,621.562688
599.2611225,577.8306759
554.330801,324.4121553
426.7068678,887.0498288
427.4597074,867.1463922
559.736283,698.9616239
282.4483179,703.0543106
567.2671801,666.5643565
419.80492,591.9836662
728.824156,854.9587816
444.5872637,627.9730664
502.7702964,706.6141206
419.5530047,944.9644795
602.2746678,655.9691704
811.1614221,261.7499838
731.9699658,293.0309556
477.6181094,799.2658362
425.1558572,382.4631802
598.9702275,681.0696797
493.0541063,354.3958909
686.6552549,907.300918
412.8885607,361.9186577
443.6455326,238.7431215
455.7417797,322.721655
688.3029059,699.2567495
196.1929725,704.4695344
524.6213238,556.3392861
650.056848,562.0621525
593.822668,499.6914501
724.2681241,540.8752069
639.9258576,713.3828076
695.5309534,412.6391183
655.2452747,860.182494
352.9317395,549.1187905
755.8958935,265.472327
592.9173101,419.9270801
764.2062209,369.4218261
721.8655062,206.0620738
950.5883853,870.5653359
701.9860723,324.9585503
447.5252164,379.1944214
358.7578942,505.271131
514.175679,554.3427119
577.9017014,601.1530771
504.0512352,415.5730113
455.190745,266.6171009
385.6873001,738.2355786
458.8881887,623.5320375
459.7566941,368.0024862
610.8641603,386.1515918
493.7978076,746.1762641
553.8852004,441.0479175
811.2422878,486.4114883
754.7395941,699.0392863
669.7682884,801.5738959
458.1143462,410.9347236
566.4055208,536.7586803
729.5364878,449.9353659
699.0897808,266.4985074
575.5959936,381.2567277
650.0597842,543.2162161
355.7340571,302.5568782
691.4302595,540.5602739
660.7625725,375.3746293
669.1795624,512.7311327
657.0009066,946.7368001
483.5688435,315.3161863
407.7952014,246.1898556
302.2131945,635.327784
363.7457295,296.6720009
699.7342201,240.2567971
757.5213881,564.552887
847.0762302,505.0813522
588.7650827,346.5528214
714.8086281,207.7522816
371.3629453,314.3690264
539.6970201,803.7338182
250.1831052,429.4243572
410.009497,364.1420973
812.6882239,640.1785622
530.0795677,644.0546423
706.9129062,327.6263811
400.691194,493.0672441
555.1493908,420.4762957
743.1363915,365.0602565
513.8558113,403.2726366
258.4386182,719.8906767
597.590491,764.1266902
870.6371235,703.2400778
696.1570863,522.4289907
835.925759,732.6354635
507.1684468,663.3808446
562.2762887,451.0022475
641.6524419,523.7796108
593.5475477,472.2820872
749.8083558,581.2934967
198.8405996,736.2462754
465.9468346,442.8066988
716.1091166,455.3803651
868.1608156,639.4485729
605.4616146,566.9987625
799.9980825,476.306848
920.8175022,852.9191869
655.6080021,950.1093594
455.5585209,436.1107015
645.3779294,509.1426145
766.8671208,291.7295615
624.8827443,547.1383882
873.4861958,797.9829749
785.8653906,556.0348209
214.6559074,404.2511373
556.0732798,397.2715896
711.9016554,530.1091509
801.9213183,337.827551
200.6201106,513.1332975
422.3601761,874.729772
596.9941997,902.0202281
438.6862206,631.758718
603.1137062,555.1801163
515.0542215,367.4413193
449.8537847,500.2388689
651.1641755,630.792503
934.5180162,608.1773376
664.5348747,899.286728
752.7132761,495.666752
552.8724609,253.5984584
487.2853426,389.8873072
642.9871164,731.3549841
500.6812393,658.1970395
776.1074793,401.5245321
753.7960204,297.6722938
348.1588771,552.473423
484.0396716,678.8431478
783.0958058,568.5641086
794.4591975,535.8768973
638.2911948,480.2544478
635.8004455,601.7698216
517.3092046,703.3796487
858.893372,594.2770793
529.3836098,466.3426769
826.8694682,234.4110122
205.2605288,534.3755073
426.5330919,276.0077358
565.3952531,384.415543
583.527714,593.1145456
656.7666835,480.666746
642.0874062,529.9718157
479.3404392,783.5609763
552.5530127,569.1904017
612.1157669,528.3497637
258.3298884,422.3495335
349.3114164,975.0438254
573.4389692,505.549646
508.7595458,403.6845588
587.8597247,503.0598307
762.7580826,361.3850498
674.3642439,434.8735142
370.9011506,346.0951835
660.0917372,521.9915154
726.1880342,313.5111669
213.2274688,521.1473413
326.1487398,416.4140514
482.16355,269.5695895
865.2474611,359.6302591
239.7569353,722.110627
746.7603699,524.6923376
798.5031446,449.817065
668.1281577,534.4272195
524.5690112,592.1150676
639.7116038,628.9796484
263.627794,348.6696397
769.3417807,704.8458535
485.3229174,679.3370157
491.7009606,217.8445736
830.9079024,375.9972032
964.1563052,915.9192119
492.5911581,586.788641
557.4537803,419.2014994
827.1846619,405.6043272
566.1872222,407.8621163
589.9471489,797.9282121
586.6013618,347.5156934
404.8218343,989.6159462
672.3486222,359.5854418
537.2617743,330.4605687
681.8514723,390.5689271
550.4084522,759.2642533
239.8941435,513.2497807
456.3916719,584.514513
556.1425655,653.2180358
477.7104204,459.974316
493.5008903,569.5951573
727.8086451,354.6241979
387.9703721,598.4900518
590.2776828,703.5076653
625.9260294,476.8256213
526.8043247,339.7766335
619.4376534,707.3045787
618.2311537,562.1228909
215.7062185,651.6789115
375.532805,334.7616088
710.3119796,722.3742238
805.1814757,155.9317391
281.8042532,720.8352039
747.5188272,526.2756524
566.2843121,665.5584431
745.7158563,898.2227297
312.5130922,718.6132478
364.8650716,298.1815814
741.7701227,564.1852807
600.6824902,570.0934755
678.0949448,541.4939782
784.1035867,636.7472284
713.9007534,573.2660808
559.0292993,750.9075712
485.5784579,643.9343147
775.1344236,687.5373282
715.7694145,201.0073091
559.0271121,420.6421093
702.3783566,412.498252
923.2491975,632.9158819
783.3682296,670.0611924
399.4155284,754.3050361
523.6486726,330.5414488
576.7817451,460.9814203
591.3481129,532.3537978
637.5891997,562.2198174
569.0810718,476.9720871
503.3219602,251.8515657
537.490844,314.5079705
480.4796457,643.0896809
613.9904652,640.3817339
444.8071502,565.6348749
338.4852471,338.6233767
739.0928039,358.7684924
571.2374371,484.0468272
575.9735369,592.9056281
494.200114,982.2480237
645.2126325,583.7892249
487.0497264,505.4884688
892.8635519,543.1699154
480.5201235,684.0284573
686.5086688,567.7646056
829.23026,551.6933721
497.4842105,653.2213997
854.0202588,319.8877808
525.7688595,558.3962435
607.7760561,491.71349
449.8982924,616.5733001
811.0382209,284.8495521
507.4838353,342.6560772
681.8396226,437.9137151
734.8996193,531.8718394
519.435219,607.0765244
926.7170622,863.9815176
725.2755005,634.9830773
731.261559,316.0107395
496.0079386,661.8669183
771.8058943,560.3544984
647.23931,743.7041878
717.9817477,604.6651029
228.6308377,409.2026864
828.8349046,393.7183193
341.6126007,502.0952454
764.5306277,302.2267137
542.8829482,768.6058712
572.8644747,312.3123197
599.252958,579.0761372
651.130454,887.9535921
494.923112,454.2345465
545.7942353,757.7416978
697.0803611,228.5825065
76.34872077,558.1667037
782.7613319,578.3200307
614.319546,836.6475397
523.3337635,352.7941268
642.9787572,949.8453657
520.2338396,569.6339571
499.7227898,669.2622117
465.3694489,238.6592745
668.5728145,565.6602191
784.9406776,305.578212
441.1397578,533.8574652
769.1289052,634.3990525
686.7692879,412.8217514
477.5572729,596.8674148
529.8161173,442.0133177
696.7599691,193.5689952
455.9850361,575.1119895
989.4058067,924.3920847
386.3233952,327.0656529
772.4037586,292.3424825
637.5443625,466.3630275
930.5892706,855.4059308
157.1089398,696.4609438
544.8191123,344.3478311
587.619,288.7953759
698.8411913,545.433889
482.9602081,742.9102634
353.5844481,501.2982496
188.7370538,729.9409722
405.3042275,287.2222991
875.309076,350.6855407
705.9440152,209.2685689
765.3826843,123.6377917
690.33998,524.797162
595.386622,576.436722
718.1135628,199.7505442
531.4646073,318.8070048
812.4421961,503.5859378
545.0359728,541.7952674
627.7288205,576.396188
518.4255356,770.6759082
734.9205773,433.8904587
227.9638375,809.4365429
736.2468626,504.1174981
903.2836996,730.4375771
209.250815,671.2929474
329.201175,329.1189748
729.3097101,735.1188853
498.4284883,250.480992
567.9899384,511.3700239
666.119517,565.1308526
675.5688711,538.7317071
823.025843,315.9121624
470.5926158,394.1835417
482.8875817,609.5249698
571.4776524,396.6209761
443.1537466,456.4922938
751.8456246,366.6891617
713.3118325,606.302094
576.4580124,527.4314373
650.3328072,353.6206665
457.7218971,325.7846721
560.0196726,752.7829193
204.0722306,517.7451127
896.7956831,609.2940719
710.6001032,531.6117528
602.5795847,560.099092
833.9270055,236.4124546
690.992344,193.3581972
212.7808645,396.7085631
486.2219834,404.3042076
644.3894287,957.3923485
442.3217341,735.3499503
483.768596,741.6374938
536.9862345,480.3905503
594.2949642,498.6177153
536.8349595,472.2769891
466.0113414,378.4681722
799.4281871,741.5269445
577.8319663,507.4081327
459.462773,404.3516576
696.9828818,433.7556934
475.6851512,379.1861475
526.5810675,359.357678
814.7824044,610.8785777
496.0112643,594.5598984
223.3480926,560.031187
720.7809044,530.0166121
662.5562703,589.5636573
425.1087579,649.0585515
501.9371154,189.2731994
438.6452634,235.8126341
506.0205965,452.3269383
496.1064216,656.1807624
504.5515902,208.8917693
300.3066772,570.8435437
495.2484027,706.272339
863.1806953,363.78078
560.1790072,174.0903096
643.3485255,532.0096343
735.3279621,904.7291571
191.3212526,551.9660577
292.0367827,665.7627431
468.1780284,696.6188595
516.5884388,453.2815573
407.1288903,910.7760035
912.5158936,548.1681414
924.1931757,492.9658671
474.2980892,866.9233295
575.3206336,766.6171531
731.0979998,446.0711117
603.0113132,572.898161
523.5593877,386.1230091
456.7468041,411.5986674
270.8661033,567.7179705
646.2827181,370.3189243
509.294611,194.5218382
476.0602077,497.4788753
400.4110401,448.2573184
625.0082375,551.2226755
946.7786463,590.4936633
534.0296907,698.0191651
855.2630118,482.9472467
454.9175871,698.2478901
743.4452933,441.353302
741.1947743,677.2923021
519.5066619,899.6740163
411.4923305,614.0629462
395.3659936,315.058189
813.8852708,327.5411133
363.1479401,609.7118653
681.8196383,623.0078527
709.7288862,407.4600978
871.5803975,434.7152015
631.7136088,301.3007402
622.5743999,568.7107416
404.0744927,917.3111809
401.614364,881.453788
392.6301603,377.6056742
589.1316601,352.4362988
534.0913362,315.9690981
512.5014372,728.6866937
571.1114795,194.7225653
547.8676675,475.3223926
385.470949,560.1190665
879.4003919,606.0465831
352.7035237,279.8795328
814.6226353,786.694322
710.3725765,149.7925836
864.690584,258.813082
818.4361045,585.6648237
487.2832903,582.5795756
667.3346905,531.5166858
745.3972321,629.3420939
476.2560652,239.1207359
938.809639,869.8908198
634.0106577,297.0118811
480.8475864,292.4107845
496.5542393,274.8843782
720.0322295,380.7920276
432.6317452,525.2200744
460.3932236,613.8085427
738.5975124,889.2704895
642.5317334,554.6031746
556.6335576,444.7106924
681.351357,393.9478382
440.3385156,250.2935324
805.2196914,628.3674587
565.6072149,491.9554616
666.0059783,362.4005743
646.5990953,909.8363446
973.4924652,565.6309468
603.4713552,187.5911194
523.1290075,919.9588909
791.888736,659.2433406
667.4795238,572.5563586
692.3051917,486.6475052
649.0566473,518.9501862
629.6300496,600.5854539
629.877276,588.2296897
487.4380108,348.974272
626.2857157,567.2453726
669.7240655,560.7980956
566.0406811,507.878098
349.796536,661.8300406
402.9006209,856.4971328
456.2649503,639.5633637
542.9793639,566.4390373
618.2189145,560.7069776
720.5537072,610.0776956
565.7385356,505.2487955
472.6113685,524.5103104
558.1241811,259.6716311
381.2040744,667.4163866
513.8011468,350.781924
705.7352144,336.560966
545.2162653,555.7277232
557.6131598,563.7297113
331.3252869,549.5979491
720.4478387,171.9454936
472.149379,677.9429782
616.0345652,263.9992482
646.6789873,912.6520829
539.7613621,301.876491
696.8502128,432.4139114
916.5412046,419.2403411
523.6314897,552.9645746
608.6901927,650.8291378
460.659775,533.4627178
616.4032849,591.4534013
680.1307754,538.6315003
496.0958452,502.3310951
461.2988362,758.9315397
894.105496,628.2431403
172.7930318,684.7669503
593.2302717,813.1491078
467.9796841,374.6051298
560.7179974,364.9907218
206.3745827,676.9557649
489.3756431,202.2115677
438.8298554,482.5120279
578.5160594,604.2563774
544.5421643,513.6481636
861.8603873,258.5077184
484.126979,686.7611218
237.8269283,724.7779982
554.7353545,323.3645169
435.5563502,457.8736069
801.7378048,470.5639861
495.5836555,428.2105709
667.809863,512.38348
536.0560685,387.8605831
519.0399985,464.4177895
640.5315118,538.9207129
432.3509172,485.834254
225.1057768,670.0624252
679.3262825,369.5222837
691.6945039,489.8991937
284.5842795,641.4864334
542.1459732,603.2854195
613.1582131,699.414895
817.0026024,645.2636648
304.9434251,717.7756762
402.7457206,317.5787182
620.6524674,559.9693412
833.0615262,309.0957538
794.7363552,550.1710882
651.8430404,360.7821369
688.1314819,395.1719878
718.9940378,469.6223632
972.2028526,914.3248652
784.1231814,450.6541143
605.0728058,367.5495912
766.845983,311.3501163
262.3003851,414.3346122
542.885405,746.0884891
476.3726899,457.7963832
629.2379151,647.9671405
578.304607,728.6777511
655.6774975,129.8394406
457.9662172,296.1446611
815.2341021,572.6680362
620.1048633,565.1099379
601.8133075,588.2698267
791.1146838,289.151616
854.6132844,361.6060231
499.6703275,534.4611511
768.8004536,572.5996089
720.6316368,133.4573773
415.8922187,591.0576509
315.0581614,496.4185544
530.296563,461.6528859
521.4063631,632.0678843
796.5994586,269.3652477
468.9827311,753.4887344
735.0851851,513.2911296
792.3052291,532.0148996
833.8050478,406.5198747
811.2992294,539.0635014
740.6560388,422.6312662
756.8224491,299.1751882
601.079823,299.9150394
477.6028741,727.7395965
776.0501482,449.4211057
369.01655,780.1357645
863.2557786,719.1550253
796.5903203,544.5849512
626.422819,526.4856147
655.7202225,408.7681989
778.817336,656.3188916
776.8835988,632.0375673
712.9455397,543.1818667
674.5861229,555.865727
798.5945717,537.1932932
188.1114902,519.3246875
867.3848609,501.8876859
504.3056372,445.9800145
816.030101,446.6182797
706.12651,262.4986521
883.686397,438.8837955
561.1880465,208.7523237
469.5734796,540.6680026
644.9158501,864.8569071
747.707464,556.019464
307.8570042,405.5905373
482.8196742,493.5062029
523.2438644,371.2581863
454.2079968,222.2734005
467.2033848,510.2852363
373.9831577,592.9106008
591.604822,542.1496689
302.3511367,319.3194055
530.4767806,312.3980472
737.3904884,322.6921111
810.1885762,615.9197614
625.6600323,520.5897054
613.5561901,597.2566881
784.8932637,287.0126293
810.5159192,510.6506697
659.7320509,627.9083582
654.0168882,533.6576783
568.282691,354.6425636
525.821247,545.9160772
482.9997421,434.0757662
959.9137142,570.7471186
218.8047343,413.5123139
694.0863656,537.8199206
479.277775,422.714173
739.7658863,329.1946314
444.1891519,599.2489581
406.1782458,980.6727112
501.8216143,614.6371509
763.0149565,375.2498303
632.1500711,910.179714
621.3505076,603.7333
658.7067426,857.2128097
615.5907174,526.7826625
887.8092173,842.0616159
663.9867463,571.8696405
721.2455903,532.1787909
350.8317016,550.4223785
811.8220405,595.6885213
807.2142053,287.4922894
521.2935285,186.4528853
227.4982527,716.3551453
396.1471766,436.6126135
409.2211383,602.2661132
565.4380979,511.8375656
774.9278699,403.220987
474.5730298,740.7705245
697.4274637,542.5067238
499.7004087,325.5984243
619.2683417,631.6298866
975.034053,585.4729346
568.9264861,407.3715079
816.2769228,572.684605
806.05476,345.4056238
819.8427462,640.5564065
503.582819,607.700143
616.3459089,542.2711248
562.342009,317.2420975
355.2094933,394.3619334
658.325529,584.7666599
724.4390537,457.4485216
751.293017,261.7511747
607.5864904,282.1058557
841.778774,614.8042808
573.7536685,804.2223581
604.2312356,568.8311529
706.4241912,328.2623271
761.192331,311.3796184
596.6152033,266.0758249
806.3654145,315.4759406
454.563144,617.2730141
871.9097779,845.668855
602.3677128,370.0169873
396.0157061,696.7930933
396.111957,909.8049411
418.7231944,395.6894657
570.0810927,901.7757074
345.4016813,856.4514589
491.0570606,426.8521575
641.1541242,604.9598524
576.4820864,396.2084898
600.3044226,278.772723
663.7597889,13.15136019
421.2476052,393.2769786
611.9433242,706.7137216
588.7970664,735.1669829
457.1741582,915.8052987
930.0394344,494.3613254
266.3751475,713.170359
687.2311875,405.031209
625.1730251,536.278686
728.1813646,541.4353082
323.165081,331.8340257
597.2716121,795.2119703
888.4569074,537.8165149
726.7518474,392.597657
686.1134183,744.1621391
522.4515508,580.3419073
231.2369982,516.9289572
420.7154762,439.0153014
664.6342117,524.8696428
465.6218735,423.9730063
463.1185554,546.5551155
656.4244047,492.9447852
437.2240904,547.6433298
493.6714305,500.5767851
484.2691158,364.4340261
542.6315722,569.8267656
416.9025613,580.3040059
826.1785589,842.3782413
725.2630066,206.3286375
491.3890626,712.8606077
409.2309656,498.3630193
623.9232911,544.6647448
765.6725007,295.7467796
437.0275437,559.2068412
570.0765685,483.6942226
592.6057268,500.2025972
506.5255955,342.7497861
525.2954847,548.1047495
749.551437,350.4498581
553.9431757,713.8543608
757.8235636,366.1446471
392.650519,866.6571836
455.5191516,624.802258
681.3673714,548.4798149
509.8538551,412.0802497
672.6611493,532.1568315
857.9036279,410.9700133
543.2777792,689.8672637
958.5914288,874.9027731
555.3848872,736.0384026
488.2893784,500.9627362
827.8158733,559.3984168
461.4496917,530.2285801
370.7543998,781.8430842
387.3354156,338.3407875
581.2966101,461.2702987
478.1298498,625.2264867
627.3132112,446.0325416
684.8716391,381.1860856
672.0300579,429.6739551
555.9508876,584.3546959
670.5378464,856.9474788
554.6974084,421.5330647
605.398471,144.0409255
442.6597734,506.8996183
611.7505377,681.6160538
515.3014328,566.0427855
427.0670186,582.2820472
794.5995516,410.9176116
605.0433687,342.1919622
757.1356054,371.6745589
543.9717746,458.0394831
615.8250753,368.0591712
490.4620726,374.5376427
517.4357615,678.9408892
472.208388,491.5554907
575.9017944,650.6469853
901.478976,727.7197473
580.223828,476.6348187
613.3115105,599.8580974
592.2705189,498.7259246
486.6483488,443.4427075
953.4741903,589.9373855
521.9391663,395.2932139
667.5344281,551.6000811
376.503299,779.7624332
691.8750512,245.1027905
725.9750837,445.4959041
793.1178117,469.2785131
774.9730217,440.0080099
240.3189508,380.8870529
484.2950773,524.244875
633.1426616,427.3467566
527.8212438,466.5852545
706.2091285,150.9569768
526.6733336,548.7210135
586.0001868,608.0958516
538.0477211,369.4533967
844.1833094,614.8528589
369.6536637,537.4717037
505.7784486,961.5616111
421.966903,447.5836172
508.6836686,431.3356009
581.9779917,652.6612357
549.2501304,463.7510251
765.5562356,860.8423843
635.3196853,564.3636933
522.6191098,347.6512527
972.0176464,586.9682863
633.4351296,518.7858978
539.819607,393.5665255
388.601164,365.7541203
334.5497752,575.0295423
389.6901552,362.562418
574.4433794,519.7605122
869.439732,529.1292922
347.1933417,574.1026495
696.5719016,520.8703516
722.8265474,211.7047078
786.5211403,324.3109873
632.8810988,521.3694011
620.3904552,729.3014324
607.8720823,559.992805
926.3879365,495.8633004
967.7649284,587.2236509
617.9982938,250.3140293
519.5032464,597.1143801
501.1953166,672.1103356
418.981806,788.528175
713.5228056,312.5365316
409.7384814,435.9391422
202.6001981,736.7353795
516.2904729,537.8252903
401.0121553,354.5294235
413.3424156,857.5059922
511.05252,568.2816656
470.0974891,378.1624326
800.346773,442.8087464
579.8244877,590.241788
553.9983496,469.6029946
460.2621576,645.2816335
708.7618528,503.2290291
536.7723102,540.2802337
219.4999281,699.2853113
779.6463374,310.8146488
665.4452961,501.3113501
273.3525081,711.2882413
554.2135172,761.3016123
747.6188532,551.2980187
705.9791749,405.6676983
747.6870154,261.7712955
473.7755478,657.391707
413.321922,390.4252401
592.5749864,568.1268422
491.0563865,787.5374096
489.7961061,336.0646954
672.3819393,17.41199162
841.7193606,723.9127213
801.8822187,548.6889414
635.6732146,551.6566825
293.6454989,569.433021
628.721396,733.6101824
755.9029644,551.0374307
897.8264294,917.6071631
852.22737,620.604726
682.0756134,433.7525384
646.2978786,523.6887434
971.9375146,577.5296165
573.0190305,593.3457361
638.2763639,469.6173068
707.2162652,153.3098329
443.5483529,354.4792782
861.3825783,413.3232246
496.3984851,437.9765012
540.8138454,440.3740283
480.9068949,433.3040311
424.4235412,362.5773571
422.9864887,549.7114236
486.9136718,507.4531172
982.3905,607.2836451
597.4309317,177.9300763
685.8901312,570.0877924
659.7669409,506.4083831
477.0142678,201.1487186
442.5904727,518.0897985
769.3040444,945.7196876
704.1101692,536.1456548
504.8063368,416.1370825
274.5114891,708.7940801
945.3456386,522.3873702
634.9352658,563.9348053
580.6539385,462.1059063
633.5933407,440.4072286
730.3682755,80.24386295
754.9062243,627.4213853
456.9859858,344.3753483
780.4587252,601.7636997
608.1313231,687.7008225
527.5264538,351.4071515
425.9168163,566.1577852
770.9811475,296.5194967
975.3725716,906.0481648
489.980039,797.550911
456.9094944,788.4429908
822.807859,401.718615
624.997751,914.8016628
561.1941137,196.1555071
212.2929884,696.8237655
637.8344486,484.7828547
686.1868836,147.6609098
203.8591003,368.96049
959.268451,906.5250877
741.523945,310.7030756
713.6006153,186.1240579
257.9062046,661.6733577
781.1531999,146.6258705
400.9944481,741.0202478
441.9224239,255.2110873
713.3186188,209.1611954
399.4562459,424.4736856
596.2912309,539.6009956
781.2992167,503.4615985
658.5258957,425.9839764
589.7583473,548.0076975
627.505803,558.1920479
834.2655092,534.6573444
564.6413949,510.0717012
545.8206313,799.4955431
682.8953866,550.7553846
658.8210303,582.0805679
708.625184,292.0691074
593.3245901,265.9163004
791.8092185,348.2900612
311.984154,722.0327139
510.9310865,537.1170516
649.108091,661.1771706
458.4883391,691.1336815
544.7367934,619.2198401
492.397278,581.0755321
561.8781769,478.3145586
612.0543011,597.8147627
448.3376641,538.2596943
502.9534353,620.5991265
412.7032795,717.937896
649.4690207,584.8863817
504.2554968,748.703751
509.0855256,507.0568863
520.4417565,470.2222882
503.4507642,278.6605231
566.6331673,536.9747018
381.8895757,431.1989343
547.992127,383.1360247
405.3917147,469.1541529
642.0110796,737.4319177
205.7603894,528.0856237
664.370222,501.6010223
614.0587622,521.0150415
433.645039,728.1642848
490.5063705,762.4577106
711.1388537,506.2673287
503.3379446,219.5530217
558.4187613,370.8208363
805.6231813,684.6541863
599.7645785,551.731963
663.1157091,398.7402807
647.6736151,931.0835062
747.3137415,496.134607
644.6848928,624.3353641
933.4838693,547.1499633
711.4594704,480.6099775
149.7793682,439.3104688
565.8645981,428.0350208
747.4086142,15.37586536
716.4073073,483.8608511
530.2368499,488.8841079
337.605656,574.1725394
764.8257472,355.546912
515.9343669,397.1507187
591.1076429,514.0264258
477.8254272,202.8880478
700.9506371,516.0944152
456.7732151,773.4530765
431.5945572,574.8620155
831.0840753,454.5432531
770.3550146,638.8157819
435.6234187,368.0341613
669.5425444,386.1328709
497.4005134,679.7989159
742.1866607,282.9757919
482.9280296,610.5303817
580.2841702,314.4083068
541.503017,786.1986991
467.8684525,621.3774222
486.7664715,398.7156051
546.2083165,477.5537718
267.8568574,824.9373117
478.5180593,370.3139516
750.985763,472.2916774
685.6898993,615.8359353
785.0743503,848.0507744
721.1191533,413.7191003
628.5707951,445.1366135
852.6109655,473.1418898
878.5071234,356.7205194
513.931344,426.2006665
649.89236,886.0003099
757.7964935,321.3307726
874.9191436,454.5517778
596.5426518,538.6849467
560.7182072,746.678594
504.003267,808.2431908
724.3417092,457.9610894
779.5976951,683.9229852
442.6409726,263.9994989
280.222622,627.5014505
809.5578442,468.4366582
743.5698876,515.1260063
574.2719404,731.2751696
464.5936889,257.05522
783.2128349,524.976473
850.8453266,453.7068724
485.3647584,252.2208435
261.0636094,344.0880579
570.427611,340.4929372
634.0103431,568.9479704
458.8334043,553.3313243
370.03666,337.7771968
521.1532943,774.2458309
740.6678736,356.3675387
407.6545627,423.5161415
494.3503104,517.5662613
870.355127,183.6020035
741.0131035,449.737731
517.325189,636.4513924
672.1252751,934.8744022
706.5289212,527.2368111
417.0910184,890.1508726
657.3182425,413.9599855
678.3184417,523.0712676
544.5266593,449.8222049
641.7466105,530.5008061
545.5481775,692.3853274
537.6540736,389.0052943
707.5504544,292.6343904
631.9689846,546.0190839
584.7221843,657.9439523
432.5133379,583.8250996
564.3635481,444.5305875
765.4486743,443.5054727
956.1386705,907.219056
722.6233193,387.8423637
531.433013,466.970349
229.2330914,673.3887047
484.7104619,255.3842764
603.0950552,288.6381288
529.0038793,337.1934854
360.0144893,843.7367174
707.7875687,232.8036486
530.2214947,454.517491
490.7730118,966.7722649
756.3159221,371.3964827
569.6451547,461.9418896
649.0263264,538.7559231
197.667357,542.0245356
787.1812493,572.9288959
739.6355992,528.4713659
693.0056138,510.7242996
400.2033329,663.3965359
316.1216854,697.272231
429.7230797,877.5056032
793.1687909,363.8124133
680.9299652,383.4572258
489.0371394,374.8652164
932.0755947,492.7524992
329.2257433,574.8183682
464.7103885,603.6893184
267.6515471,629.9659006
769.0633946,299.6340171
791.0705208,611.8270121
630.5476318,480.7618339
527.8752193,463.8576464
633.2618929,626.7645663
403.311706,360.5890151
732.0505469,307.0992214
678.7731205,435.3983049
566.8528891,483.5671254
656.2750323,507.3712342
359.7667687,713.2859228
602.3400585,621.8059759
773.2104687,471.9844125
740.9066058,489.8124424
620.0144698,824.0320231
580.4921171,458.3100167
502.1609119,251.495451
711.9395865,431.0073795
388.5406719,482.0771434
560.8511009,482.2723755
486.9597374,508.3161166
526.7702436,549.6066827
646.9518306,313.2624256
748.8499063,423.6919214
442.6440286,574.5498614
778.4551779,649.9625446
555.8809727,374.105934
716.5968729,534.6037725
395.0399239,445.9817487
403.7820397,842.3044651
583.6538065,989.7120161
652.0032889,802.688102
637.9897833,864.111749
651.1697184,213.9973688
634.3187655,595.2898249
484.4734224,397.4448204
741.5502811,898.7233463
320.4686169,668.5649005
480.5621893,473.1196379
421.1607023,260.3442876
744.5981022,447.0223876
786.8066572,865.5296263
517.3651875,537.9680162
640.900681,400.2405216
927.3405435,657.6362904
480.7568633,905.6207812
591.0655472,729.8992472
647.3198462,467.7788364
694.2670177,957.3321742
449.5795632,841.387079
444.4959714,791.0578348
574.48949,235.0721144
556.4853686,303.306048
705.2113996,570.5949487
655.627522,541.3463004
469.4314776,402.436444
545.8509821,517.9739421
537.0140836,542.9221353
382.1334014,310.8113267
881.6013248,877.5286073
642.9170667,564.7737977
598.3845424,534.1654196
460.6955339,643.4001426
553.6374498,198.9635983
751.609514,475.8989374
549.2346853,534.7002812
509.1464371,638.8885343
406.7729791,455.5232372
731.1059096,443.2385747
648.7628011,580.032365
661.4297375,795.1868559
168.5618411,706.2559792
727.0776324,339.6606518
531.5841082,400.7214562
811.7205014,642.6034811
447.0917202,311.0746309
502.2294036,556.3568369
274.7526782,354.2381632
868.3752342,712.5689923
791.8989529,658.8664574
586.7256416,804.8385594
699.8398639,390.770302
455.6708161,318.88216
673.6788325,873.6940432
676.0348753,394.0550654
909.3271791,897.1854756
870.2546515,437.6479872
469.1248978,488.5496392
365.1086126,527.9524881
549.5518115,455.8705347
645.7904527,542.2458641
501.6541302,699.259006
579.4113953,471.4938041
786.5696927,306.2453943
569.2922696,383.3218337
650.7191742,347.1285304
696.8352022,564.888087
380.4644178,737.4845493
512.0055015,729.3886851
564.6120028,478.503042
764.4630798,376.1365861
253.2169194,786.6486899
477.1905007,414.5199197
373.1647177,441.7383965
743.2433985,67.82092494
596.3562171,395.2994821
730.3349585,515.693525
571.5534997,350.1781545
650.3821836,540.3677789
567.4661236,434.3179886
422.3476971,441.1386804
551.2931817,462.1297044
279.6630783,676.3100405
230.9512265,536.037571
475.1417117,412.9931854
490.6772852,339.2934842
779.5375177,481.1101135
422.7781672,362.0321113
582.7110867,590.3335747
430.1484863,670.8484099
614.0921841,246.4538284
699.6654887,624.6228217
457.8932463,401.4799655
587.1371761,358.0647877
580.7211719,481.1997899
693.6944259,678.5588453
757.9697452,306.7114525
581.3533569,727.7766413
656.4615418,669.590663
698.1871194,200.3120872
278.4814465,518.5292378
715.5227126,211.7848358
519.559409,751.0341671
684.4222334,429.6888733
588.5798464,455.3923581
951.9575903,901.2338673
500.1452303,378.5846972
528.2827539,549.2916453
422.5695012,955.6147418
805.1655362,417.7185587
766.1138019,124.8878497
491.3380684,706.9746648
881.803654,556.8596891
408.1790666,918.0877634
728.1252619,63.26447843
492.8049774,786.6834363
780.1091059,290.9137821
433.1833192,486.528661
584.4720966,566.3094536
963.1065035,585.9501919
440.5352271,502.7193655
690.789131,531.3128454
491.7821709,258.3984645
726.9819507,793.6547728
697.5540056,552.8172939
697.0247978,742.3556571
545.1618105,709.5150223
684.1717563,391.6683404
731.7145301,313.3050491
229.5797745,655.8248148
372.6046646,339.1952831
526.2880902,447.3875703
215.3259637,649.1278982
532.0879837,555.95883
234.080228,783.2788467
671.8255415,397.9014973
267.3790484,587.6227443
246.2818642,739.9502321
503.4557378,213.3173158
729.2130397,457.2327717
855.1556602,266.3863701
661.9869442,513.8162128
531.5450236,370.4677303
859.4510132,292.8618617
518.5792674,563.4897245
521.3910528,321.371432
631.1757421,649.4275995
977.9797358,514.3888087
633.1543316,587.1265363
54.56482185,624.2084758
736.5954033,784.1294352
641.5940172,787.7720058
589.8298501,482.2962572
732.1540186,465.2681482
571.2066967,540.1466802
658.7722232,296.6454449
712.8631459,488.0663228
593.7113016,267.3725388
775.6986413,478.4205948
698.1241256,558.1055892
653.7355359,413.2695901
514.0449126,533.4113398
885.646695,440.0961819
307.6621055,372.563592
784.2262186,478.6693988
895.0211007,973.7005809
785.3480924,328.2645209
789.2877739,403.0397956
565.9270975,331.6486973
608.8521339,544.7567613
421.5174224,336.7505777
482.2635311,423.6694605
693.5960027,475.7086362
581.7087138,401.0380397
512.6868083,560.6764726
418.7575301,429.4301866
698.3208371,240.1080329
695.5841199,498.7586861
382.5597518,303.7393446
261.3177418,638.5774667
560.7304464,349.5257442
707.3810528,814.6702634
599.8876898,535.2422049
770.7008138,304.5142765
737.6432575,489.4674641
583.826354,403.8092951
458.2493223,392.2014469
480.9139958,820.6193893
906.2213677,461.3309117
534.8376741,469.799334
478.3562529,740.1576035
587.2706241,743.1912856
431.3486343,687.8801335
577.830588,382.3725845
196.4911182,726.3144899
470.0910024,935.0921578
791.7322328,505.7637661
524.7043917,813.1581549
641.096943,633.643343
640.4450583,561.293447
482.0244393,386.5898612
585.4139925,483.8106641
544.0287461,315.1627419
275.5542799,367.6469356
176.1664732,539.7680211
544.0630519,415.5312654
483.1129212,742.1848708
645.3396538,499.5124943
578.1288086,447.6831973
794.6718184,556.0274663
504.3005887,585.456909
483.2711472,614.183838
775.1041776,591.4086466
739.5692048,258.8744681
225.7405984,500.1560457
736.9428055,369.0551809
705.4599143,201.0999315
707.3046063,582.0063112
642.6938844,541.3483689
826.9927593,391.115155
726.7812694,549.8647426
860.4149606,600.0918786
431.7764677,228.1629998
669.5924301,438.3900948
452.8357208,583.0187225
518.4118283,421.8544747
753.1093056,141.1697976
481.2046811,972.9559659
823.7248569,189.0250014
409.831107,251.4562332
660.6997135,355.4919821
723.7517547,521.9172795
873.9942059,497.5457147
732.7879264,569.1756715
645.1978016,248.0089783
663.3395805,14.45390348
862.0891275,716.1648442
546.8685304,557.1599337
501.9252657,447.2274398
614.1414706,395.5072923
685.4746568,444.0342123
711.745257,532.1954851
185.5230669,730.0192196
453.5840062,230.6483438
577.0387687,601.7928467
782.3359253,313.5273805
349.1717664,466.5885975
334.0917707,292.7862051
499.9874387,245.6442128
494.600383,570.5319538
644.5533474,484.6194649
759.2358381,138.5782502
418.5287151,241.3103066
590.8977485,473.5286976
545.6933254,215.929569
360.9012263,670.7045767
800.4838762,652.8720337
699.6031541,325.3843251
528.7989735,464.2740816
555.0775135,715.9907775
555.5323721,263.5877856
312.6897894,454.1961645
596.2606553,838.3970232
819.0048613,360.1703233
544.1606361,695.5296633
551.2285401,464.5610795
838.5839774,469.7277726
870.5160196,430.9212968
606.7895478,501.5931036
280.6929108,663.0260462
481.5387804,867.1064431
174.7567604,416.5966845
546.0792579,211.499781
651.6964544,257.3750212
628.7875956,431.4733749
441.192325,885.3817476
620.7167496,462.7925408
785.4607172,684.171413
527.8294682,547.0074046
450.4468852,438.5045513
299.0821107,665.5915807
636.2622702,573.1085621
556.1700551,579.723742
282.964942,611.982316
455.7240275,353.5432966
925.8859486,868.2578821
468.9452045,283.3390105
532.9149926,464.1849694
640.5832252,399.2517203
339.3989193,316.5201106
750.72432,256.1759651
600.7384581,496.1132117
620.5916159,567.2907958
446.898769,440.2772271
731.1918988,343.9727865
284.1336005,669.0292453
803.4671006,687.5724507
445.5874793,533.628009
165.2780442,551.5430827
698.6421429,240.3759338
523.8698475,495.0070497
662.2000595,566.4796549
730.3449056,458.2316647
633.393678,631.0113451
794.6103826,594.9349847
558.8428946,408.0564291
47.69271551,623.9603405
184.1795537,379.8000505
695.2513239,569.0568273
535.8212912,474.4147012
532.5720397,507.1760021
563.0350756,646.0327046
450.976827,935.1472967
702.2530881,148.0220391
945.1523877,594.0010298
569.6660378,456.8028808
431.6070511,502.8965244
816.6009102,531.4352834
468.0200421,741.9436513
505.2209423,544.0040604
657.9424878,417.3945787
892.0488122,601.6415961
499.2965143,427.9738854
704.7601213,31.79416653
631.8030285,552.0270886
669.7913737,560.7061209
454.7619078,545.1478523
585.0352357,544.9619806
745.5496606,620.6144416
675.5590587,391.4946917
226.8100249,544.273215
328.018135,423.5373069
462.4345222,543.7269662
187.8438752,766.2534121
498.5341022,589.1405151
528.1910721,571.5933403
833.1140485,245.4025963
654.2207903,569.9180926
705.0665663,318.2270961
577.27049,457.0238333
611.2817919,392.6191567
839.6925783,113.4827136
671.6741317,556.8961489
499.9535973,908.7073456
593.9813435,558.4689541
177.6356294,479.5071585
536.0744498,478.142059
482.3034547,928.4657579
700.2575705,491.838268
768.7701027,458.3490673
723.1047537,271.815866
976.0302688,600.7922612
821.4711321,661.4040987
788.9869467,289.4748438
753.4129043,150.1671894
792.1195285,371.13719
720.9116708,489.9176847
511.0551416,785.1198871
878.8563832,524.9418937
723.4385684,509.0222242
738.3518741,320.7704414
448.5807108,635.5990488
493.0548853,390.0111241
928.1905777,890.9268074
646.5600406,624.7173663
623.3750578,480.314831
525.2427227,483.5190069
393.2240098,345.1733678
713.3104094,184.4101775
786.9749802,472.2350342
809.3065132,568.1524372
693.3372263,540.6929499
936.3945871,870.9387089
491.9911515,338.4352694
783.0727505,684.2062849
554.5773083,555.6319458
826.3280212,815.111437
902.1351302,479.274401
628.6440057,429.1179071
785.8213923,603.2988751
629.5047961,435.7691289
618.1614635,635.827147
766.9841649,293.1168084
530.6988094,743.2548447
710.453637,401.6759916
420.1923955,693.2353518
593.0212312,459.6794412
599.0152894,573.6270847
672.1719999,562.5568561
444.334884,505.7177787
550.796527,467.8257848
458.0021259,326.9375318
555.6500005,394.9210736
790.2773382,615.6660266
392.947676,843.9429606
575.2765454,548.35067
580.7105955,781.9051808
492.2255394,708.206963
796.9074465,274.8765639
869.5130924,802.4710567
480.5798066,718.7443358
784.874418,312.4722203
417.3670076,581.6198168
645.6524955,601.5077501
325.5028924,533.9875503
401.0717484,448.6689481
328.9477017,511.1293059
545.9735841,365.9430842
721.5421481,523.9871285
966.5745479,659.6850783
186.4827448,486.6985698
305.3969954,523.865777
348.6522661,655.0106443
722.2888455,163.3097324
805.6489631,632.1406575
680.020952,471.8269774
497.6178832,586.2308171
720.143476,607.9192359
755.6529217,631.9607615
635.4391862,541.4111549
908.2374987,851.0260791
455.3721462,247.0962724
634.0806325,583.4148489
796.2551274,623.6502549
635.8685627,302.1111289
703.5109416,574.3967095
525.267336,447.5828024
695.2765214,505.2415662
790.7412752,438.8347368
629.476977,689.6996115
478.9352416,430.1154212
737.587784,576.4478166
763.6703616,371.1571019
475.6035214,678.1670229
457.5059805,398.3414381
487.8072099,244.0636977
502.2271415,323.4812508
403.3345965,490.7778217
503.5337722,680.2638667
702.8305187,568.464633
581.7058375,371.6624822
749.096848,493.6310645
742.0905297,909.8118988
372.5448318,339.6087097
520.9111315,742.7163685
705.7072454,425.8850231
819.2152351,658.3009655
286.9303752,384.336418
707.0360026,416.560371
489.3949682,604.463143
391.9766127,842.8026371
502.2899706,439.4859771
555.3013998,737.6427366
554.3846416,440.8613355
811.0500706,544.6372276
539.8582872,456.7297942
794.433236,341.9701949
816.9333017,588.7607486
708.0124439,629.8660489
314.856012,720.9887946
750.1507394,526.9704146
592.5414297,544.8453303
470.3692837,668.4667621
465.6740213,712.6750703
769.0918729,354.4195218
660.7463334,477.5881004
524.5227508,544.7730585
573.000769,377.170539
226.0857535,522.8550372
440.6512525,577.2990946
573.6391112,765.9500753
404.4347633,591.6907345
690.4196922,552.3502746
941.2736327,870.8849282
957.7521057,904.1657755
686.9138965,435.959639
582.2040503,595.2333697
437.5431491,754.8844433
777.630446,418.9276229
773.5103222,565.6727763
552.1900456,280.0531397
681.9376263,620.5248906
821.2022587,371.8186219
813.3580255,450.7640577
481.761693,491.8376412
562.2615327,485.312472
779.8259858,286.9588904
453.5877064,769.3478535
724.8885044,494.9091202
537.1201468,672.0145164
934.0680562,857.8273813
699.5878738,410.324289
592.3396548,235.5278092
524.3125118,356.6776661
698.5816059,552.4892605
351.7705114,796.8535371
587.9444255,406.9243587
663.7362692,580.7945725
376.8441396,641.0697683
168.1812867,752.5972984
624.6874111,562.7250098
652.9492594,641.2120763
822.1266421,580.8388675
518.7200709,211.4489881
549.9875698,392.9271529
914.2888431,604.2572132
839.6683845,617.8831353
389.731367,564.6906193
488.3608962,419.7782741
646.6305248,562.5962828
524.9728157,564.7754274
875.9418902,437.6321915
254.926995,662.9441005
758.7066303,920.4901588
564.1908207,505.4853974
680.8140297,475.6468949
751.9555978,391.0933209
452.0421038,550.3566256
424.9688233,575.217587
715.6769987,550.0112294
622.5048446,475.5835448
521.5906855,488.4743587
460.8597822,557.8702618
699.1531641,237.3261426
601.1741414,554.7891507
627.3618985,462.8983472
598.7423562,391.9878909
558.6125066,651.1710238
450.5381475,749.1648573
379.247102,601.1407706
520.1829651,466.3941803
678.4690425,616.1493012
918.3062743,868.2667202
840.4184975,366.9247398
963.7645003,934.114096
727.5892828,208.2272196
178.9119091,757.8332964
711.6936036,526.2653517
500.2328973,744.5643456
438.778187,633.8886159
712.3232419,433.4824855
673.955331,875.8822766
712.0093216,198.3048363
510.8802271,503.5481199
585.0534522,476.2486795
689.8988436,547.303157
225.3899604,811.0286331
591.7593628,443.1680997
388.6564277,299.807833
943.4606335,882.854804
789.2166605,651.4306508
577.8099147,503.6727308
909.0764023,593.2728792
471.5537469,887.7417285
484.2283533,388.8561122
597.4866149,415.3503665
572.4819578,524.127368
727.401395,480.5812275
853.9045929,628.4887892
433.2670013,773.2378908
796.1493787,276.9685185
528.1141013,413.2795983
615.7906347,885.9413266
595.9695805,249.5352321
682.9597736,398.8172537
718.8429126,621.5389944
407.388206,290.5113458
367.7270872,601.9514519
653.8628867,562.6311755
533.0715558,701.9292396
453.1987179,503.9306027
765.3656063,370.2527744
425.6343105,898.4389392
727.0192227,406.0882914
920.3944176,729.7486652
614.778824,560.9739591
572.4035189,435.2297125
856.2770996,661.2130244
537.8583353,539.3289369
547.6784015,397.6984509
650.1851126,499.1044793
216.846983,651.8764001
727.2477531,570.2667482
703.324507,424.4484667
203.6691152,509.7719163
872.6632466,787.4530194
939.4509922,867.5524014
568.9642075,731.3184408
603.2346603,274.9663656
762.4849247,463.8522558
766.0828218,370.1975102
575.9811471,676.7766419
643.4224103,562.0173978
640.8247888,401.5839333
484.904267,729.255842
490.9605101,603.9309349
938.9831153,953.9696857
542.4212284,472.1835309
474.3394059,922.4510463
214.2529269,666.8070594
700.9404352,266.6080956
454.9765062,508.4674925
442.301645,501.9634679
822.6655874,501.1516375
408.4840884,843.4111286
214.715995,729.5808667
540.9911418,393.3293386
478.420565,535.1676766
701.6057875,570.0668985
739.4975672,807.2155688
490.2578559,376.6967292
540.1669942,785.5203177
866.5454929,598.5906975
681.5644873,550.5194513
928.350946,946.211487
909.1013152,510.6734858
955.4428925,872.4982047
730.4161987,554.9959162
486.9440077,237.7477386
450.4885015,411.2167697
744.5110045,713.2423592
522.2102269,306.7481839
453.3275368,368.9162368
466.0660359,904.6423432
531.0408785,343.7442287
757.7509971,54.89229316
617.9225365,367.3621734
648.741948,523.2462327
457.1853788,268.7018889
862.0640348,733.3629246
718.9028203,633.7973933
724.6845423,504.615503
969.3747982,962.1127699
715.0629402,463.8352691
603.1679812,713.7432682
620.2675087,732.0922862
349.7436692,368.2096905
451.7196445,517.5616647
762.3232681,638.1500622
679.038084,163.5392095
779.6093651,296.5754296
750.0329762,304.7597583
745.5124485,922.4064379
308.0226307,314.1536944
806.6155171,953.7020773
746.7529395,281.3752606
745.9532703,546.6364762
344.6528416,606.0112516
768.7551969,344.5506476
700.1231338,434.4304811
862.2441027,465.9134546
528.3589307,704.9803054
635.8074715,546.1529717
646.9295693,431.8498612
524.4211818,339.4329506
693.8632732,537.9427764
416.7926181,591.48002
713.7167456,527.7176621
574.8224358,598.586853
648.7939609,538.6355119
802.0070078,506.9165423
871.6019397,715.7232527
638.8646256,529.0171549
666.2742076,638.2172986
395.9126389,811.8837974
140.5396988,668.178824
628.1184532,726.9501225
570.9961731,487.434075
921.1991502,510.0897326
603.3219677,508.9212442
528.5475825,781.0059305
513.1835679,380.115861
333.4415638,267.6537282
546.9972146,744.4008513
836.2692962,493.7056556
384.0935196,784.8605945
569.1505672,754.5667733
688.2657838,635.9375292
322.2798871,838.1009156
206.5982893,359.3826462
772.9897582,286.8041088
332.5869455,360.0952099
913.6068622,641.677821
496.4984513,224.317153
590.7223995,294.2857147
783.7632254,642.8447633
744.2277646,288.6259268
595.3721506,761.8810404
697.8715063,472.6542066
428.9342266,891.2050089
360.3898305,548.9083268
578.090473,342.328002
676.4256166,365.2636999
589.4767103,798.2517742
628.4264562,558.8135563
351.8874057,581.4659545
739.4629019,528.4496154
783.5885506,639.1460718
665.7396367,404.0297879
786.7850251,560.1108343
560.038009,644.1239681
604.0734141,290.8806236
857.7714083,598.9697955
826.3778769,518.5650499
916.9006663,461.6444448
533.91771,373.7728234
469.5556975,655.3097815
767.6652769,289.4201019
623.7862178,269.5789917
777.1035003,567.1758797
673.5673612,535.2831151
569.6172906,700.2794197
737.620412,341.7744613
532.7891398,912.2098855
460.104321,272.078251
665.086239,624.4202349
855.5374131,570.9700142
712.5862579,188.8411773
656.2597969,363.8323042
478.6554322,421.5023507
241.1272339,510.4075907
797.9837791,678.7031799
499.7274189,433.2864385
691.9052672,543.5914487
674.7712542,433.9745355
706.5640509,293.819761
764.0135392,315.3977141
537.2299853,538.2295027
763.3774292,462.3539789
768.5647025,661.8179431
390.8670381,416.3501371
721.8443984,130.2804052
474.4845538,375.6941171
526.3171677,537.5187358
717.1272342,199.3959756
287.1996082,673.3958295
788.4628473,291.3302174
706.0616136,429.2881293
393.8320759,664.3705026
365.9264983,635.9975154
611.8193889,386.1577555
523.0258804,470.0932687
529.4048075,488.156417
494.8194007,788.6090342
859.8696186,672.0514149
867.9951891,370.5168935
854.9265006,453.2611858
727.3455321,503.267223
266.2407257,664.1071774
564.3986029,782.5619788
467.9565389,396.3187048
431.4765693,566.8546368
551.7506321,468.0298551
575.3080648,393.4102395
910.297688,404.7817156
248.2095643,459.355106
331.26081,524.6835413
503.4807555,826.0870374
499.5312767,411.2789289
872.4401242,434.0058345
433.617145,757.3790851
237.0890994,631.7755794
602.5208155,297.8190731
437.4786572,647.8009717
378.8869663,240.5394908
690.4210854,479.7286123
637.5238539,543.2655256
505.3087441,344.0702772
653.4221099,324.4225604
454.4909521,257.1429741
777.8171354,572.9777248
496.362082,430.1202267
763.8675974,435.7183151
401.1680143,394.494672
678.2114646,440.1751815
401.6752005,855.7797008
775.8871583,420.4488621
213.7660096,379.5368716
779.0917972,640.7682701
639.0092641,572.7716488
938.4481849,442.3447568
432.4566509,533.4968583
503.6637896,500.4244689
387.5757508,581.2457333
571.1886899,519.6760384
546.736236,543.6855755
420.1634378,949.0692011
543.5814527,368.2493052
471.1833194,439.5912194
295.3778658,583.2260103
479.527578,610.3813877
787.7721027,317.6921509
401.1020244,444.8698826
755.1481025,18.11450543
668.5148243,162.9504627
710.3241739,413.6886998
275.7011655,289.9645329
424.9423674,900.9755985
486.9969943,410.4766887
493.1172049,697.6916123
596.4587749,778.9486388
837.713869,406.1758366
596.5074172,321.1603832
586.7141215,403.7265346
462.3394398,304.5977056
453.2478246,213.7677245
465.5729615,404.2786545
420.0239826,438.5434557
580.3015328,645.4621772
467.8723175,910.7362007
519.0702895,752.0279411
377.0256906,612.5918522
415.6277197,941.5032885
702.2590804,515.7711038
517.8389368,299.6036166
640.4989738,672.3504894
790.9766068,453.5918936
519.8228444,335.0209433
536.1901607,612.0624857
689.1852086,570.7243025
608.0777372,589.1584211
976.7644723,521.7163643
422.1909093,694.8729488
563.099088,589.3373351
795.0355495,328.7934487
742.0874886,943.251205
212.3194293,801.3925373
561.2711294,407.6018208
788.7187324,420.8099495
379.2280316,617.4616646
720.6363707,285.9376409
464.8344136,666.6468663
569.217426,362.5673281
630.7568371,773.4174107
556.6072515,397.2988142
960.1527161,560.6247185
642.397866,480.0019247
557.3658436,463.3680409
643.7876694,641.990978
371.9912504,592.2933757
345.1756078,358.6389088
621.0566614,550.0865517
540.3716304,478.3053653
547.7697387,544.6014364
493.3393686,411.2397738
867.3532067,853.9679327
506.4466023,690.4323378
629.1320166,479.8954706
700.1212762,940.5278383
754.5655185,627.0591696
521.709737,676.9329697
706.7841322,281.9875756
641.3596293,908.4116349
466.1248201,376.9149446
404.3544817,847.5785108
646.5909608,590.6463764
672.8077953,484.2869602
215.0313235,663.0124652
621.5971646,486.7830018
591.3345404,382.217385
554.3747394,453.14698
749.0861218,541.2174899
365.8633697,312.6166386
451.6367713,321.2208918
778.8735436,332.4173819
611.1467111,592.0624569
538.2765811,401.9159365
340.7959435,392.6626368
561.7521743,735.8906413
347.9904792,797.1176353
397.0227679,436.0862766
812.9109119,351.6328677
568.8850944,355.2657644
501.0141552,619.5301973
463.5528756,441.3557883
796.3926651,333.347764
659.3264488,686.675457
485.1576804,241.6031757
165.6298956,713.4554764
663.756553,553.6345776
670.2968521,173.0823069
730.0938293,361.3583265
386.2899133,358.3703811
895.6332416,547.2915609
608.0472065,274.1175949
423.0818857,579.7169515
503.6763584,492.4868548
432.7244457,568.6037025
975.2841256,517.6447595
627.8605756,714.6282271
578.6865396,595.6285351
782.2985934,866.0033107
396.5360902,654.7980285
451.3499211,855.8506563
672.6229336,370.6726571
799.0297757,596.5520222
469.7832991,388.6449172
302.3145838,671.7052457
738.2188605,422.5441806
587.3103829,565.7642705
804.8897867,161.2137662
327.1841301,598.6517911
543.718526,439.6335503
736.8569961,653.4644996
443.7836096,649.8447242
532.407327,459.2812462
671.5468857,417.7748676
550.3144933,406.2168304
654.7193027,578.7797998
978.5863488,977.4303623
709.2596461,565.2797213
159.485701,527.8927317
549.7549646,549.7928051
178.7928576,476.3534203
686.9700291,428.9622898
555.1938235,306.1882079
185.8847157,739.1340976
861.9468858,523.0555763
933.181529,865.3173657
610.2421771,854.5369975
380.2984917,793.3372281
854.0220116,412.9365213
815.5308546,577.2743145
484.5413149,436.7429284
448.3938417,516.4142791
436.3456677,508.172367
498.0755133,425.5969388
432.8272732,531.4600008
479.7795082,592.0519473
899.4531674,607.6341812
714.9718127,811.4763047
730.352411,503.7866023
882.7755411,547.5139759
646.9276667,574.6018453
872.192104,498.0208617
856.7310294,414.0341795
646.5065146,525.2779085
500.4535478,733.0339928
824.5176949,455.5388658
433.17493,760.1635035
440.3465603,370.4417592
794.6104875,355.2560279
612.6799995,594.0613085
734.9057314,432.8304303
788.6778501,669.6513596
569.935001,522.4331068
583.4938277,736.3873298
343.3534167,287.4730253
750.4717307,27.31346021
485.3390066,839.1588965
653.5588686,767.0848619
774.5179233,555.3689758
454.6933112,241.0746449
903.4604417,425.7768975
925.6624667,436.0412086
957.576577,871.6592541
445.0252091,541.4305862
416.2959034,942.5710058
389.9313742,909.1064807
758.6383033,370.9554971
613.5896719,644.9811382
499.9576571,562.236637
686.5313496,620.3300346
597.0202361,726.8012747
470.8103452,410.9603604
665.9974094,547.2269572
443.6670599,640.7253959
520.3819686,926.2004262
816.2498078,377.5614002
624.5807336,563.4487935
521.8628397,443.6920547
710.2184252,476.4891677
774.6149233,319.5996129
529.5675877,702.6032751
794.1759576,783.3606879
303.4295066,318.3428062
871.9288034,524.600927
333.1573652,917.7807074
798.2997667,610.6774744
906.9344335,852.5092288
494.3524526,723.9545717
598.9452696,389.9897915
342.2574445,835.6333732
344.5496397,573.4906061
952.0720278,877.0516843
340.1409878,684.5865947
540.9518775,539.9291335
503.0028117,258.8698715
480.7986445,758.2701449
975.8018283,608.2608085
896.2781902,478.0810907
782.7284643,291.554095
288.6338443,381.2685954
537.6321418,396.7124284
470.9925553,660.3983734
690.7388109,74.49680148
277.8442729,715.2150517
641.9915597,295.7018996
426.7472857,786.402832
538.673075,482.2195558
778.3024648,149.6013214
611.5120901,945.2818153
727.4869647,469.0015861
707.3721093,230.2385319
821.22455,612.6728786
748.1195228,312.2478622
716.4848623,552.9621509
632.4893688,470.7116847
948.2780635,618.6573986
476.7368255,268.6950775
586.4971112,161.6974169
657.76236,534.8657814
638.3219501,510.7060802
685.5589831,384.1893253
642.1023419,561.1706538
472.9537821,785.6077584
867.005385,369.5991313
579.2028191,386.6766542
707.3020147,578.6369276
783.8649593,921.6634736
476.7488849,330.9752677
752.3142655,305.7636031
471.1001466,328.7405872
807.8648167,748.8823934
185.3920457,504.1050454
626.4178304,431.1278116
387.8540321,721.8068932
823.0807172,725.2116709
546.2478506,364.9362097
562.5567272,482.0236969
484.1684605,524.132675
465.8983571,546.8258371
673.3980944,553.1155745
411.1189818,438.5970902
614.9552815,971.8490935
404.991191,431.8505089
548.2356681,549.6587711
723.4341641,201.5570262
450.0712294,492.3794813
830.2723916,240.641223
602.9051451,393.017686
479.9199971,336.6477382
284.6039042,382.8515968
560.3334282,650.7559467
530.4948773,568.0826935
753.5475807,310.1631995
699.0951439,323.657971
317.6532811,461.9239
825.9569795,393.7456694
501.4356818,445.9126527
525.0934252,344.0623166
392.5957197,457.3200244
651.8604031,321.088195
482.0726472,425.1320507
195.7724646,538.706739
541.3724603,446.7898809
574.2707569,414.5977702
641.931652,538.7800346
461.4818553,545.1387426
397.540081,440.1542877
626.676472,879.7363138
630.9732332,625.5787987
794.1697856,584.4535447
847.9229238,512.798787
894.5801591,845.2064741
427.8091769,563.4343976
581.5150735,612.8833214
712.9862572,686.415057
497.1340819,305.9857465
398.0098155,491.4311305
596.9635642,560.6495822
632.1659806,572.6526792
457.1923598,972.2669496
446.7835076,573.4285931
500.6002537,202.3638838
478.0034877,224.2893851
598.7900247,745.325801
619.7815201,440.6948115
336.2259495,586.2284979
696.3043315,537.3648108
769.6203167,355.3513665
478.0520251,343.7027544
596.3457156,683.0080228
793.0361819,342.8038803
418.2646655,436.9228245
370.6247269,452.6678423
834.0118112,543.2503985
616.9473086,548.0526402
334.3714301,259.3584532
525.9105618,492.9278403
782.9451749,529.2250069
473.2598975,640.1453827
914.6871796,927.0553188
699.0645983,518.2626115
745.315827,323.3897776
642.6903639,608.3865895
712.2629147,408.5373637
776.658484,446.0209873
421.994812,368.4214496
637.8417292,199.186285
787.7441038,659.3008196
588.9643258,562.4747015
388.3896666,664.0847583
601.4253976,280.9488381
634.7789423,621.5201063
635.1814285,300.1389587
564.9916883,448.110184
595.1983597,573.331771
253.036492,651.7646807
633.2795102,590.0147554
434.7370114,808.9705474
710.9969117,396.4489361
210.8836651,644.5800181
495.4916141,236.1515741
560.5837255,699.3333254
837.5343854,735.4621712
942.6145991,523.5293861
461.0196561,262.4948912
859.1453922,288.4789177
459.7602745,554.9149525
646.2971895,651.7667492
544.8390516,646.1190171
946.7600553,634.6268164
748.0189275,688.2384003
645.147107,579.9694536
514.0384409,727.9933105
448.1474094,639.0817815
925.29141,437.4888179
473.2720319,379.2616787
428.6716601,522.654707
914.7643152,854.094633
488.5228224,805.8832309
440.2196588,579.671382
661.4928211,131.163421
545.4589974,762.2870497
552.9317695,203.3716359
427.4803208,340.9147422
518.2075666,544.0251214
752.8353238,902.4840506
557.88064,285.9272567
280.3256742,675.9342856
564.9899506,655.8482577
397.5543426,886.2963966
398.3356305,440.9185219
819.3183023,512.8339095
451.3281242,238.4264334
233.3433279,765.792076
408.582137,460.8644357
525.7449204,759.5160659
818.9510357,507.9616107
573.2080269,483.5537951
828.6815324,796.7318096
650.3823334,859.9634847
687.7984912,536.9370511
588.5123734,730.3764835
390.7848241,786.6906865
494.8979594,725.0485526
670.9641369,527.7557098
673.7337816,866.9392506
548.3492816,508.9390249
537.834456,544.9331471
216.9512336,674.0355991
857.415572,525.2186327
518.488035,963.0307202
515.7200682,409.9342427
580.8972848,531.1935625
274.373517,534.6581801
583.4609601,271.146469
654.3600059,546.3956537
467.1282267,672.6740933
812.8749882,840.921376
693.0882323,783.1877704
459.8660681,270.5210535
562.1471701,350.3175792
977.1583596,596.0158025
430.2268503,410.252644
159.9540422,717.7258653
829.0011603,456.2101224
403.9833502,435.5770309
474.4970927,853.6389173
786.0130402,325.2741936
464.1300965,317.7174743
798.827087,428.1657954
570.3029417,504.2486279
801.1061591,394.8598964
631.4514917,643.0940477
658.9015065,299.6935646
580.0851218,348.2880136
808.0463826,223.192291
420.1727109,323.7946585
873.108982,615.1506589
497.6999624,591.9025563
654.0012783,896.8591346
667.0090703,407.4575488
607.5282605,589.171835
483.797329,294.5646476
424.6721757,642.5648693
503.4846056,342.679729
917.1758465,848.4233952
280.1719723,703.0637128
507.4529151,696.7211976
402.271417,453.8239824
633.5902097,469.6915009
504.2505682,942.1489292
730.7979816,506.2471661
712.6393344,188.7143517
810.2568731,645.2359178
444.0302367,498.9060713
782.5755714,553.3133347
705.310377,500.2794656
718.9360625,476.7102246
303.7635909,314.0369605
563.0068669,507.8462558
545.4196582,779.6411862
485.0535196,583.33867
647.9269985,571.8283752
419.3282644,273.1386346
584.4066011,552.8412174
586.2898234,480.7354032
781.4135194,893.4467515
167.6783251,755.5778892
463.1183457,611.3743678
669.1764314,561.850059
699.4796383,193.1450799
972.468655,562.9838845
489.7269103,385.9957446
912.156417,471.9930626
485.2271159,676.7332872
546.6669952,760.019148
640.0983752,535.5057808
568.343153,720.3638388
658.2194058,495.256564
776.407902,650.0752043
749.2759421,929.6746341
468.5769492,967.6233339
571.5480767,526.7271057
483.8545402,343.4316359
907.6559934,582.7287786
509.528175,537.142354
681.3191935,429.0954671
666.2184195,666.0339662
630.7777352,635.7092221
456.1737778,342.9274256
448.79465,619.4147379
145.5717571,690.1717079
475.0215666,679.2664989
507.8241216,184.6789977
516.4427066,576.2670431
478.405809,516.8439193
800.9657601,687.3075376
912.0806147,400.2810557
240.7004341,685.491152
297.8679559,661.1337114
594.3648791,257.5359665
493.2869212,292.7654157
335.103057,375.5088514
410.2801981,241.696404
471.890303,344.7545298
697.8765398,542.8065923
669.2172538,481.5441414
372.0907222,349.9409049
306.3895709,709.6219361
612.9538016,549.1717773
593.0719258,309.2437867
564.6554168,289.9827106
447.2461562,534.3844289
657.6438178,303.1910692
611.6189473,499.5293348
744.8547514,569.4345045
901.0987361,729.320216
447.9246765,634.4432639
603.445094,572.4740368
909.0717583,865.0178106
620.8735374,456.6925195
183.2718139,735.875535
810.8699278,639.4773647
673.7995019,372.967491
461.4224269,446.6404899
543.140586,460.7037411
400.7674906,406.4333951
352.2786114,280.7565102
962.6812317,569.9036967
524.47682,332.4212055
365.2130879,712.1451397
613.9009406,597.613952
581.5469224,481.9854194
795.6547164,620.3974799
767.4659289,364.4477743
434.9412731,734.6901435
516.6273885,408.8639136
918.6770014,460.9274097
876.2167109,681.5552736
707.9230541,798.81455
736.2913852,860.6762365
719.0676678,653.0405426
489.2704637,590.3507703
510.2587981,501.1953056
422.9969153,957.8410647
222.6428317,564.9314626
681.776449,572.0450235
474.4210057,301.3994218
943.8359297,467.8211464
660.5491876,293.6811095
644.0852009,973.4273938
937.912071,546.4397188
828.8639372,545.2457817
504.1325503,450.1495696
564.494734,486.3907616
565.0367203,241.3131691
557.0132282,447.1740351
796.3677972,450.7428295
747.2628671,282.0012193
334.2137135,878.5451138
670.0560825,391.8948506
456.7866378,221.7921735
455.4123393,550.5553052
624.6046128,561.8787045
766.6816299,438.9307649
369.7680712,502.9140752
706.5491751,789.9415183
578.7794649,299.2182922
456.0084209,978.5037419
619.8727525,602.3250129
464.6873781,270.2348078
671.294536,662.7595661
352.9536263,590.1453211
485.4784768,273.5786381
936.5409934,436.5152482
530.7995396,756.8110441
564.712703,454.9005588
542.6576086,988.4831237
744.5501191,518.2980892
708.5463256,272.431148
555.9037584,363.2938698
432.5381609,268.3500992
707.2339124,569.9900719
447.3050303,890.9333471
693.8154249,567.7068341
542.0276407,369.9828886
781.7993919,624.0217684
374.8405624,574.3406304
557.0433094,619.6087581
558.0455025,282.0433622
618.2907469,675.9547407
368.1387116,595.0852951
598.7295177,498.3239061
537.5703016,539.471224
445.0638893,485.7805777
594.4085478,472.48879
538.4339233,458.7608641
584.072277,400.5801929
724.4188148,478.7298656
820.9533246,721.0480913
876.4474735,683.0167773
482.0787743,476.1753003
524.7885532,470.584086
434.2244471,587.8652801
489.5722497,929.9682136
493.7479818,233.8018521
569.0248643,443.3828467
518.7020042,573.6540168
569.1372644,384.2100938
590.4463953,700.3158794
560.0497539,969.1221122
669.8657977,555.7072472
456.5365801,412.2719925
461.8124941,502.7704927
560.3254435,507.9999092
482.4246934,264.5819775
693.9138929,477.9137519
659.44186,630.6557736
975.307855,612.4004646
876.0288231,590.5205955
456.1912902,323.3908223
631.4901269,518.9411809
468.5414899,790.9979321
495.8372935,451.3002147
566.1042142,587.1540744
779.2988453,439.6148504
411.9586194,863.6902365
739.687777,673.9162743
655.8820439,489.8178748
848.7107732,355.9935598
305.6397724,655.7566382
899.1682796,480.6197767
435.7135276,434.117533
625.9378492,446.7676498
700.7539556,498.2773337
523.2599237,627.9431882
458.0970136,352.1313949
496.2756135,547.0371784
489.0954443,692.2837415
708.0242786,256.755059
455.6348475,366.0456103
604.5912066,207.0623458
633.3040785,646.0107243
594.4509881,349.23369
413.0257089,443.6542786
628.8632481,609.4352517
644.7479765,542.4455466
459.5449421,980.9301443
445.585367,497.4932085
949.9755403,542.9031636
442.7179883,228.6152263
860.8224054,676.285344
406.8938134,370.1161077
916.7254821,852.690065
950.1908278,564.3996725
599.608285,260.4597469
577.7109672,398.5047235
739.3800587,465.5451379
480.0737439,610.2441569
469.3060893,463.9973008
812.000041,582.7086996
394.4562313,330.6179829
307.8245261,651.118831
404.3273068,286.795208
559.5242762,262.0913683
303.411395,660.8671895
518.6245091,396.2563993
489.3574266,383.9552934
759.5721995,536.2905119
949.0358916,672.6577334
455.8680968,581.8467866
751.3740175,955.0156734
633.1963524,523.7785452
449.5120752,870.6180093
197.7065614,497.4264945
516.6737688,484.6781766
782.9565753,501.001557
180.8927607,537.2013373
795.3037039,248.7261805
690.619984,627.1178813
663.3185476,623.7617862
412.8415663,424.4443297
603.0730186,509.2706938
845.3781542,716.7010848
743.218231,617.3033102
775.6076636,919.7284109
422.2028339,940.8649814
400.8609402,324.0100114
691.6343415,551.1830608
438.6058192,653.200485
771.4117973,313.0349961
462.7629289,455.0438488
700.5881344,407.0464414
725.1212893,246.03545
479.2663447,610.4483107
605.2385521,703.9269003
441.9053758,512.3208611
510.8273602,744.3862256
447.9937375,560.0958326
716.0173899,328.0548094
523.4285164,352.1974194
397.1314678,267.7486907
439.3210722,504.5161945
413.5010761,584.9631874
203.0892278,760.2977047
708.6741109,569.8637686
351.7585568,270.0629977
491.7346971,313.2577454
534.292422,422.3113187
647.2022777,563.3405634
729.1590942,459.2285729
763.5221727,570.2257127
709.8657648,4.584026391
350.059522,995.970162
776.6998456,498.091859
733.1856637,520.0359558
333.5856331,829.2247081
784.3646402,628.4313103
406.1545913,597.8780084
613.4743506,599.6189046
704.2543433,358.0494725
382.2451274,580.299848
777.5753171,690.1614073
573.8733342,381.2636436
525.019091,408.9916168
989.0443227,985.5221522
682.0291433,404.2658047
949.600274,893.1006659
484.696365,289.2577568
381.8645879,442.0687909
785.4314749,888.5173499
562.777153,522.4564244
306.9628219,332.6258816
707.0361973,538.6978173
837.1772308,112.4158111
621.5941385,466.9041364
479.7774109,361.8950477
869.8103392,722.2790941
523.8153927,602.2573378
574.1515556,352.3900607
453.103171,857.6067632
46.65371486,611.8521474
952.8100664,905.497006
839.9671444,571.9160249
718.6885665,541.3823423
761.075961,264.9421875
378.3845439,749.69694
710.5783362,164.3143295
563.9278797,325.3907813
909.606539,603.8265701
477.4123197,966.4587318
753.4579662,485.8312035
550.0159132,400.2736592
681.9647862,468.2456258
793.0211263,525.330373
458.3718943,473.6430914
775.0615725,327.7032495
321.9934713,657.1025571
594.5165735,499.2284216
868.9969478,435.7201329
503.5979495,438.8606243
475.4042632,802.5463791
857.4462675,629.8830774
543.0659373,392.0114592
594.3866011,753.0367796
749.389301,133.1367195
808.26946,680.48858
318.3526995,667.6663815
792.8165051,314.5083466
201.9493921,761.3379049
571.919373,450.0741011
508.4291317,360.2099589
299.0930017,407.5848341
590.0266514,563.0409456
468.5226891,934.4834574
309.7829366,734.5309324
609.5724804,594.0648605
590.5772966,535.706905
546.8737737,284.0911054
432.0676174,573.3878292
861.2748821,257.8791897
444.0039007,572.6915836
775.992862,598.7046943
463.3603587,480.3231676
566.8497132,436.2393658
220.6258617,393.7054696
232.5036154,766.9271969
319.3920747,432.1211051
855.0310958,470.5231178
605.5785089,568.2177095
662.2373764,494.2704162
498.9451872,454.7085234
602.7728056,392.5886935
565.3479141,211.6493392
411.823224,358.8210614
645.1105391,544.0000697
412.796774,830.2818114
563.0003054,364.6546651
545.7499374,477.5466052
630.3365389,596.6767167
755.6346003,668.9886068
743.7982083,358.1573056
504.5668405,791.1636412
231.0574247,521.3301416
180.8160296,480.5662049
810.9175215,320.0527586
775.0954588,298.7021516
486.3870107,760.1979157
522.0701874,554.0599136
150.2106322,511.8559521
639.8552836,562.4085724
604.2973903,491.7823143
467.3966806,392.0293234
397.8476046,454.9512681
277.421398,302.2176875
779.5479892,303.8681343
459.4156288,259.1037363
428.5377327,364.6285896
637.2529132,592.5385859
272.6377944,597.5453992
490.3885024,570.905891
483.9267771,653.79667
461.7323773,273.5953532
555.2540159,434.2604678
629.4662059,656.7249635
462.8588053,392.8609403
468.6934989,539.8438239
713.4823278,161.7931108
688.5461474,396.6035715
685.1409619,435.6477984
582.3462021,710.5040952
721.2223703,205.3194856
463.7595042,454.0627991
764.0047006,134.5223158
495.5341443,568.2836505
443.2385373,491.8824167
652.16917,252.3605189
570.7232849,522.0868749
487.3229142,426.6363659
467.0008908,400.6197658
486.6889614,575.8071068
521.266833,605.7554065
817.3158636,456.3213821
746.2150878,877.4822438
429.1794155,411.0327367
843.3278072,578.368776
466.975124,712.4081932
774.6959538,305.2877876
574.6459333,595.1922507
803.5913505,424.6963304
363.0136082,597.5016266
591.9854064,292.5052665
472.9752494,539.4006237
534.6010242,335.8353018
486.2100887,571.077513
474.2919321,809.8233298
674.5544687,443.0231173
563.1660667,519.5346706
507.7603338,700.0498381
886.979407,603.0739111
829.9435355,743.3373754
596.0758685,499.4344349
572.4303194,516.7472852
455.5951487,405.9891919
693.3310693,378.4811473
531.6557609,175.7221608
307.871161,656.9227029
673.4330293,435.8554832
246.3808716,512.2656178
583.6761876,591.6558835
334.2813213,297.1001159
673.0803839,355.5264778
671.8129877,331.9546877
714.0260968,293.2273787
685.5826525,553.3139824
674.9773586,362.2084345
936.5221327,528.3038181
625.9047119,914.7158517
872.1754155,877.9726015
664.3105539,572.9696598
672.1035531,555.5207487
833.2838546,208.5052749
820.8202062,410.7186395
569.7128075,501.9765057
508.6910691,206.8293168
596.6819722,301.6123092
603.607979,287.5728143
815.1155899,752.7157247
490.1531408,600.0007605
786.5204961,665.6224827
708.9118395,417.5984191
789.400938,659.6766372
451.811551,895.216523
399.2056789,405.8224381
661.509225,474.8927524
336.0054638,681.9387175
688.7284474,435.1636879
536.4790483,412.3327309
557.6998081,435.9799061
586.2580943,389.7072231
930.5832933,525.8133134
748.5022495,424.0023413
625.8443846,481.7955779
810.2930515,516.8521097
217.4690261,704.0467265
459.0550736,535.5484878
258.6686917,552.3670733
543.0980709,461.703846
562.4089577,447.1807839
812.6950551,320.7778169
415.7278356,845.0903252
277.9786946,801.9862777
699.3276892,109.3050725
474.9823771,230.5640998
608.6391385,617.6440888
204.8182989,536.4659784
480.1884061,417.7215465
210.7023838,757.1324332
330.9672933,525.2610054
556.5592534,416.6594914
461.4930608,538.9924415
504.4220222,611.5574188
219.7748687,633.0062896
641.2468847,870.7972994
716.0379584,481.246801
751.1513895,641.9666367
452.7163247,541.008238
902.3201267,731.6319739
792.5181796,291.105713
308.1964666,665.9503281
648.9834666,600.284499
492.9482977,626.1059505
437.9704582,521.8146281
443.964082,565.8373154
796.6540632,445.3122889
670.2648384,429.0851456
199.017117,484.3227305
612.9145971,527.2219347
492.1553998,255.8505644
601.3057019,565.4132748
365.0878194,298.6371299
182.8503172,734.0221463
476.0474292,719.7281644
761.750092,872.5050161
341.2440309,316.2774913
475.7129104,621.6651723
807.5592106,435.9424852
755.2476791,523.4031455
700.6990664,233.5997877
673.3204345,563.0444767
779.4859092,514.7241132
383.1139474,347.005403
513.706349,499.3941307
591.1290803,558.536483
421.0922106,570.5601187
597.7259165,769.9570554
833.3245122,383.7438685
478.0465422,276.253928
220.361123,668.3075301
436.5876658,637.4353254
829.5155522,750.1149841
749.4023492,495.2389714
553.057008,474.8093442
674.8839989,327.2726691
324.8263045,837.2825246
643.2120065,475.1249875
876.8307394,523.6677033
788.8106389,878.5850629
873.7370175,436.0118736
660.4780443,398.0810799
469.2226318,763.2460145
444.5417823,226.3681766
719.2646939,521.8432526
350.7830443,990.1532942
640.3877272,557.4425647
499.7029404,606.0616476
884.2708685,493.9429261
339.6493665,468.4596415
340.7963479,286.3417697
762.9052829,561.8693858
872.2590676,521.1057834
468.1448911,405.5043711
613.8326886,764.1091602
221.8922842,499.531842
337.3843463,503.2631278
587.9100748,324.3883363
229.2855987,716.0459373
869.0449009,456.1419876
645.0033673,304.3013682
699.2759009,545.4646239
605.1799477,570.7256815
384.6412885,597.672601
582.5271388,847.8502979
669.0103705,575.3342582
562.5563227,749.7311223
797.4274262,448.2274193
362.227916,470.4753962
748.0213244,558.0037735
729.0346497,518.2454158
350.4998794,264.859615
463.1850547,543.9707974
644.7210113,612.1772765
759.8573419,179.7461276
680.8381635,385.0160948
751.3764144,384.341349
754.3344413,62.45204209
696.7366592,554.6130991
202.8455219,737.5185436
639.8988774,627.9770571
574.3214965,483.8029751
565.6281729,776.7471168
592.5687095,538.9152596
556.255475,208.140928
664.6421514,529.2109871
591.471389,60.95221909
651.4590105,625.989133
461.6189885,383.9430287
723.3058545,322.5954353
811.4871023,335.362683
520.8900537,576.3381031
468.3367039,457.1172288
665.0999163,672.5398086
592.5627172,319.1158368
587.9124418,756.3703093
403.6651004,850.8514692
646.0785613,830.6796302
681.6385218,402.5652128
560.0407055,245.8314634
476.7773482,407.2106253
561.9583835,991.0114671
399.2551751,716.6415791
396.3376261,652.7418441
730.5790388,613.4528041
624.0821014,456.964432
637.562594,586.4891904
388.3037973,315.0115122
700.8147472,276.9904779
591.1477762,310.5822256
816.6765926,621.0782224
626.0381299,744.9754948
677.5108177,546.0715275
712.2736409,520.9914523
283.8760675,666.9069947
504.1088209,200.1692778
490.730946,804.2230267
737.2390336,461.0608796
426.0275086,868.4172395
480.7032774,243.1266923
647.2243143,540.4773463
445.5978609,684.0032594
863.721678,672.4727811
595.7384435,613.3543314
575.8053188,536.7893943
620.9607251,570.2454574
679.7902793,266.7045834
462.8440493,496.5492036
410.0438777,863.1950941
491.2019538,406.6960934
309.2941916,647.2417897
526.0408189,328.9331449
670.0598576,564.7661714
595.9558882,726.7601974
690.2378866,733.0758849
580.0170196,461.4536004
722.1654196,220.8193351
865.5913428,665.8353493
496.4189787,450.201261
206.5853011,754.973284
250.4401738,785.6407707
825.8428416,652.4928522
196.5233716,488.6728084
409.7864945,244.3491077
583.4207819,456.0374556
463.6110606,378.2146045
461.9373881,412.2709687
563.2056906,469.689119
744.4642048,928.6768067
431.851521,515.790347
667.5147584,588.424274
598.6719619,680.577358
653.8393371,923.8951245
222.8536849,544.7090815
595.7532594,510.1411315
404.9662332,410.2932616
845.9319902,411.1750029
741.1115117,357.8962997
592.927452,822.2876376
442.4531897,574.8258482
729.2998378,571.2776134
702.3707764,194.8119283
544.8645787,403.852023
518.3893123,551.3074836
595.6624914,606.0734944
352.2747315,295.7671302
693.4400388,565.0856174
805.8337648,556.3313046
542.6710014,472.898978
335.7636005,501.7319014
403.5837103,674.2776961
708.4420151,526.8483945
756.9091124,265.2487838
707.7871942,578.0104257
631.3186579,881.3137574
855.3666632,722.0512676
770.0665465,299.1478382
397.0733277,440.9223246
517.0796106,402.4103894
601.6447448,574.2996785
666.4682375,430.5460433
665.6542168,537.8098288
913.2592803,461.3089314
538.0702821,427.7742447
473.8491779,382.0702296
159.7638624,711.2993986
816.7411144,620.4773571
428.5968915,752.1676165
401.3302852,243.0390217
808.9871998,444.8623817
452.6177668,319.8523866
683.8575363,528.9052266
779.5579364,493.9026218
664.0493056,587.321852
568.7711663,596.7888331
712.0419795,328.7510342
874.816406,549.8117141
849.9697502,522.5673707
682.2037732,384.4421827
554.3497216,455.3702524
485.3360554,643.1251796
818.3638826,387.7479026
586.8346411,474.6763966
225.0457342,697.5560739
470.0269151,902.6742473
890.7822848,601.1146324
760.5517717,539.3750287
697.2586613,554.234231
971.2098726,913.2225058
768.7688743,581.6723648
633.8990815,683.9750527
601.6980761,312.3659542
603.9661973,565.3727616
846.3986986,601.8905254
750.6458961,469.1159799
753.1902613,299.6813417
425.4092256,577.7274185
557.9516485,452.4647541
684.1162229,418.3257965
590.4165837,530.6323537
677.8265957,151.6386595
67.87135873,599.0728648
556.7326549,666.1269647
649.0740848,563.3669523
140.8843895,501.3459712
240.7248376,682.1530048
923.2047349,868.3604918
858.1948375,738.5499892
493.999972,433.2455701
859.9311742,597.8648871
785.1158917,894.9697667
364.278263,858.7557576
619.7886959,897.3573275
214.6413312,804.6951023
872.0917483,618.5141086
579.3856135,591.972885
703.1316006,279.1031383
550.331017,386.9060895
618.3186858,167.2801692
809.8196168,443.3719819
464.1688965,548.5141853
730.2467522,502.7974876
587.0341839,503.3506313
474.1198939,784.0258853
731.418242,464.9810249
492.3807543,507.537403
772.876669,439.179924
173.3409056,732.4977522
500.4816516,557.8266981
681.0773602,381.4391728
427.1247242,349.7759689
900.7609216,447.196893
448.9621192,513.8025692
874.7279301,618.55458
681.5923663,556.6909295
745.9707677,360.4272131
786.8555841,318.0583365
616.5859595,529.0268706
566.6138722,748.0684527
68.16138486,591.5095012
676.388899,561.3644025
917.6645466,512.7786871
484.1999499,525.1424119
405.8522061,432.6764217
367.7167655,535.9156554
705.0518703,252.1396083
929.782995,520.7126239
430.0045519,790.0678216
802.6214108,325.4029415
817.9110164,581.1920779
695.9023547,728.509472
389.8300299,377.0636043
664.7480199,491.6367469
955.6052532,875.913889
335.9121191,422.8736348
753.9860804,749.7736622
243.9889799,675.7299438
659.7775173,497.3535331
744.0875603,888.4025382
503.1105827,466.4044809
640.4409536,452.5998955
645.6666972,547.2289003
572.0679365,718.5346452
587.5612645,272.7574472
608.0714453,643.3731477
447.8329497,520.6146527
773.9734652,956.9574013
727.1127322,443.2388254
546.3667972,573.4273395
576.7722473,734.3214298
665.7554413,574.5342955
676.089435,393.7790577
490.1032252,340.5424557
208.1220051,517.2741863
474.6630937,532.8392663
928.4548071,883.746031
673.3353103,332.1974324
816.6091346,373.4401307
952.7720753,569.5876773
778.6919327,417.2624669
954.8841427,476.1711842
499.7835965,612.3229902
542.5172396,334.0655303
503.7293301,421.0552224
713.7667811,536.9845219
818.0047655,379.2242996
867.8167841,416.3993421
611.9148908,556.3592188
643.8532549,547.7625709
936.7207916,526.9521952
490.850402,789.4154948
691.9144354,537.7305367
632.8161126,513.0176291
672.8764817,568.436489
651.7307452,127.6074345
633.5024828,605.9865551
679.3163503,401.0661211
474.3108078,638.742152
576.9013509,952.797917
492.8835362,873.7520236
446.7330676,539.0698323
571.3788398,559.0069079
880.839392,451.4848745
941.7822271,868.9997182
776.2888355,692.1639362
676.8928044,382.2297959
370.3635087,338.4087551
173.1196857,526.9258271
544.5689198,770.7712468
563.9237899,394.4458013
448.3637605,364.3370996
797.382604,538.1629975
507.6866588,429.1287093
703.5712539,274.8254784
490.2517288,318.420803
597.9771426,323.166882
571.7372678,481.3178401
257.7133432,424.4006825
766.5530356,376.7415256
532.1419891,543.5730204
566.0448008,383.9003216
635.2755072,569.4079484
781.3521135,441.6185703
640.729961,558.2380144
619.4617124,571.693986
829.916061,402.2619386
859.9265302,584.5521846
574.8081891,436.6435155
484.4580223,581.6850265
469.3178191,501.5953392
570.0038972,525.173899
387.2073906,480.9800284
457.2771205,408.6126233
512.8152976,567.7579195
694.8533769,49.38333796
518.6736608,580.1825291
668.1611152,564.4795914
875.3324908,446.5982007
456.2894137,503.0146164
880.562414,739.1543019
811.6482046,359.8410781
528.7384515,576.3283038
733.5039434,895.7929634
456.8326734,856.2820307
583.4549378,486.3516692
548.2979278,290.5065611
480.0334309,274.7572809
778.0778143,693.2162757
831.7773966,547.3505025
668.4578677,434.5593334
591.5487793,318.5309344
773.3842147,412.4004688
856.4578116,506.5030322
729.314444,584.1911389
158.2704825,538.0392224
476.9527721,608.4682426
522.8488986,892.4177923
880.648523,619.1732468
692.5522232,475.7404158
757.5754085,554.5203096
646.0657977,509.380888
758.9139929,474.305886
581.5786066,523.4842763
704.121135,145.8565799
549.0234126,709.7970056
704.1877092,467.563776
559.9488439,443.8631962
446.7121395,265.4735598
874.9633966,453.1124216
820.3501421,293.7066
713.4747326,458.8295004
641.8335135,558.6449638
395.6261033,655.3661113
563.4868931,484.6891876
880.7717242,431.7723868
532.817753,181.2777929
524.0516831,749.5986344
831.4614538,211.0931241
585.285608,987.9543004
292.6751698,679.1200958
441.0520309,853.5647232
814.5694838,244.5781878
595.6671354,907.4358296
659.5739447,576.1708687
213.8215879,688.870669
571.7123849,309.1567638
442.8868207,238.5557663
684.0411846,396.4416024
378.0631782,574.0267422
403.1414804,815.972556
458.7241651,548.0737639
511.4932069,811.0677255
670.7353668,566.1331722
751.9598374,487.0030976
934.0051823,452.5848728
713.9548786,390.2419384
471.792584,537.5784504
571.3758886,203.6051664
564.4439794,506.4309275
908.6046155,857.7173544
784.2412442,574.1581018
735.1824996,554.4739461
711.9816822,467.6833097
485.3516204,580.4412994
439.9211387,522.9368993
464.6558288,399.9699045
785.9598588,463.1562608
730.552553,543.8197767
701.455696,148.6481023
277.1718048,797.2088997
875.916453,552.6396544
743.1140702,513.5940068
476.7075682,231.8658073
572.4256904,376.8826845
661.8976593,626.3720754
581.0247106,711.4809452
388.8690786,435.1270192
690.2878172,514.0504746
850.0308265,476.6600375
649.9820344,507.7915348
531.9514796,382.5894626
744.4122967,173.3198908
478.4699264,237.0504274
490.149126,317.3167512
598.9869759,271.601328
557.3282271,700.4759054
937.5820614,881.338057
442.7967418,923.8369978
462.7615656,384.8701095
746.7252551,467.6463485
628.4950977,530.4911531
207.7552779,675.3805987
905.3951378,501.7005188
399.4916153,370.8594063
169.6018305,670.1095617
734.0625583,964.5234184
732.1762948,663.4329748
561.690364,362.4616052
287.8473731,431.2344956
560.4785761,711.1541863
670.1562733,16.12908854
618.059475,440.9465197
502.3162617,261.305906
445.1288605,929.1539804
725.4583548,442.781083
655.845491,507.3520536
583.5390394,616.2912749
695.6411364,542.4152296
739.7223824,442.2219219
529.1561281,515.3431978
926.6729141,452.1853407
708.6056492,269.3279103
689.8152664,526.836297
336.6736624,524.8459283
567.314579,783.6191239
796.2279225,817.0532067
843.6286494,158.4026871
337.7478377,551.6370005
571.9577236,526.2505171
520.4673735,578.6011365
954.5024048,904.3756959
693.6440758,204.7297777
966.8065538,591.0892424
548.3725317,480.9914155
591.0288445,217.1470953
195.5771014,729.1260077
802.1114981,327.9099942
210.6715685,481.163539
533.6629634,753.09476
754.4039517,425.9970141
244.7496394,693.2537593
427.1030621,561.4557295
887.1203004,593.6199678
484.2914071,704.1861511
811.9834125,206.6923785
598.4700972,807.1469743
351.901982,295.8107566
726.6479113,503.2132124
513.3874251,405.0790768
868.061179,351.4181625
835.6113593,470.3645962
732.0382927,79.23853462
696.2432253,554.070465
788.4404811,257.6745554
589.7090009,692.9007577
680.6711438,621.0132007
420.7533773,247.7372956
212.8802464,705.6465474
959.5255646,575.0161494
486.1577013,422.9653379
440.0247301,567.4425478
816.5497212,619.8766799
493.1720642,388.9635066
905.5406901,601.9881414
171.8731276,701.8440972
436.1829624,332.1805084
905.2284027,432.8940103
473.0040573,401.2019937
704.6879594,278.698926
500.7240841,427.0903265
367.1919321,315.1229391
494.7903981,391.1708788
539.2867889,652.6020643
570.6074392,356.2433248
325.9018281,427.4908197
78.89984219,615.7536972
387.5329959,486.2858536
580.0420373,303.068276
447.797805,411.3588269
693.6537832,204.9827813
651.1835905,487.6620477
800.5090887,440.792135
515.3490714,612.6253451
620.2001255,721.0063454
925.9935249,515.9819227
561.2273409,719.5254314
415.9855934,430.4125734
664.5264705,516.2140952
755.2172983,298.8864144
640.7344552,573.1653724
871.0116556,684.6791126
426.969704,662.8122186
763.3189596,873.6794802
561.1099522,714.1904383
701.1769803,424.1565797
276.8983473,583.8630637
393.0238827,418.5536857
550.3217889,393.6986582
534.1929502,405.1106265
769.5957184,673.9205993
765.1788121,318.3317952
569.4053738,788.757861
720.1231173,400.6408059
555.1288373,394.824356
763.7463137,468.8957587
419.1988612,526.4514114
637.5123937,595.1931073
437.9471183,530.2861009
715.3916915,197.4707539
678.9411589,439.763322
914.9526974,509.2011173
667.9333788,522.101814
449.6087756,715.6355404
429.2578694,399.9826706
563.4571714,518.6738859
397.4460622,741.0292112
836.0665026,415.1603788
642.7208796,477.1906159
328.2032814,832.6748254
505.6374504,503.0027069
659.1996672,209.3078493
693.5195713,551.9859695
839.4099676,179.7479245
585.2853832,481.049584
659.4660388,386.0328312
623.8158646,593.1752005
833.1669903,558.0811016
630.966372,700.9083663
715.9270413,469.1584153
343.9648984,316.3340718
453.9634371,923.1785074
89.52393693,623.4907931
385.6900416,298.8427045
495.0073184,344.8624674
208.5177949,737.0279978
220.9403513,670.411039
343.9136345,546.7635734
485.6220068,369.5609791
959.2960604,456.4275438
404.6248382,422.3538168
672.527222,356.724134
600.1684429,260.2206169
520.0741754,200.8155453
748.6629623,435.3476583
566.8279762,484.3973215
396.3069606,922.5722515
576.0655333,537.0047054
454.1405538,786.4102075
632.6830841,469.5884733
772.8528198,423.5781962
453.3678049,881.2204664
711.133161,428.2209761
710.521095,658.314839
764.6109392,305.5190616
448.8750814,789.3802678
984.3995302,937.3510961
935.5758026,877.5316369
806.0791335,481.1458211
625.8717394,589.5494077
340.1402837,468.5206515
329.1655959,700.0789223
773.1155661,926.9007879
831.1873971,118.1312602
682.7595867,381.6775507
516.3599982,430.4331957
402.5530989,309.0490978
379.9033461,965.9441164
821.8553418,659.1487333
606.3898031,828.2713846
717.6009086,524.478886
720.5020239,194.25634
418.7345797,857.1554561
647.0206369,584.854038
194.052322,499.3696849
783.1279094,295.2560249
637.7633202,198.5636483
490.5224448,585.5914654
662.4917335,674.6640651
912.7312859,595.7040245
486.583018,425.6542297
712.0298601,566.7995815
529.3900815,515.1148699
468.9366655,436.0723822
774.0028123,552.4229852
384.3179753,319.8838319
767.0310095,452.4815319
299.3321534,701.2653167
306.0937622,656.579417
726.5971867,202.4290309
492.2998885,714.8478423
178.6405639,726.5872382
499.1139147,469.6933604
643.6526634,535.1260978
780.9079661,418.662083
561.2832338,523.4450794
467.2752322,741.1287495
749.044071,778.9667955
727.1649548,435.107191
436.6959911,447.5835337
567.2814866,444.1008428
629.6265891,586.7033524
455.1924828,915.0047509
573.9602971,372.5409222
548.7806056,288.9370153
436.0593568,641.0778333
739.5601115,654.1411468
669.8542626,427.5879761
470.300822,401.8334267
292.926291,665.0457917
482.1448691,522.976514
636.8177392,571.2733093
611.5969107,719.3995042
706.0632465,510.0475061
579.2705468,404.1796176
506.0854329,674.1682959
277.7288167,719.9718493
497.0389695,595.6310423
617.9118103,778.2583061
587.6115397,418.1635349
812.9662505,547.7964816
444.6649236,542.1225486
449.021967,429.0532407
771.6785135,288.2344179
381.808695,615.5181608
488.060803,682.706044
922.0089913,861.0814935
484.4492586,615.6357932
717.9627821,485.3638708
482.8250074,684.1927665
652.8202607,515.6222769
716.6872214,164.624227
679.3533825,541.2312171
742.4450776,441.2041617
686.3604649,426.4521866
734.4092714,520.0332814
542.9692969,858.0100145
754.6854688,627.1871026
635.8867193,527.1292705
762.0109058,870.0168724
429.3425253,349.673004
645.4070369,591.0482487
776.1690199,299.749581
815.8317117,593.0022203
962.9618799,466.0674214
799.7482795,421.7218824
457.8806475,685.4903998
907.8019951,856.4383375
679.9726692,201.3474818
458.6132481,685.5420912
825.2290229,722.8079801
892.4509987,456.2406274
787.2002598,147.7702055
796.7080685,455.9109016
435.5015658,563.0727878
574.7766997,654.4643537
676.8757414,388.9117108
572.7772721,797.0713764
782.4449847,306.1575148
708.2103987,206.6670552
682.4132631,432.8298453
516.4590655,722.2770674
571.2323137,716.3637327
502.6336425,483.619172
498.2966283,482.4501194
696.4550222,555.9893141
771.4258043,366.1075397
642.3395911,466.0746298
506.8644287,671.2479838
672.8450373,530.5987982
662.722496,554.6472188
654.383196,952.2209752
799.9881503,275.2526531
497.8716561,351.1394595
411.1447785,439.3976379
680.2710995,465.1480086
620.8382879,485.0509019
557.6631654,737.4669149
846.6450261,599.3323455
645.3740345,980.3016992
534.4832011,479.4429517
670.9603618,520.3849875
578.8633118,588.937406
556.4816984,353.4582586
787.537565,401.2971652
710.4818756,803.4083756
863.1815043,571.4360514
625.6845107,548.567193
546.5192857,475.5182097
710.5751603,197.7930624
827.8738485,192.013699
821.9437129,634.1966121
533.2659003,487.147683
488.2199579,296.1302862
378.0136071,687.3530444
589.6121208,858.6598758
611.0390898,526.4899606
690.1031503,544.4770971
838.516789,532.9473084
605.8865568,645.5356818
763.9910083,376.4780333
951.4603063,894.3244811
637.7148278,536.4790997
635.6848845,461.9125546
820.6957616,290.7359337
517.3971113,182.0402929
775.5976115,631.1429764
666.5532379,556.1057346
372.093149,423.1352884
713.7307975,399.7482835
552.6814572,442.3611585
693.3003588,725.3738907
534.473134,400.6997057
560.2874075,460.7973664
560.6892795,408.6988313
958.1045863,871.9654534
450.2084525,226.3807756
478.2144008,327.5147662
465.9019974,292.1683114
597.9604991,179.0804706
731.651027,810.3524038
547.6452043,419.3720141
419.3872584,358.5379079
472.1884037,357.9100061
226.9633522,657.9595182
474.3864753,657.5693465
489.6132668,431.3065585
406.2565798,986.4078214
430.2642122,642.798567
557.8023509,482.5441626
696.9880651,389.1837696
538.9128409,481.6372861
418.9986144,585.4480292
485.2759829,600.2983725
665.7779872,365.6069231
441.8316559,423.5827511
488.0622262,573.0485132
697.0589987,490.5803331
787.1337456,539.9847529
299.6406058,625.9122018
585.8932696,467.9895926
309.7617539,346.1067378
293.8136422,796.5741446
344.8950344,937.1213891
586.6951709,472.9876306
464.1482081,238.2228647
474.7942796,228.3315923
695.3762029,468.3084954
666.8343056,528.1946895
814.1001838,310.2256721
405.8279823,617.8024224
962.3080478,557.6961534
497.407794,384.0963059
553.4741603,425.7804494
810.3139046,380.4593349
845.724268,828.6984339
631.9026501,473.5401475
679.631514,619.8782887
425.0553817,433.4726862
439.7284421,648.8941587
354.7186511,272.1525913
776.2672183,155.5704635
386.8184021,330.596713
697.154186,200.4176429
643.0002544,606.1044591
751.3865114,428.1146682
511.6791172,554.1629621
490.8755246,585.4536287
943.472618,676.64593
783.4461292,454.9848863
382.3535726,789.4974823
695.4673305,507.7135381
507.1889854,423.647522
503.6046608,441.5767826
718.3865109,475.8989374
280.6141423,646.011957
701.5933236,359.5994407
935.4922553,880.192134
517.9032339,442.4021104
828.7503986,749.2372127
739.988005,523.0286024
646.6307794,531.9409145
868.1791819,719.476686
716.7955468,397.4799639
516.4111573,554.7189056
859.3716755,580.6835635
720.4213079,187.798261
441.7669243,636.3812936
540.1095283,539.7345491
631.7813664,565.4220502
463.0973877,978.75802
391.7327122,390.9326681
226.1736452,669.4279208
546.5171884,665.1994241
585.1483699,473.9344143
785.4022476,336.3407031
731.7551877,499.3205008
652.8730077,610.8685069
816.6480844,410.3412339
764.8737903,459.5726527
501.0217654,556.9904637
460.7844892,648.1173046
248.3701123,729.42433
551.5914023,567.3754577
471.1849073,402.6703297
660.9554339,624.2699664
785.1360707,597.9865519
754.8515747,655.4865434
547.7831914,327.8738478
498.4051034,665.3424007
647.0847692,557.768258
824.8176532,575.8507123
514.4588739,410.6846034
565.3269262,360.401848
591.5599698,568.4321849
409.3662862,993.7627689
611.3534146,621.1085393
493.0704352,369.1475735
665.488036,530.2623028
336.4859394,419.8153607
526.5608136,401.8723519
576.7661652,193.1649291
492.592012,598.7160188
957.8611352,465.0853688
594.1214429,293.140711
558.3094323,551.6530052
625.6055325,984.1462506
689.8972857,519.0126588
560.6825232,444.2982061
507.7159461,708.1237846
425.4046565,485.5517065
693.1712702,161.4635312
419.7272002,806.084167
496.8755152,607.9552778
495.5885392,428.0389907
588.9625731,694.6176887
752.8068755,567.4083864
590.4216472,615.2837319
620.1132375,442.6542573
734.2857256,531.0440043
515.1984855,187.1119817
749.5299846,578.8669271
474.9275628,636.2695533
539.9047123,672.8838049
303.1050399,414.0324453
628.3655896,903.0871515
780.186586,421.7702725
789.1577115,336.8451014
901.5874811,728.8146476
519.723073,367.8233424
724.5111857,571.2887707
428.8730455,879.3195442
779.9564377,303.2263798
553.8223415,549.4461553
457.8394506,942.7547254
659.0537852,495.3846433
415.0439223,238.2876147
497.3691888,459.0420535
410.2977854,428.2997877
826.9377053,685.7528056
382.1713774,607.6134336
605.6822352,644.0524694
561.8794203,565.0900678
516.6792966,911.5696354
963.2619731,464.9071652
412.5256984,259.5869901
359.3664247,377.3097965
338.9881938,405.1295773
612.9354053,694.4824846
293.545383,411.9042608
694.1632016,198.8971559
724.6564535,317.4532507
786.0638398,573.1544867
492.3838553,238.2908324
458.1981033,278.374152
605.4946919,656.4824277
726.2064155,525.3993436
599.5642118,549.7766124
528.0989708,492.8133629
497.506322,456.9819829
513.977829,198.3275061
501.6807209,453.1711333
943.78143,480.9940691
763.7067048,463.3137378
606.8733348,565.6632696
328.1238537,422.0240701
699.7268646,490.8187319
812.1996437,645.9458907
613.0531535,207.7915411
580.9628553,381.7756055
566.3338232,512.917673
626.0226698,525.0997049
720.0332481,728.7263711
574.0624205,522.9059973
473.9725888,746.4976324
552.0350704,433.3919942
449.4707585,644.5513309
485.3122961,323.2682381
549.2576207,463.4703371
517.1626785,401.2580102
776.6719666,541.8887465
456.7187603,584.7243708
634.5167054,449.4452799
212.7567007,515.2728274
667.9529885,648.883273
691.3139195,442.8461464
829.8324837,443.7561779
692.7387178,563.3335639
776.6651504,484.8599739
802.7661842,578.8628737
433.9066168,503.3685791
529.0778839,640.4360788
383.0126779,341.6145189
645.1280815,903.3507692
496.8699574,598.8898556
638.3989209,978.0300993
772.0618993,161.8872584
451.424435,615.2996112
481.8414353,512.0018748
537.9641439,506.2852765
872.4391355,513.7506897
207.005015,491.4153765
712.9414949,498.7374371
170.8416773,674.5363828
447.4749712,517.4486917
674.7723478,391.5976357
447.5974983,879.2900003
875.236105,588.522893
609.4788061,562.3049808
571.2220669,758.9475026
178.1442237,547.7558431
566.2415422,411.0446671
770.6758261,683.7080084
471.312363,481.903223
792.8749897,329.5856807
546.4389892,548.2164271
585.4111911,792.9157365
561.4534144,321.1761999
678.4162656,258.1013749
950.9473076,893.856856
493.4217174,633.4757117
539.6178921,354.2794495
323.7700162,667.4820769
716.4430062,317.8629163
405.5930252,231.3414763
667.215654,528.8497534
345.6628547,281.8674569
265.4822385,726.556754
396.0222227,966.3062694
570.3163045,682.8337472
707.7165753,328.1534284
638.4446719,733.8166136
647.6258417,321.412363
610.6017436,213.1083565
570.7514935,395.7711398
337.8868285,475.4659124
690.8709405,413.6183502
818.0335434,309.5201705
453.1893999,499.5746953
822.2350274,403.9071619
501.4615834,445.3333499
545.8717004,393.7750461
667.0370093,557.8567017
412.8525621,854.3915554
769.5214441,155.5892471
806.3887394,155.7719429
496.5435731,375.0935444
483.2962699,220.604797
474.2146168,586.7143843
690.07623,410.2571153
599.2096338,546.9218234
868.4676201,730.2085179
466.2839001,374.9330796
751.2417081,553.0669963
649.3053867,357.2984223
401.4133081,360.234551
317.7649172,540.5322344
767.1063474,157.8175341
306.3680286,708.0747467
490.6934643,281.6423257
556.3125664,532.9274174
251.4715643,750.6611701
724.5384506,417.2449578
524.8712316,542.7222856
801.4769611,506.9561361
708.7997839,561.3183733
548.7579998,407.259099
678.6341447,17.76223517
385.9252234,570.0427035
228.8833222,668.9087505
602.4507358,572.3368061
356.8360516,254.4274009
388.956401,316.1972171
485.0661184,310.274125
377.2210987,778.4762498
760.4055452,264.5423837
556.7488939,693.4606083
353.306841,305.2397735
499.7475829,441.2858775
539.552756,536.889434
716.1719157,707.9150133
498.8849948,809.0434461
461.2482165,394.3771859
777.9790616,540.8586799
439.0848717,865.4861044
567.693081,771.1487986
577.2523484,361.9012113
744.8657322,310.7801321
473.1169817,357.5353585
773.9622446,570.1579121
482.1097843,515.7756796
479.1251817,600.9222836
500.8167696,700.0172855
788.1432343,394.6234616
537.8045246,356.7528422
499.818097,588.0809881
561.7700912,710.8348239
465.7216748,689.2541129
393.8059047,418.4760442
641.1460946,495.9470012
383.7591657,348.8604841
599.8649641,624.236975
657.9179045,366.0847863
609.9969432,244.0803919
453.2441393,363.9858113
577.7428461,402.087078
661.8705292,418.2303117
631.7790145,587.123256
527.8426812,394.4424791
464.3222088,237.8691945
558.9146371,576.5694397
663.2986383,853.976332
654.7738774,517.539956
620.6658901,569.5621659
411.9515336,986.4611634
830.8304073,682.6210896
557.7973324,400.6987655
622.5015039,561.4804678
518.5271047,413.089506
555.3417728,250.3938856
529.8010168,473.3163117
863.4107688,720.7810471
751.5488122,531.326907
581.0531739,563.372907
739.391399,448.8284308
707.9258555,200.3796161
417.2668018,250.3729917
808.5012413,482.9065246
417.2874602,355.2342774
827.9016227,391.5386941
738.5146093,286.4203515
648.2566186,532.7091812
351.9720466,534.9378025
611.4868925,505.3889096
148.3916321,430.74255
403.0256497,351.5389708
491.4853435,339.4843286
509.4801918,384.7641777
731.032714,477.5279261
493.6758947,316.0541987
545.5817642,367.1675054
725.6349022,443.4111996
833.3261151,415.2169802
849.6870946,358.276108
487.8530059,730.2387931
714.8267547,583.6812037
502.8624576,584.5666431
480.2891213,199.5337496
554.1193935,396.2464748
549.3019036,412.3333368
721.3494215,345.2691452
299.0212142,816.3494183
576.7178524,503.5304855
239.0974255,762.9852175
681.4299607,328.0437357
734.2290387,182.5448375
555.0686299,566.8318416
757.7948606,365.188879
649.7766192,897.6435314
441.8118664,629.8966166
738.6818387,568.8033014
763.9414372,375.5513285
361.339726,616.0081633
281.516609,655.7436422
739.4561006,461.281247
378.1164645,566.2624216
562.1435598,339.5095892
652.9154031,477.974365
589.6394006,388.8046925
591.1119274,556.8158538
213.8644177,536.3660223
560.2051485,871.9679189
736.0484134,447.2119993
435.7262162,984.5361089
680.0567409,534.1681985
135.6179583,500.5565389
555.8249599,441.3919556
642.5330517,172.0652362
485.189754,317.0301921
712.9247166,491.3381111
468.764028,368.5644262
482.7727098,341.2262695
425.9725145,484.1389482
781.562742,944.0675903
173.6707803,629.8094266
724.9186904,208.6026193
829.0040666,560.0332346
480.8501631,448.3118514
719.6309118,299.2659302
758.7540291,263.9231946
502.0763609,613.9391919
306.0134058,660.6223136
494.5269327,402.411831
804.8910301,435.5349507
665.7937919,897.9741974
736.0361442,861.2993327
770.7501153,766.3795065
866.0761629,362.1010401
275.4567256,623.506944
703.5003802,264.3893154
653.6518238,460.1397117
488.8122943,613.4828912
300.399108,672.5382624
526.6041378,577.2154357
798.3351062,579.5783626
372.4578389,585.3572454
520.5428912,349.327566
658.1949274,354.6105752
297.0774848,641.7765653
786.54848,907.3664412
544.6998061,345.1150949
654.4111799,551.6017944
460.5935454,752.1263302
586.7901335,280.2267467
692.9966254,244.8951684
837.7260633,407.1030429
514.4222162,821.4822425
579.9684072,520.0802717
699.8177524,727.2268824
697.8982169,477.0793561
790.4817497,540.8449944
608.0342782,500.2888261
929.5760817,880.4604945
888.6729739,445.6228551
660.3143503,547.3084641
711.2360184,306.5021797
824.485007,543.1939224
910.7953015,709.0288851
854.7742968,597.5791219
639.48177,836.7960322
598.4869055,679.4543137
782.1737144,440.5751107
493.5674196,309.791101
707.9348289,465.8377144
768.3622085,288.8569919
772.0247023,301.8915764
712.2134484,5.405739594
651.0346675,534.5424282
730.4715074,447.5457367
550.3036623,455.3457231
701.2884965,387.8137391
771.8052951,358.7136043
335.2452537,348.3954079
510.1784567,559.6295446
696.7471007,238.8652042
977.1431242,913.9936559
675.6980346,553.0161615
484.3570974,524.3159558
522.635963,400.5019454
497.6351709,927.1803894
539.8066937,421.4138235
489.5116378,715.3790057
966.7896556,543.6382927
436.3683185,582.3432035
538.7409076,806.2649196
567.322339,491.0078212
874.0119131,691.8695628
838.1173139,422.4905252
784.2720745,272.0673862
496.3273119,275.7278836
409.2699903,491.5695731
592.1303146,412.7675737
318.6457068,713.5521731
792.946088,546.9428218
470.7831103,339.3345824
612.9641083,510.1511187
627.651595,482.7797199
421.5804761,612.710383
583.1191756,989.9803349
944.4788709,479.6445564
708.686485,260.2380006
471.5183774,434.8775676
849.1734667,469.3405469
526.5973365,446.1724259
589.7404154,560.9039856
817.2283014,426.0621403
271.9005348,704.2292342
917.0482261,515.8004806
614.8981602,705.144719
794.3057953,137.6404299
271.6875394,370.5356144
394.4967841,656.4762014
684.8083457,391.8412788
525.8489613,463.8181361
384.507526,775.8995579
753.3312745,494.518865
823.0587406,497.3408715
618.9301077,441.1406862
909.1033676,850.8227192
494.995214,751.4324665
759.9275714,356.1471086
744.3581715,318.0708101
451.4738863,380.6583697
190.4928055,478.8794655
458.923648,977.100741
437.2670849,540.0055632
438.2378036,448.2441135
539.3256638,396.6933106
933.2440434,875.0122986
894.580983,424.4953316
560.9553065,460.3771494
521.7250623,804.0521777
593.6682022,560.0919463
966.5725105,560.760821
558.7435277,996.4353217
296.881897,703.2081937
468.0900618,539.3180094
571.0018508,309.3201328
870.024668,731.7671988
738.2978237,896.601806
340.559728,276.8266492
508.3566851,312.1134939
772.9486962,438.4540718
579.4324431,595.4592113
549.8413583,873.991488
783.6497167,187.8199697
485.2049894,519.5487531
613.7847504,478.0510663
786.6125075,530.654355
517.98771,184.876549
404.5436729,457.7551597
513.8574592,553.5723975
690.2055433,615.0531056
786.3622251,596.9236402
433.7042127,879.8322583
899.0042561,620.1868491
643.3217101,479.5683774
709.6542075,232.3729637
779.6557603,458.7745078
788.2027675,592.3002707
684.3068971,435.3928725
590.2758102,846.7825179
548.9615424,475.1986174
693.2420989,395.016851
549.0162818,368.3297883
935.6904648,526.4225779
503.6211995,656.9695887
537.3506697,540.865136
471.7141151,517.9450041
685.5867573,659.6104873
436.9190386,564.4267509
492.8919253,420.0956516
445.9439598,372.220536
678.1110041,569.9508959
561.9320325,256.2231017
653.4643405,638.7504259
823.6352873,561.2689803
935.358283,853.1682207
782.2318245,400.1012223
526.1490244,340.6834682
851.4590554,560.2182496
574.9667897,373.860306
658.0898378,528.0270582
961.2633694,708.209721
377.9751517,304.7055805
535.8089321,474.5568002
692.5443584,432.0271455
693.3617946,556.4275417
827.245903,598.0231371
661.4566278,281.875501
806.3562313,428.3515835
496.4879947,545.1439869
560.1344846,517.1901512
754.3210636,425.1944188
335.4410963,347.9428681
361.5381902,370.9543689
861.5460925,577.1566195
424.8238702,320.0713751
858.0379597,576.3542958
579.2709363,645.4302932
639.0240201,559.8986991
790.48933,444.0978132
705.4757938,518.1561782
785.654028,604.4664024
475.9501296,439.6817524
392.7956819,414.3827307
403.8403894,436.5635339
665.5746993,873.7541966
422.6864255,444.9789485
802.3562077,284.4062055
496.3499327,565.6890526
341.0151109,962.2958627
637.5220113,523.636091
617.6189978,631.2120723
524.3103396,352.8906355
672.715709,422.5463118
223.414472,495.3652538
863.5745526,498.5033842
456.1240119,781.9113653
492.9684916,574.7370076
590.479218,636.9442574
553.2862875,452.6648963
876.9767112,588.3759675
463.2684073,401.507232
757.6481547,322.8736578
670.7627665,850.2200153
582.9308834,630.9975761
562.1161751,211.7156771
637.0983125,628.8791699
783.187922,870.6437714
447.7946891,502.6618447
567.126811,342.272696
398.6621346,335.5209539
329.1547948,460.5928784
810.1714383,318.3836537
510.7319782,552.7781806
600.5570569,336.3009003
476.4934342,382.0578605
351.3709765,405.8024845
583.018835,397.9491979
913.3160421,639.4764244
518.8279918,583.3167523
780.6589271,572.8575225
481.7514163,952.5513069
191.0194666,519.0869991
962.7117923,934.117042
641.9689089,469.6637748
864.3084416,727.2145968
865.3173311,726.9128061
361.1483627,936.3030189
415.5023463,523.5298666
736.6039273,478.8942166
774.3658543,560.5995205
515.9035067,417.8386774
595.2481854,243.7898003
623.1873048,601.934883
637.6342017,459.8574359
542.5858511,444.0852769
526.0398751,378.00646
699.3558079,226.6296631
329.6083351,643.101674
611.8453954,397.9105234
274.7368885,665.0528747
394.8351679,655.5221047
818.8527624,549.6547595
411.0437638,604.0197755
830.4188278,386.2944222
692.2818218,471.848498
590.0687022,839.5753317
714.1934611,535.2392589
765.9569391,550.9571356
516.1533097,483.4963579
521.8629445,759.1985839
825.6104762,970.1839166
660.7946611,502.6898007
573.3131014,544.6729978
580.1793503,485.0996264
820.3490036,538.2076268
558.3234842,414.8954866
279.5001933,716.3705441
616.2076821,527.7042483
834.298227,397.2635663
575.8032664,589.7489648
561.4152586,326.2394266
678.6733791,524.0774317
683.3866184,558.1870334
499.6996597,557.3892854
837.8691139,724.8249258
306.3549954,651.4776619
500.7726066,220.2826139
822.9709687,354.9020443
756.2216036,352.0797244
663.5267043,868.938332
610.6691117,550.6008955
699.6942217,736.3858045
852.2941839,728.052252
458.5778338,457.0424706
513.6053642,415.4959757
506.7893755,539.6377061
701.2890209,495.2586325
727.9185284,502.2845019
713.5917018,547.9893945
706.9236923,577.919621
708.4751224,804.6852195
541.8574301,538.6566147
518.3627965,413.0835722
479.947247,675.0811063
476.5800526,795.9588835
714.5342418,531.5695681
562.8151141,481.0167389
232.2810623,524.779047
750.241837,577.0487864
580.7423396,281.3538026
591.1164965,333.4062041
218.3912673,383.5509138
521.9484543,331.7132384
538.4494433,447.3207517
667.2388591,981.121532
891.6917475,524.671987
206.9032512,676.9016498
953.6980916,639.6375578
458.4532993,835.7904741
812.5872091,723.055008
686.8081927,625.076448
563.3345695,583.6241844
497.4788774,492.9584289
565.5785568,442.8866596
769.0710198,289.7573286
546.328207,767.174977
800.8345592,416.9346633
510.2035194,403.4732176
520.4938294,758.0327282
568.4141615,435.7126529
450.7453005,267.0379656
475.2928219,516.8827609
588.3838241,472.9410791
523.3428418,565.4044993
172.1831081,628.3402967
747.6348526,551.0081793
877.9657213,353.2321036
532.6106599,421.2047806
467.9213493,758.6807299
543.9176194,343.1632544
846.3661156,152.8852491
756.3475613,357.2552974
871.7984264,831.6487077
321.8200698,666.4007576
786.4512703,577.3610867
608.1447608,90.40155278
147.8382454,525.8642943
545.1735554,342.7577049
827.0497908,723.1397326
269.6853404,627.754872
760.7116606,505.2264182
477.8948627,720.187432
745.5918012,492.4941259
767.5509143,595.1072963
765.4312667,314.5059229
357.5826142,276.5617362
673.0231277,568.129433
597.5123068,533.809869
757.623916,532.8994615
165.5491347,746.114481
497.1736758,572.3286992
533.2857796,474.3638247
704.4041652,265.914608
505.0932619,355.6484143
709.7037187,513.4933402
831.8611386,195.6467002
436.2563079,869.2393706
381.3799476,328.9063381
784.1059237,528.384343
503.243042,364.2143273
534.6785792,436.8809741
666.0926716,514.8855808
506.2569768,544.7150153
842.618172,222.3113229
417.4286532,316.2931408
409.0634815,409.8828647
381.2239088,828.1923849
671.5127897,382.268951
798.2674833,317.7161789
508.4394085,302.6711258
435.3191759,772.9638262
550.1967601,508.243406
720.5592351,547.6983015
560.0042575,396.2642763
323.0393031,435.89725
437.633213,635.6962261
497.4139511,461.9155424
536.5359,743.0157355
501.622446,731.8314892
519.9872724,488.2591939
713.0398881,583.5254819
494.5152627,384.6999709
827.2115223,407.979289
790.0631144,538.469176
557.5810562,418.5142799
579.2451246,392.5441896
366.1076298,639.9195411
414.5666525,591.0996266
578.8758806,592.6856368
555.8336637,472.5682284
605.5822541,273.09762
487.3020761,580.9927089
473.6158686,611.9131574
441.0011714,537.9889936
553.7818487,477.7097862
504.4663051,210.7444684
584.2131404,728.433105
733.9103695,527.4733922
600.9803662,784.8571052
665.7640252,624.3843184
550.0914309,412.4848172
419.8688875,356.7905764
606.7966336,262.874407
772.4625279,782.7953631
498.4577606,428.1271836
490.1916712,250.4602235
660.5461615,522.24805
762.1902546,312.3836513
658.6239743,857.6728296
383.0977383,843.9013818
839.8929001,358.0821923
452.4031834,322.683482
679.1021714,526.6969977
812.9855457,580.6677051
171.2835027,754.1575046
421.6764125,568.7810912
592.8852065,545.6818363
478.9060142,517.1044655
614.5361668,595.5446672
912.9954404,848.1367108
768.1559544,467.291362
449.3871812,531.558766
497.6065728,424.4047568
773.4904578,460.741747
643.9052978,323.4292878
506.4164462,789.5153048
515.0195711,438.2520701
765.3672842,311.6627091
646.665265,495.5088781
442.5355085,513.0511637
255.8298511,718.923208
681.3488103,376.0713137
572.2897106,409.8728148
631.8101893,569.4190639
712.6724418,502.7740029
503.6719391,833.6191229
617.6650334,278.4416182
551.2723586,395.4025305
752.1973862,280.4287902
661.4258125,565.9294154
386.533769,386.3789169
540.7060144,562.8805018
394.9085583,486.7285942
596.5032676,534.292893
507.6146317,701.0413765
783.8158226,396.4482257
543.8444687,447.9400663
269.4077782,358.6684945
562.3173807,531.5594346
548.5239265,312.8162375
509.8362828,403.7375665
448.1431399,762.414523
623.3649608,566.1951016
296.0509931,675.0008948
460.6077471,549.3642305
431.6799622,269.6030405
519.9467646,443.7691948
462.6473978,409.043726
674.4194777,17.8582215
763.1739465,301.8992862
522.2220766,553.988979
563.7382841,997.3475888
651.7998211,849.2162749
637.1435542,543.3235061
708.7701971,159.7878656
460.2632661,583.3028579
556.1076006,324.8885977
861.3665939,613.2777554
733.3106176,518.2748761
225.1646958,522.3269452
328.748923,321.9099082
887.0708791,604.8285972
513.9975286,725.1925112
662.5341138,669.6972843
563.6833798,534.1511491
627.6576173,89.56446171
656.9847574,637.963689
621.0210073,466.5753926
851.5188433,599.4797098
553.8256372,446.7389208
955.5634271,712.721183
425.3448086,556.3261647
526.4435448,379.9045197
507.6773558,313.309583
795.9110809,787.64284
682.0400043,564.7880473
797.208064,445.501629
561.1554485,521.9524439
489.0641496,581.8448226
453.3039722,260.8750748
695.4319311,494.0447627
607.7314436,681.3587252
478.3082398,268.3476337
362.2015051,502.9878096
438.33368,342.3076305
569.0378975,512.8501858
746.7871703,853.5788057
730.5690467,506.7658559
714.2027191,530.7400615
634.8917919,200.6759535
541.8088478,347.3066923
550.533526,889.7899105
410.7878786,489.7864923
821.2701662,421.1882744
560.0424882,475.3418447
775.2187199,671.0122803
407.1092357,729.7547035
591.7603216,251.0982589
697.5793679,518.9570393
502.1677881,486.1503152
949.7381563,638.5382698
435.7598629,672.2658694
806.1512955,750.3261373
630.6817389,465.1501188
693.5264624,554.9382283
221.7593755,775.4964738
598.7225817,541.8970622
138.1824275,699.0141928
465.8813091,364.541525
923.9953107,492.4070194
715.4233906,341.9585361
567.6472701,640.0115576
467.5294245,357.7221913
784.6174093,653.9398346
782.758141,171.6503889
442.9780381,350.7589408
545.8795953,449.8705323
732.7193448,586.6420916
517.6963656,536.1175108
583.7671653,789.4612942
612.0149768,259.3903999
341.6276264,475.0882561
431.8179792,262.5200474
509.00451,302.329971
796.1306828,624.3930102
401.8415761,416.9106772
524.2761537,471.8485398
473.637306,437.6077248
439.8255019,435.1414778
706.0367607,270.5176687
558.763482,679.8478911
244.1864404,446.4187017
586.2981377,397.2255186
711.2547593,396.436358
700.6062011,547.3536575
818.3349698,321.7804708
477.1744264,404.1411521
622.2238368,591.1050382
802.9714945,241.2896635
574.7176159,805.8586388
673.0768335,411.5101402
790.5354555,250.2593292
874.2936549,529.2979264
609.8208602,508.8041133
580.2999898,479.1545748
748.2934636,346.4274374
469.1305156,274.7648027
439.9315203,236.9734544
755.2320692,356.856601
529.7036423,514.5234904
837.2340226,457.4801758
624.7865233,648.8101236
486.8972829,268.2746724
264.2527734,712.9234564
769.2025203,291.3260804
823.9194111,386.1706679
620.8594856,569.9463828
805.4323273,557.3887004
750.9669772,426.3981133
657.7059877,474.3233115
788.1252425,294.0258788
443.6311811,839.0525259
842.268268,725.0090632
534.7549957,473.2830069
764.1129661,322.3174218
626.7282453,476.1954211
690.7740005,444.7144115
698.0752287,192.0230177
628.3445118,488.6511833
660.3392032,570.5375115
550.8186984,250.4827889
444.3389138,366.2955216
228.1357259,425.5830235
707.9453603,432.2653353
745.0478674,448.8812296
528.6941835,391.917416
847.2279996,351.6985997
447.3595899,866.430172
700.1202575,439.7142006
785.3604065,338.4263478
717.9780774,167.5654747
571.4866558,804.050339
488.5879585,285.0975203
752.5837231,534.8205671
785.6997791,527.6537687
906.0656135,869.6201818
563.2420637,194.7534047
655.9187765,416.4865112
708.8704029,382.0168458
759.0134198,276.3477832
366.725014,301.6935445
527.3399892,329.3386318
191.5454236,479.8506742
768.9313099,477.4215347
774.1641693,923.321275
547.7280624,690.498028
639.6585422,635.6374308
865.6865301,734.3461263
526.0584662,759.2527199
461.5665111,783.4330015
550.9619138,550.7067856
445.9637643,431.3613003
486.1711989,375.045593
689.3467004,24.52557335
562.5733258,576.8332872
465.4669582,706.8281154
835.4177788,556.9420527
556.2993684,287.6224789
745.8545625,524.7055843
807.586865,645.1566465
761.3405499,302.6461367
400.9357388,362.5595556
365.1709772,356.1245851
490.6241187,658.5656696
430.5459989,443.259761
441.8961477,257.8582332
495.781071,285.417405
746.6341576,512.6527181
455.1828352,639.0156106
789.9883308,690.170705
465.7770734,503.7218731
470.5604223,797.1349981
547.1855218,337.4354989
760.7675086,258.7456993
511.461358,412.0774081
541.8418802,555.9519141
884.9536134,440.1183085
658.0638314,590.1987676
661.1726089,572.4255631
466.2012067,903.749967
807.723399,242.2438646
303.0594836,710.3487285
527.0004968,363.2583503
949.5365462,896.5503026
642.0345992,538.5150797
842.2847168,588.0253687
712.6719624,147.8797729
586.8532322,735.7638365
799.1286932,315.6740352
464.305026,376.8009686
562.9614155,469.1997642
497.7886631,430.3527335
492.3811588,574.6027646
569.464922,483.3655833
787.0618383,894.0558907
818.1435915,633.4603547
713.1665648,514.6809256
814.7627197,476.0231304
266.5075767,754.2591532
443.6038564,359.5253929
445.8118002,636.1499778
876.8738239,875.7412223
832.6432504,405.6599885
893.4585999,647.3591296
660.249409,569.8355619
789.9915666,560.5964909
784.4667935,683.3930337
419.2528816,650.5474261
295.8073172,721.354228
511.8056891,222.9756427
517.5427686,561.3310141
480.100814,585.3465895
967.1389154,594.0151958
615.7800134,260.3148272
763.9932554,903.3670037
472.7231993,508.7901771
641.9236073,469.1976748
567.1511247,581.509163
577.9018961,484.3792274
495.8125904,562.41062
716.3383811,390.8897312
392.6337407,406.8491826
649.6848625,606.8942674
642.1626542,849.9562096
553.4507305,550.4266826
784.8344795,474.7566081
707.9877257,418.2245867
809.3042062,773.3394349
350.0690198,335.3541583
896.3055,477.3662913
522.9414942,382.3014618
645.5348372,533.8390786
429.5933619,372.4712412
788.8980512,299.3882428
431.9721904,579.2458161
464.1809709,448.4385725
421.4282723,445.8800583
731.0351409,546.877236
497.4298157,590.9953872
470.0615654,827.6971172
491.5685762,584.5759618
714.2844538,509.3461415
777.7190268,300.1100207
587.1342699,345.1299713
479.5963693,402.2321231
436.7944292,559.8742115
230.4757844,797.1242169
456.3501604,584.5937842
508.6279404,565.9782653
458.0991409,639.6716565
721.6969435,295.5236751
526.7919956,802.4630753
400.6545662,405.8235455
474.499909,777.8639765
514.1718289,559.7554927
582.2948183,784.3864713
494.3853202,572.0468204
456.5019597,550.1749327
496.9000985,549.9588485
872.3580301,430.6658696
570.7618602,569.4729701
611.2883085,593.4319232
390.1718442,362.1720792
361.4986861,294.3365285
649.5354601,468.8748649
582.222896,323.6069482
589.165082,546.1699793
790.985011,144.6616608
748.0659968,428.0669884
823.2558714,529.8069632
637.8283664,474.0460084
693.42747,380.3548448
484.6522319,496.2952389
581.6779884,466.0787459
473.0940912,351.140943
698.6930772,712.3050194
667.8531122,532.1748211
795.9270204,966.0976652
610.716196,596.6113398
577.149536,910.7310609
587.628318,269.1688873
455.4522928,650.5125334
735.4031951,462.7892813
769.3470539,447.2218821
364.3222613,528.9488738
939.0359372,885.2758367
870.6420521,416.3801615
580.7395382,549.3277081
252.0663875,806.0004453
492.945751,585.7890167
494.6203972,418.2606495
776.3814161,401.6166112
263.6800317,428.4861608
715.0676741,515.7257433
584.0996467,282.6250887
696.8685192,542.7644912
922.2982234,590.6902744
591.4782801,755.7276145
677.7652947,381.9701272
796.9228617,444.4577724
779.6533184,269.6118368
868.9440809,609.0174165
535.141887,397.3107655
554.301364,657.4538244
452.8690079,622.4212161
787.0562205,117.8191897
626.3735026,591.2570827
540.8453947,364.0322583
452.3238906,217.0133537
481.6647081,393.5983051
653.8420036,549.4545964
502.5487919,341.4222329
529.018875,578.7132947
495.6511135,432.3570384
662.7626592,445.4159224
602.5119469,657.9441612
571.5295156,570.816131
432.2179636,661.9084343
670.2955038,566.8597767
546.0898642,874.7037383
605.545057,536.0524056
457.640537,550.9825216
849.4716423,426.0286474
466.6335943,504.5154214
495.9522703,219.4343238
435.8469456,500.5610311
752.4550989,247.4895782
746.2536481,283.3922481
497.2913042,759.1653836
850.4344212,625.0571838
538.6130923,382.407519
699.5569237,228.5427246
544.4933422,748.5378956
686.2345672,543.2822616
453.443757,680.2055729
649.0160047,563.7708721
623.0799232,632.2849296
584.5595839,728.3085359
526.7811346,420.6079478
450.0464214,636.5370781
757.6290993,265.7495257
505.2765956,698.5253604
489.4288545,515.9056184
744.1938483,528.1395507
629.4708948,907.5527934
654.3483809,533.3613826
250.7818534,683.1093997
826.0174715,405.6161532
911.2336814,710.2422117
576.0920491,871.2146122
383.5994415,568.3762312
797.627718,567.2525601
692.6861955,568.3656171
697.9922656,507.6820093
722.238001,725.3568622
517.9096906,577.329328
623.3604816,273.1861054
301.4164616,661.0757728
405.9023015,242.1167882
447.0163824,621.0707424
401.5843427,882.1018733
558.3456706,549.7341352
666.7917155,362.4233068
532.1714261,517.820226
785.5746004,317.445708
384.1324545,444.0191688
753.5390566,357.3963308
750.487011,632.4829405
354.6118088,281.4102787
987.4852674,936.8195148
471.2547772,495.2441113
552.1063036,780.3840251
548.7126682,312.5736182
700.2172874,554.2457017
675.9712673,306.1232698
413.161389,850.9716088
523.3353365,411.504269
442.2559988,562.9313574
427.1879727,582.5689824
495.7017033,595.9905001
523.3751702,331.033269
738.5708018,461.0831316
576.3820753,457.6404316
797.3358343,650.7974001
445.4583008,601.6378352
212.6371997,461.920933
805.3743221,978.5193078
364.3350698,355.4779205
466.9966962,256.3805995
424.7506595,417.7997731
949.4252546,892.3439325
485.3902106,266.7296978
917.7180426,438.5990333
830.701079,373.8176825
492.3888439,789.504628
519.8622286,581.7257904
599.372384,272.7111047
813.2295661,370.9702064
626.5370917,563.0889388
420.5306145,261.1730838
455.8605316,645.4951895
725.2103195,706.921281
653.2772317,606.9390011
825.8426619,453.4464306
464.2054793,377.0700605
725.7331905,912.4351421
619.4869998,775.2307668
546.6557597,475.5106879
599.1679576,675.8837434
506.4370596,433.3589819
501.2728567,419.5988168
906.6627287,430.260508
886.9580895,487.1075041
645.3274146,475.8189348
670.2442699,525.867512
591.5262932,705.4804623
486.8845643,314.6103503
692.215757,494.2898266
492.2050907,850.6566549
663.8297487,624.4467701
481.1758732,608.1863011
494.1565352,280.2656093
601.0512249,303.590267
429.458371,496.998672
479.8918634,504.564522
789.4557823,926.864161
860.0570869,500.7163142
396.3259861,431.8229499
712.2040556,581.2836766
805.7550863,554.0743304
705.085442,543.4530897
678.4963373,440.3832634
250.1279763,738.2791423
684.565269,550.3990819
494.9450737,392.8829206
417.1715696,582.7622296
806.6840238,559.4201882
744.3257683,289.5793339
330.9110858,509.5564589
696.9147796,420.3983826
954.5544627,906.9609543
792.6616946,291.3545169
934.7465915,545.3896359
857.8246347,521.6076954
706.1457152,261.0727933
435.8487583,762.1863622
798.5263796,387.0669513
719.7341737,480.9831625
443.9929648,250.7546596
411.5588298,350.2586585
818.6696534,424.7534751
432.973994,758.2696853
465.4483821,904.5552994
552.1534478,556.799285
603.9420784,536.3922022
523.1275843,404.4906434
172.1487573,687.7325812
356.8122772,305.3646978
786.6416899,404.6839324
560.2469896,458.1211572
598.5839204,394.4334321
501.122885,786.5040836
411.075388,459.2208839
652.7214631,568.2409226
479.7291132,521.0665657
737.7644063,519.917822
701.3825902,562.3860489
915.1011859,420.5920058
601.6630212,585.4557599
538.096708,369.1104869
437.6431152,424.966843
431.5833367,583.0894482
477.8198544,728.4272965
723.6061274,503.4069611
668.7059479,317.1600265
745.2878281,32.40926048
572.9002486,523.9849137
287.3388087,297.8977176
433.6011606,631.267044
656.0414983,526.2446459
381.7420609,594.0469962
583.8190285,470.5660128
169.8615957,742.5001172
648.4182153,611.2851302
727.5073834,699.3943772
772.4170315,216.9145676
823.5394709,307.7152138
458.8200116,432.004601
551.7973269,701.4464246
878.9599597,741.4928248
541.9104168,881.1584744
475.4910614,886.3369725
403.9132256,428.3717252
507.1160294,794.3000165
430.0225737,607.9628414
789.2148928,171.6986536
669.3894718,512.7609691
659.5537507,503.5439203
931.0881725,891.4331697
176.1196735,745.0727765
710.8323188,457.3228869
434.2985566,776.8156069
827.1244845,457.9592508
807.4416871,636.6153882
440.3435641,521.0126387
767.9225552,124.4171949
383.6485482,829.952984
721.4590502,322.6496757
593.8589213,540.5057201
570.3803919,523.3601668
401.0318848,409.9303773
769.4696859,313.2136594
443.9960358,630.1932257
539.9386736,517.7755759
421.70937,583.6746848
678.7729857,372.6776098
631.2438743,472.4208223
909.2697731,861.6981336
525.3379999,463.4963918
424.024201,268.5345083
505.3964261,389.4301707
404.4431225,413.7836832
618.5453437,543.8832522
475.7725934,610.7557219
581.1108795,279.8368257
582.7008549,233.1570471
887.9058428,518.0942697
693.4100924,298.74536
258.6184314,746.4554895
404.7738661,848.8320371
395.6590308,346.422005
400.2484098,855.2838062
642.2579763,743.2163164
749.1485463,908.5765919
829.0098491,746.6753763
336.780999,393.6030689
430.395428,642.7660561
499.6074535,229.8579714
235.1579388,819.1742873
706.6675975,539.4885241
683.3106813,386.4413686
669.873393,714.5060399
622.70232,726.9202234
631.3391814,461.6209392
487.2675756,376.4400901
604.0755413,614.5008812
443.3889584,510.6540754
552.5681133,342.5772447
649.1944996,412.4115843
795.9028266,452.004588
490.2606872,514.0416992
550.5849397,302.6239893
682.2709466,546.7070974
483.3911875,520.4040009
740.1541558,293.7627835
606.1571979,641.8448882
451.0975564,387.3856033
688.5916587,617.2523292
549.6012178,845.8482913
462.0638101,255.7637504
499.2148846,667.5259749
552.3623984,669.5355659
560.6922906,517.7989143
776.584794,424.9313235
763.2934924,265.3093341
618.105211,440.4833031
704.0369735,552.3959068
724.1824795,39.74314693
465.6205702,402.2178526
277.9422466,715.3680782
700.8354805,325.0093432
492.4761813,427.9063565
204.2513397,740.3357654
839.3138365,722.8581044
370.8424113,421.6683732
459.2537924,252.2984224
595.2518407,684.7954496
593.1559075,374.0827418
98.71626733,626.5656778
467.6340347,846.503
514.0770312,535.2092135
215.7303674,413.0651438
569.138313,374.8744933
660.1179684,565.3640697
768.421577,657.3742398
762.3616936,367.0657733
481.0912922,405.47092
496.8721296,432.8352568
499.3809305,619.5416471
877.7934584,626.3052151
447.5595971,640.2496639
583.5270698,483.7503435
780.4866192,422.5170813
756.4668225,568.3188984
870.6183676,714.1888504
202.3264111,525.1716424
507.8293649,408.277883
789.9228502,533.2574775
571.7326088,312.3024996
846.9291648,637.0336621
588.2128495,395.1260004
871.1227974,720.6072521
770.4442995,632.3820442
449.7083971,217.9056046
883.3249878,514.5825156
622.6253642,463.6951967
472.420889,443.7012271
492.5258872,395.0347988
590.0515044,531.4556549
886.8627524,496.6511238
500.485996,541.0046025
359.0440403,709.5020054
579.1058641,381.432424
630.029315,595.1767056
342.595274,275.4204934
509.4940639,726.4542697
272.3493712,622.4949923
721.1033487,295.1280292
767.8283267,630.4893333
387.91385,375.0928967
392.7100373,661.1647806
163.9310855,719.7374203
508.4527413,401.464713
607.1147036,731.1819622
285.3332091,590.6555279
447.710183,412.3783631
634.6455243,466.3376415
769.2967488,453.3708994
522.8875038,401.2807636
874.1372266,351.6389687
726.80019,206.3960829
668.9301938,475.0790419
871.9297771,428.9966184
752.4256619,367.2675451
387.1295959,596.4901346
661.3242135,505.3128351
460.1521394,272.4606084
782.5231989,398.2192927
447.0884545,498.7798516
722.3995678,448.7736889
443.1907639,217.8892656
458.0846096,867.1921915
976.0365157,915.0804076
476.2599752,782.6067752
798.5054516,274.2114291
865.1316454,522.0625754
715.9174537,398.1304729
827.9852299,470.179017
300.2797269,617.4478956
756.8126667,324.64859
438.7008417,890.4979403
968.4916716,554.7559713
396.4539811,809.0651339
601.0719132,658.9663091
482.7941322,337.7780953
615.6929157,842.9388023
955.9127917,499.8527506
383.3279915,791.6419223
543.2847602,570.7620995
521.2922102,805.3286873
626.1577807,553.4988512
764.4514248,292.3887415
487.8685259,587.9406024
469.7576372,495.6658327
616.6356953,921.2676606
684.8046604,561.8441461
456.1234726,397.0514938
501.2303415,247.3623556
184.7911254,687.6877012
572.246731,634.950086
194.710184,516.0060342
668.1005033,892.847328
754.8270064,353.4174111
433.6867303,410.6683689
634.9673395,895.0865215
441.2540005,285.2305514
580.6170411,896.0394063
623.2930535,559.8700954
545.9949316,742.5781139
411.2707961,583.6295541
685.8742217,568.471925
604.985723,289.3765801
626.468615,536.0073167
481.4183057,689.0246357
630.3470704,556.898677
541.8177313,310.853386
631.3375785,442.7098141
727.9144986,292.8718281
489.3522433,276.2135193
763.7013866,302.4953458
548.8479139,261.665698
799.1073008,538.7466254
207.8171181,526.5317692
430.3358498,644.4417009
939.4995596,603.4686585
498.2920442,585.9720259
338.852304,320.5655772
744.5131317,266.8080915
664.6754385,537.3596709
769.0779259,657.7081235
563.1879984,559.3924621
803.1826923,815.9742693
730.364036,316.2474459
659.8977223,491.3993301
427.7293298,514.9754661
577.189055,297.1830017
520.6667215,431.763883
347.0145622,669.9247765
535.1145472,480.6841924
614.6972691,405.6229855
559.009405,377.1995814
793.9366411,648.0686846
596.3029008,202.5149255
870.4534302,797.6302241
766.5196587,374.7266902
832.506252,417.5027252
218.8971202,506.7966325
515.603069,423.5846106
767.2170996,438.8902726
549.5699831,393.7487616
560.1206724,352.4420028
366.3919633,337.6877294
554.0420333,787.4483601
420.2887213,942.1797685
402.3310851,406.1167906
574.3108602,350.49081
698.2253951,228.7418639
498.8161885,569.1563656
662.7416863,397.7771998
859.1225017,395.1572994
583.9079988,690.6810581
283.9857111,581.8547681
521.110105,675.7833276
714.4605667,166.273838
472.382883,333.1233432
759.7190701,456.6588804
813.9872893,218.9593022
551.9481075,692.8984803
433.6122313,513.7826782
487.6053751,235.2398293
297.1133037,633.9449248
705.2259908,507.7157946
410.8469475,356.9829043
665.4600371,937.8606552
492.4401827,711.7621555
461.4410629,475.4868689
895.5279873,917.5200358
411.8551778,893.0803153
786.3733258,323.6690238
980.252516,950.4380405
817.325601,538.7182933
836.1849249,566.5988961
582.8673952,959.7336085
595.2515561,534.682605
786.9810025,292.9935765
606.7475719,291.1488379
473.6701437,494.838708
758.830191,313.4037725
764.3852701,479.9546838
514.8687456,535.5959168
801.1786057,241.3975802
589.3104546,547.469096
616.9111303,528.1070607
632.2828,444.0093904
497.6606082,670.571065
505.5824863,615.1071789
721.1723947,188.7268671
449.423809,369.6916701
544.6257116,540.2421233
961.4199176,936.3320823
712.9630372,626.2436618
535.9621396,554.8586436
460.1448138,576.2466298
660.0472596,483.711481
459.6925169,460.4138808
164.5131902,533.5483617
543.5291252,515.3694405
445.9195862,559.5888434
949.538988,506.6384452
435.1525158,534.9641705
530.1661561,669.7932497
703.0927407,380.7546277
793.9257502,932.6541802
258.7119109,684.4917575
320.8379209,331.7618584
239.8738746,646.1494176
334.2945193,324.0088623
493.270727,229.1316804
739.9289361,907.7443482
645.7854341,859.5703878
394.724116,422.194543
833.1777015,397.2096393
268.9536835,720.3325189
422.6563892,258.2562819
170.4023236,557.6111572
471.0767917,595.1779802
405.3858123,599.3929585
455.9255628,584.3270116
950.2494921,894.3625497
725.290586,401.3881997
675.7051803,443.8292228
697.7045915,423.8205857
322.3890364,489.1661957
642.3703464,471.0724797
506.6545043,438.7684197
428.7852137,624.2661219
986.0711953,924.1410033
652.1902628,508.2009289
519.4401477,217.867933
557.1984045,240.8516867
592.5932029,547.5654375
605.9876165,490.0220286
333.5747122,819.1781109
518.834808,608.4758898
483.1894276,416.561144
832.4106452,405.9995135
803.8796089,328.1417278
587.5862073,535.3033194
610.7470862,741.4944545
437.8393323,525.8105972
565.1617341,386.1158634
563.8466694,485.4405512
663.3209595,554.2724041
845.9479147,360.3422379
555.5780632,671.8851835
734.0297955,441.0988776
658.0699285,150.0396952
617.4353196,934.4102036
704.76893,550.1928596
693.2547277,617.7806301
615.9599165,597.8964786
877.9677138,510.3050228
892.7359914,539.5892324
426.2897006,387.341977
884.6879908,537.1427092
583.8378742,520.9641023
903.1269566,729.1762783
511.5418342,449.0023721
784.4101964,680.2393582
722.5109792,412.5762696
675.1811409,383.8766489
967.7126908,559.5103034
447.7213586,542.8100189
528.1576052,491.1980596
570.341502,355.5692057
656.6727396,391.47081
428.6188981,570.1721409
710.8828936,536.0999809
239.1638798,445.0662221
515.3119343,541.1077972
468.3002409,245.6307362
775.7266102,451.084423
713.3408801,265.6402718
645.8109912,626.8924576
581.3766968,687.7911048
214.464649,490.7633423
474.8821263,311.4211972
512.4270131,415.6714005
914.4117447,634.202922
816.5523128,609.7078119
300.7532215,663.7051589
867.8627748,620.4266478
643.6917331,261.6781089
538.90968,817.3035149
570.6799607,641.1179913
559.52137,902.5421773
633.7882394,707.9879119
655.2041527,885.0949796
470.976451,443.5229817
590.3338304,691.7631296
767.8424385,478.2362484
614.1134567,553.0687305
716.0910349,511.4163247
709.0087945,405.6363366
622.5896802,552.7293935
390.2100749,488.4205988
864.8446154,806.4586474
462.2808953,768.1968324
297.1698558,676.7839966
565.2916617,648.6444563
694.9854017,549.131891
719.355387,501.645965
639.841711,316.742651
385.1619424,614.3709842
504.6585972,549.8925106
319.8543038,852.7795116
795.1070374,817.8920528
444.2504678,384.9046889
818.3431942,384.7518295
561.753957,723.8566422
476.4931945,270.769732
240.4446238,520.4921312
554.1220451,202.1196975
553.065562,523.1040709
572.6143571,589.8961411
384.4685912,324.3046564
569.6266086,457.4195209
786.4188821,323.8671184
531.6557609,175.7221608
860.6459328,604.6250076
625.8674549,536.3202438
709.1948846,542.3770566
482.75698,599.7809991
581.1137708,321.6815176
425.4695678,746.4283902
665.4781787,501.9916955
878.2757017,741.3879795
437.1464005,715.8914064
478.6743529,269.4591237
607.6304138,685.2604421
703.1831342,479.0376319
480.6731063,807.6067643
354.9864608,406.8398013
925.901918,664.6840356
525.7769341,448.1614783
475.8951654,774.4860683
492.8264897,435.9958898
604.127794,561.392839
417.8250422,868.8435784
527.3650369,447.327981
617.1877936,471.635548
573.9521177,545.2901185
856.4476398,727.1431607
718.2983346,548.1304071
643.5595285,669.351721
700.794733,278.0666782
566.2817953,518.3101241
535.7207408,549.6427873
433.0235202,410.6694971
915.0214887,464.67259
505.5385928,664.3354009
468.2881365,798.0943391
628.75708,588.6455817
656.3122743,533.1253031
775.4737662,421.6079691
638.8815687,624.5021388
489.0869053,415.5220513
563.1538874,393.5295016
539.8138095,507.7195973
780.6828812,402.2522021
565.0110584,444.3703943
734.0709175,567.4430075
680.3855071,357.7841624
690.8011006,304.4731365
458.0429183,618.8729604
884.452809,589.7056728
884.0343384,510.3971855
444.7950608,500.2728214
559.5940863,482.3754448
508.202369,492.242752
324.1489227,422.0558705
693.2994001,2.833727959
649.0556885,508.5029076
862.9293643,789.6120015
402.0465718,421.8023864
293.5250991,381.3130575
405.1859549,853.2213955
774.3537799,589.5683375
433.6656225,543.8936156
553.8404831,714.4257866
490.4682446,381.1812173
504.5156215,425.6099347
279.5090169,810.8267777
969.0596644,567.9540292
272.4638537,719.9953758
484.0349976,253.5699592
443.9602769,796.4782627
808.325383,555.6050554
546.0793328,469.7276472
580.6374448,483.1321573
553.440289,468.0370843
482.1808228,702.2547657
861.8509345,664.9905066
598.1334062,254.776349
491.0978231,620.9816301
598.4817372,338.0950758
652.7582706,822.0707386
895.4898614,541.8856333
464.1949928,504.4114746
575.7468341,544.5289139
630.7053934,437.7106478
611.6529834,648.3156499
298.9983687,587.2149173
337.5376736,578.8814274
445.9506562,618.8132876
831.6566822,444.8601461
830.3188318,250.5645883
318.6619009,764.284982
585.8986327,482.4509761
626.7078865,435.6517891
827.5052936,738.2667104
460.034556,629.9822814
676.1993333,363.1441027
425.2438688,222.3722911
645.1343434,537.2954432
351.5636731,295.9645353
464.7975311,448.8191957
434.4519289,244.8564312
510.3767561,491.6918439
533.9405706,479.4179835
486.8895229,488.6630301
483.0724134,768.263045
276.8798162,366.520214
800.0821691,453.5245736
479.8934963,366.3299756
476.25232,530.3416994
528.0501787,486.2315505
775.2152894,766.8629483
626.2745252,741.528616
570.6946118,508.8709945
492.2462726,696.8494022
786.8631494,549.6385667
370.96753,637.46652
664.7019693,327.9980617
337.1310228,511.1475881
627.6173192,440.7730381
112.4439263,480.9262894
551.3352176,443.1172441
565.9055703,415.7972232
617.6490491,271.2258447
823.6827761,177.0434459
485.0116786,677.3830858
837.5404975,412.3120251
592.0432768,607.8430361
518.4093864,431.8505298
482.2623626,354.034093
437.0449812,477.9884683
468.8746754,502.4839754
273.7269355,678.2972125
416.7754652,435.5192594
518.6262768,451.8492632
775.1445206,396.3292562
818.5463324,498.9291172
403.4176943,512.5088848
638.0431895,794.4929503
469.0405416,488.906527
614.400277,246.6164452
554.0246706,551.4517139
549.2875671,797.6679375
506.8816715,201.2928026
620.3984249,484.8751011
798.8476405,380.8716959
542.9185123,423.8238451
524.3043474,307.4143633
314.6448142,324.9061276
498.9880919,541.5255488
546.3912457,557.682635
669.794984,515.4185202
748.6784523,426.7187712
745.4644654,512.4620826
499.3791478,437.0902469
740.3531892,574.045672
631.4639706,637.9781058
547.1845631,738.5733903
945.7829848,898.9972228
580.869196,384.4616139
795.4867979,568.2425941
780.0083308,564.5842696
404.3118916,295.6069789
700.9330198,266.7528273
476.9597531,458.1344248
418.0645085,569.6326408
737.7211271,515.1357219
470.3643251,383.3982843
958.2231884,565.2414855
721.8857302,317.0157753
328.4361262,596.0891399
846.3327985,248.6533864
699.9823303,546.8801193
930.3528454,986.234298
510.3376565,836.367186
813.8009895,477.4553409
479.4919989,515.2437013
519.1462116,500.0139884
873.1871063,806.7523104
624.1023403,439.2330571
805.552053,421.0652724
523.3340631,184.5434384
435.162418,457.2523493
499.0548009,573.8506488
500.3629596,454.8421814
518.4607402,451.8897972
765.4841335,448.9097915
516.3922517,228.0688939
448.7114473,632.8610147
647.3937609,945.423392
510.3876171,418.7290687
579.1003662,743.8282554
353.3799617,985.4763111
697.5290627,433.3431862
637.467167,639.6523924
412.9524833,392.1675989
386.0156768,238.7891088
268.4309474,645.2165492
449.699229,901.4143275
365.7125141,535.1668199
541.4394989,307.3025394
372.3346377,747.3772424
590.2000828,754.5467988
404.1855745,592.2843495
581.5628619,318.2515628
579.3053619,526.2138066
732.3397192,160.3863281
594.088785,345.9456044
681.6692322,414.6781697
225.9020303,563.1788032
450.9445886,518.0587293
763.1276113,321.8849192
643.867112,473.3798499
502.1123295,551.6568706
724.1460614,572.2505145
433.7161524,897.8688924
826.8950403,512.5725066
810.7727781,607.9773417
325.3970688,484.1599465
796.6892079,618.7674047
448.4010624,515.4157413
642.5985173,703.0868005
562.3381739,187.3928577
481.2724088,415.5902279
435.5878246,503.0443275
484.7213079,790.5764614
524.9969795,563.797282
563.3352436,488.890188
770.069258,31.04978145
862.8924519,284.0290089
454.3027796,387.226037
339.3252893,317.1515436
918.6679231,859.8148667
572.0618843,353.6578575
195.3341446,511.9440197
792.1654293,302.218962
581.5918045,529.3741263
546.9319587,892.0787269
778.859252,858.5455029
671.735163,164.1815282
480.7916934,522.4676026
599.2448534,347.4032218
376.4119018,506.142091
329.2747152,666.5181602
403.1329714,886.5920237
569.9560339,913.201215
825.5510927,658.3279812
567.276543,199.4750588
531.0620312,489.4262197
560.1379602,468.896699
788.3370844,396.3141917
435.4872293,630.6360081
820.9383589,510.8496209
579.8343151,348.504432
595.1110073,563.0433066
828.3457552,269.7553985
733.8241257,343.5196199
645.8985234,493.9120032
810.4909614,551.7910299
401.9342316,687.3536086
456.1075182,490.3163184
759.2297859,278.5145169
864.2464815,614.1752297
801.8828928,150.064726
482.0366336,594.6536282
955.2776105,903.5353454
519.3934978,426.534174
556.7659869,580.3997415
862.5004672,467.2509951
873.065538,557.346077
232.0223308,506.0370994
510.662318,537.9418571
737.0508911,283.6936
506.9673161,829.6869009
580.2065103,477.1003962
671.5396051,375.1678638
421.1116555,972.2637528
547.2188539,766.8471108
536.3643561,348.6485578
786.9654675,663.8578929
734.702818,504.7675057
790.2524853,557.1117734
659.0116446,894.2056369
534.0022461,394.0832721
882.8845706,544.9479608
630.8020638,478.9837258
622.2932423,464.7847899
485.2325239,422.7823287
736.7587527,89.94439541
514.3737087,753.3103218
388.9344993,481.0772475
546.8296406,467.8570003
786.2297958,453.2828527
909.380765,845.7188331
493.0152614,303.3428629
519.5299569,542.1656317
666.3130675,370.8913112
326.1251153,307.5298227
709.3592827,270.4288071
302.5266205,430.4220175
563.936943,257.9469276
409.9974825,397.9633639
682.0158404,399.5861681
504.6396616,823.029787
683.7742437,389.2182653
752.1001765,553.9200085
523.3949447,335.3641456
396.0524537,700.3329706
430.2815448,522.6212559
427.8882599,331.3186581
442.6549196,749.1422501
457.7854602,549.491098
777.3507566,397.202619
536.7012718,560.0528957
528.4650539,180.0836051
637.2855411,472.4167898
602.0688032,495.6539859
609.1881658,506.6146471
392.3485683,534.078355
464.5736597,642.8777337
832.8601258,239.7763222
689.9341681,472.7299259
463.9886488,486.7952247
540.5343057,714.405645
559.8801874,555.3268329
413.4796687,439.0652795
965.0435515,521.852634
453.6432848,544.2861483
396.8203488,315.3531684
428.1714848,726.792165
835.6351037,723.3867187
584.4069157,526.392052
478.5532939,416.2514972
744.4501529,903.9983949
483.6542334,449.0532695
489.5546024,688.4749186
452.788232,502.061669
432.6723129,310.1261756
625.0834106,758.6250687
488.9532176,513.4017625
610.0039092,623.1493249
693.6608242,507.8713911
650.392745,515.9116985
622.6390416,566.3343591
392.2691407,464.0953975
440.4703007,524.9385507
401.1725385,492.5100888
652.08387,239.8738129
395.9955121,763.5148557
523.5027906,546.2166561
397.9498478,245.1101034
189.9949672,516.7428557
495.1235836,502.0511385
487.2907806,314.1539243
541.6703663,538.6108154
829.3104816,391.843013
468.3430257,400.7827587
601.9619159,186.392314
718.2761632,473.6056288
704.830995,515.6431708
778.4835363,688.3533373
480.3587066,407.1689839
326.9838533,598.5876261
460.2744118,979.5484134
516.0698822,637.6995908
494.0908448,430.4531493
612.3601468,485.601601
779.0683225,504.7467581
508.8686202,485.5519572
329.1696556,808.9705056
422.257079,479.0743633
518.1333972,386.5726028
221.0423698,390.0758741
445.0317857,491.6111728
596.9519092,673.0321512
195.9565024,655.7843016
802.367593,452.6308811
653.6705347,499.7309604
621.5685066,798.4091049
484.2939837,612.7197017
464.0634924,409.5786921
576.5176805,722.4799676
208.4784257,517.7586728
561.0760059,402.871245
490.6023068,201.6730288
411.8536647,522.0639335
545.7286648,390.8879971
566.6268904,442.0777334
919.0143366,850.246258
590.1434858,252.0516452
671.4916519,557.1306405
532.4308916,326.1243015
972.2495774,576.309959
281.575543,822.897926
383.5602371,851.9490438
697.8954754,511.4084059
876.9722021,524.48225
907.9094067,442.8615243
792.5879597,679.9626401
341.2666966,505.8276595
701.974657,561.3455562
485.8800642,622.8833254
585.4149512,843.6698362
565.0717002,258.0183219
439.3852345,804.4545932
322.3572324,328.3586686
626.9476225,564.6297973
576.6156092,389.4213326
345.1134679,671.4385566
955.7811414,504.0830651
541.457985,504.5034702
966.2872782,581.2672331
428.1008359,834.9667969
829.2839208,668.7676544
469.3007262,436.1050811
804.9990409,502.346285
610.6852309,554.6575612
662.0136697,496.17418
720.2212408,202.7628936
612.283206,527.9686599
245.6654089,624.1350339
397.9792998,491.3191813
614.1653198,272.4560117
970.3917772,578.2585401
563.6799343,534.7912948
527.4376933,756.214671
703.0309753,475.8510278
786.0468666,293.073997
392.1054916,658.4668835
470.9801962,259.869642
333.5044228,558.178843
476.240695,609.5190987
866.7910413,718.0890212
498.0322341,544.2315317
420.1217016,360.2634263
455.0038309,763.5451517
944.2542505,560.3268976
513.3329254,445.7263841
860.8635273,359.8956737
779.3312036,687.8200219
706.5369359,251.7362734
522.2312298,635.1375038
728.8827155,406.3614785
686.982493,576.0787268
663.2680777,522.7190182
457.0057453,495.0545414
479.5735537,228.0014277
644.7779828,524.7710029
803.9340787,238.9767982
534.805211,308.6942159
277.8947578,350.0227461
661.8643422,375.4255685
608.8308164,293.3324538
781.2580648,682.2997422
597.8655814,634.584172
410.9099712,235.7284946
770.3453371,441.3681157
433.3979925,551.7647664
596.014942,183.1797388
264.7655923,669.946527
485.339516,526.1021917
447.6964757,639.2277877
746.2827855,312.6951577
507.1573461,385.9060682
254.3958397,667.5076927
486.5751681,990.0373542
849.7478713,459.440917
504.2517217,714.8193013
516.1890236,549.4848925
509.6703117,955.4610675
479.581853,732.1198243
264.1630091,418.8277085
282.7208466,658.262876
779.485325,958.8283617
859.448826,490.0326218
373.6242803,559.142321
569.2957601,329.8557963
566.0418796,567.0163134
583.2336281,321.6299098
496.2370233,335.7073061
631.7711196,452.3479993
629.9612427,470.6415441
571.2184116,634.6357798
833.1442646,237.6394458
493.5572477,412.5827676
951.6104428,568.0704706
800.8352183,325.7416934
879.0350729,508.1771934
761.3701817,370.0202259
710.0722137,544.2050383
707.9493602,496.8070964
475.8743123,509.9753806
671.5085501,689.1481184
870.173591,415.1597519
650.6834752,630.7607234
568.7927984,343.4508791
822.7426031,719.3544779
218.2802903,518.4036658
835.0237568,571.7576495
687.2399661,766.3591768
672.3550939,366.3698201
843.0718172,940.6125002
457.5767642,557.772395
598.0971679,392.6783699
559.8787942,655.9903567
213.5910501,649.6815224
423.8925507,932.1121939
426.9259305,576.159001
672.6586176,532.5459585
618.3742942,393.6764898
676.8590829,432.25516
195.8291665,743.2114482
492.3156931,332.5270746
435.9724538,757.3438371
650.0866745,257.9058921
713.0808303,484.958175
376.8848572,964.1255995
430.1410709,369.8449892
478.401165,685.9950907
533.4261037,341.8999916
571.6892547,626.8443599
492.9197295,209.9421656
613.313398,655.6596907
234.4252333,534.8399566
856.2748225,365.4866372
863.1023314,488.959075
463.9330855,482.1861048
515.4747744,187.3573381
469.1468146,675.7269351
785.7638215,889.1890661
217.5408136,801.1327014
526.1185238,476.702849
622.2287355,598.6969636
619.1676864,473.2985519
469.0566907,380.2166111
236.6935642,781.8155253
306.0336447,514.5266454
689.0803737,158.9673643
406.3216409,736.8200205
234.7049977,724.5825989
525.4684817,757.6949164
291.1271103,582.7123351
730.6057794,502.3697905
588.0995056,513.8094641
891.8091361,509.7464467
555.850487,416.7903495
643.3712063,836.255195
230.6222057,521.3692548
589.6263824,606.8439968
770.6768148,656.639048
790.3909518,530.6274646
415.3028035,716.0970645
597.8766821,381.726881
680.1646917,547.236234
747.0261273,320.2075194
713.6176034,572.5092639
731.2833559,465.3105836
565.1252412,414.9413904
908.1762877,595.1262888
592.1041134,399.753298
360.3849767,816.771286
724.0411217,325.3479907
491.6794933,701.5219558
639.1554008,567.3092033
498.5097885,321.5032722
365.265026,353.1940768
220.9415947,660.2134837
175.5221688,532.8251212
477.6570143,855.3249044
497.3075433,571.1694877
751.2469064,909.9406466
278.6518818,515.7609912
645.2758211,607.5315297
333.2472493,321.9183284
704.3935139,267.4807063
525.4083343,542.0452623
363.6549016,592.7341105
477.5576474,658.8628428
590.5119358,467.7631451
843.7925981,616.9712861
496.9851289,541.2645219
429.7793622,371.7675156
527.7776051,403.1852377
300.2706187,620.2097696
692.1354155,193.7014622
447.7199504,496.8058845
463.3796089,369.6278394
743.1806144,498.0723859
286.7666063,669.1659329
560.4192376,479.2807527
577.4942266,420.8483107
825.0123272,680.4631731
732.7406024,521.4889348
531.4132684,476.7096604
827.3194881,382.8089942
452.3581964,407.2700056
723.481548,545.5923689
478.9947598,233.9917562
465.9140568,538.51345
224.8866842,644.3397807
710.9189971,576.9711239
650.8034705,473.7625207
638.0477586,481.5787416
601.4592839,296.5767877
826.226572,635.0872332
594.3000427,281.1656117
924.6222526,664.4461592
522.5633816,470.7796733
506.0196377,616.5192268
476.3414701,505.5468044
605.6455325,261.3874128
694.4670699,576.6284231
455.1772324,448.6956922
844.1289295,615.9887947
595.9904336,351.2349444
537.5582871,537.5569088
869.5559222,693.2864372
560.8166003,482.9563565
593.0418146,347.4749922
460.2577532,552.6809824
474.8688385,789.8611606
723.6214826,484.089576
639.826236,789.109985
670.1227166,536.7312676
302.9165828,412.9586479
349.634445,668.6896368
380.2667626,542.5144754
448.8199524,368.4033764
469.8429672,791.5395633
353.1753255,958.0566057
623.7413806,476.6797613
564.3266057,481.4708248
560.9570143,420.4703619
607.9657416,652.7601262
539.8986901,758.771848
456.1892379,636.7463091
691.5092377,568.5494829
425.3668602,351.7717491
569.6585924,317.1741089
783.2169246,678.686047
593.2060479,632.3562403
694.4862152,244.2863008
432.5330075,497.7448749
976.0580729,610.7088988
592.435666,834.9224601
708.1459817,434.4339077
776.2202689,491.2409756
508.1234657,543.1747628
748.6349184,313.273374
773.5343961,304.5680572
519.3023403,480.8566711
436.2681876,572.2531471
234.7589881,714.3366326
514.2115577,622.4177687
272.6084473,706.6216633
935.4146853,875.1976271
499.8580055,693.1480991
868.3391008,933.4623542
648.7875192,496.1206081
838.7403308,114.3604223
979.236271,905.7315394
646.8226821,364.6677447
304.3369768,314.0827598
555.3023436,662.3501512
978.5154602,563.1083492
478.2549086,428.1545963
727.4835192,303.7456336
174.9803472,478.7028916
655.851678,527.4479852
604.1102366,589.5509538
486.1925014,378.2269737
977.932996,499.9967092
430.1381796,857.2909318
494.7137419,632.8319931
364.4630348,349.0705717
935.8078085,445.1946566
564.2688252,259.0741715
620.7019936,896.0826148
760.4049011,298.0045687
699.3025516,537.0249724
450.4264216,528.0867728
636.147653,875.7287695
605.22077,493.9886836
778.6853412,673.6642109
911.8333734,590.4567439
573.4081988,416.8824078
792.396896,294.6081068
679.4675354,948.5997372
786.4086353,542.8583463
505.726181,503.2690826
466.7206471,805.6808531
359.2916861,295.3114145
433.0503057,657.8094168
644.8319133,584.9789414
814.0159624,359.6650683
920.2434272,870.4640425
135.2560248,671.8237764
718.8052361,619.0670434
362.3564354,615.26382
874.7169642,439.3103225
440.4208195,864.2708765
572.3364054,737.7785466
654.2933718,418.4905236
564.7103959,443.613661
717.0427132,482.2936872
451.0585467,296.3552293
717.8796693,202.0413038
780.9432755,195.2706527
700.8449333,558.2944905
773.7105391,503.9634687
581.880003,469.9782898
785.2976974,478.8907691
653.369288,605.6573725
439.1706062,545.141208
646.4690629,130.8514132
936.4159196,986.8187825
396.5600593,422.0649385
809.0102851,632.3887511
525.7207565,336.1294036
803.2380609,464.9985758
676.0616009,553.1806588
661.4470102,867.9449341
211.5789339,757.8708844
221.2354409,785.6390992
544.0256002,436.0338749
468.6251271,370.6946166
278.2972739,364.4536872
461.4066972,462.8305467
764.8397542,484.5396295
401.2738829,448.4006293
570.5521305,522.4082849
544.093208,292.6797301
516.9740417,551.2360058
157.7004223,694.2053695
169.0438448,552.4646893
778.9252569,421.1996825
926.1071085,491.4611132
412.1155422,605.8502228
552.8778989,467.6728419
963.4004845,546.3858754
773.7812929,317.6561508
566.1014877,191.4734886
632.4405767,511.2139469
240.5694429,519.0188642
358.5554451,274.6666434
702.9310991,546.6112155
887.5859451,678.1429532
323.0643358,670.2693369
727.1619737,326.443664
643.0894794,288.6389228
636.2868835,469.2917389
553.1296794,440.279212
519.2542224,493.3297126
917.538544,897.8487716
474.4171857,410.0015627
824.2801311,648.0557513
648.8744671,307.1120711
505.6147397,723.8142277
284.448914,358.9618023
581.4840784,460.2154101
506.3389661,664.7175285
557.6093547,460.7725028
607.6879097,490.3118889
589.2763736,599.3159647
750.8097699,388.0374913
242.9025504,384.0261026
432.4782381,321.7312867
489.987035,290.3469948
752.7613641,423.5917772
614.5875955,550.5888398
597.7375864,824.2974376
442.176002,421.4322728
938.4022391,484.3745263
190.127037,523.1334686
472.4422215,743.7619384
880.0237983,507.7077923
529.5008637,352.2904597
496.1368474,256.1838839
397.6121082,823.2220313
446.7152106,646.0145896
205.2199012,514.7988087
667.6613445,385.2535325
831.4794007,447.5400745
826.2619713,493.2169276
766.9388183,360.0031516
570.5669764,477.7089713
289.9780915,650.1566067
306.9251904,657.1058792
438.111052,578.2530659
683.7530011,525.8581307
727.6508085,156.3356589
215.9266144,651.5152918
515.3447719,429.6741013
461.7928993,896.3376242
580.4669945,529.598568
449.1402395,636.8528677
533.1905174,369.0486202
441.1670076,420.2005178
704.1008362,574.6437375
828.0228464,679.7509646
541.9853802,568.5855875
777.337274,661.0822708
596.2061256,703.2972224
397.6755214,719.0292652
410.4451055,598.2602822
786.7847405,558.68134
615.9583585,370.1254891
147.1607138,729.0312332
533.2363134,369.9543685
836.8203308,741.2344306
168.4539352,678.9427279
584.9355842,592.3197019
467.6713516,628.2936825
699.3251724,271.2426016
558.2639209,304.3095377
572.1643073,482.7595782
766.7739559,221.9136712
609.4370399,563.3223439
656.0137091,469.3113582
959.4393507,459.3332092
500.7079499,538.3277873
527.8167197,482.695455
782.6234497,399.9912998
702.4262349,197.7391145
716.1337599,539.8566736
728.3224677,568.2877666
648.3231928,521.230269
593.1563869,472.8404543
479.2885611,667.9399864
801.6018401,483.5001815
609.1319432,622.674366
836.791478,381.30587
484.1717413,404.9123857
447.0338049,632.7873848
777.6807062,637.5738099
793.9424836,601.06058
838.671165,732.8545982
318.0008181,437.1241994
833.3974382,606.4657555
582.387384,398.714435
644.3161581,518.2877468
662.511463,498.7129495
555.6327128,285.2261219
503.564962,355.0793077
641.3223873,959.8463726
638.5093735,519.3776534
504.0342021,214.5514945
629.7766357,600.5050962
584.0265709,317.4075559
661.9697913,429.0444235
393.6153353,450.5781651
564.7710078,350.1574905
534.9347789,400.0925096
482.2708867,581.7710673
454.7354519,409.1083298
477.4932754,669.9911772
549.2025667,550.3365466
797.3661103,250.1047356
846.326222,633.3536707
715.0847821,530.4916546
683.6629971,3.629804412
736.8212072,442.3095298
366.5568707,355.9849306
667.3664646,174.9420473
700.9473713,331.707806
521.0916787,395.5524439
712.0698735,272.833856
775.196159,670.7217723
734.909926,968.5310671
491.7687782,365.7859207
811.8564961,629.1469245
439.481036,632.8937762
829.9887772,750.7325435
586.6862275,701.6044865
563.5176784,524.810346
358.8259215,700.0891394
693.5457725,526.9931889
567.9322627,980.8449183
338.4784609,275.8859247
444.4689911,520.178034
213.7629835,689.4009966
467.8603779,445.184147
536.4605471,541.6392113
609.0413251,554.9357001
742.8942736,697.7773189
434.1463678,575.5755194
784.9809157,329.7776533
472.3724265,254.0051571
877.0560789,438.5829868
506.3439247,539.5335085
525.324787,353.0897538
342.617805,546.6918867
663.2381163,506.8373337
346.9269252,609.1574889
412.8593633,316.04371
579.9498462,472.4632995
942.4830686,893.2615485
713.4996005,529.3210768
724.6980099,292.774212
559.6440169,521.7201879
718.2977653,299.2538745
425.5742079,355.2650122
683.0314562,422.3902556
736.1852919,518.7264966
594.6893608,560.2034359
797.451695,194.0367666
836.129002,553.5602582
431.0804949,600.6014586
650.145279,603.7332164
800.8647453,602.3741762
962.04253,913.2556853
766.1929298,353.3964755
380.7268795,325.0213572
673.818018,429.1555578
260.6463074,412.9470518
848.8091513,353.8151046
672.4827892,538.4359547
621.0623241,438.6882709
574.9144172,350.8792058
408.4397156,662.348605
428.8837866,536.6445999
926.2282124,854.4407813
525.6813124,578.9335576
456.6132663,514.0153103
730.3829566,412.5333954
521.7068308,472.3620897
177.3644939,736.9770168
174.5495475,532.3136607
879.8206752,682.2937248
476.8421247,531.6995905
579.7213307,526.2949792
505.5510867,419.1121156
589.5030913,478.5210943
694.1697781,500.032187
390.8041641,452.2613316
694.3354495,139.8885033
476.1319053,664.9881247
567.3503379,490.0840833
455.3944224,879.9649552
633.4620199,567.5175776
417.9009643,660.2646945
463.3980352,763.492938
896.4977322,849.9314922
783.763525,113.3855781
478.194072,333.2627261
591.4108371,412.2813738
551.1686473,672.2936791
630.7132583,430.0838923
492.6475004,301.4578201
667.4618316,841.3860343
448.660468,324.3430384
878.7720269,620.6276883
589.2889424,843.1386728
349.5006974,784.3376006
722.7864291,548.5531523
456.8623202,757.6021269
824.1513571,381.8232643
454.4408716,700.7229752
424.0484847,367.1964852
529.3469371,577.2646616
440.1083373,440.7315429
451.2043088,622.3972927
366.1820688,373.845534
430.4926227,566.7559342
807.0856111,412.5340222
707.6237249,184.0586803
582.8980607,329.8715712
293.4960066,660.7778265
359.190102,297.1348205
167.6238103,710.1827896
517.5678612,349.3145074
642.2609275,539.0075895
791.0550457,452.8343036
733.0483058,827.2363243
468.9602601,394.094722
234.1481505,768.0814148
392.0937917,658.6726252
598.5281024,559.3453465
649.2423479,605.1222602
603.974182,537.5522286
456.7043189,777.3163906
574.2050666,467.3730779
310.7765307,449.0348411
896.7863951,843.5299728
494.5571937,682.4737462
377.5309443,721.9034227
534.4282219,312.7403302
459.9867226,530.3653304
622.4625091,738.2172965
834.3733102,564.1347385
508.6103231,211.3515809
282.7668373,346.422005
483.054137,412.1549452
487.736576,277.0415007
563.4532765,505.6020059
258.2571272,424.6180203
718.5983978,299.2609993
540.4627879,698.5603158
940.4061759,892.5718008
235.1102702,650.9455792
616.6619715,529.0558921
769.2467582,285.2490842
216.9534507,673.2243328
177.965564,660.1785074
389.1683179,483.5964186
501.3206001,616.1400453
502.3658328,417.5053579
330.6116967,746.5735188
829.1925386,914.7473596
425.8370441,255.4895187
793.8367349,314.2297689
499.6177003,441.1857124
337.4044204,571.9352054
492.7431821,381.9449501
663.6894845,525.9845175
595.2917343,277.9569646
449.8342349,402.7122219
489.3581756,589.2741104
678.8811463,520.9330958
568.6885628,983.0784079
566.0670771,423.9950075
541.0340615,535.6071995
697.6559941,553.6478452
579.1858909,385.0627508
399.2111769,764.6043026
623.6907459,708.0330217
687.6185581,436.0158853
467.0215941,629.5739529
848.8068893,525.0843688
396.257779,372.5709258
577.100639,634.705628
697.9271595,856.5286616
458.8149481,362.9723344
701.7891811,641.3407197
626.6048044,548.7699886
603.2145113,279.421477
402.1461185,439.9305355
765.2956465,362.3093726
484.1226945,599.9536867
496.5098815,448.0373062
462.9443151,485.735844
764.0687281,537.2669649
762.3726894,364.4493622
649.5593243,598.4646449
776.4421179,646.8207369
395.0516088,411.5311176
241.0920443,793.7028495
792.2659648,449.6335543
541.0158899,460.1532927
518.4342394,560.0470454
875.8044873,676.4645087
783.8330055,663.0769854
459.5311149,622.5586977
633.541882,451.0528733
748.8574416,639.3971114
496.8855822,608.1744334
780.3836869,541.8717598
676.6718392,562.020323
890.9446455,615.1974403
399.2978551,440.5074982
604.9712367,665.4659252
944.8446394,493.0401447
543.2394137,790.409436
366.396053,355.3628163
225.5489954,523.240069
441.0304587,230.8434714
601.0655165,148.3171647
550.3925877,575.0115945
629.5486745,603.2339162
441.2390048,420.4144499
383.2045356,851.2759068
666.7169169,333.2959891
789.4175366,522.9768274
369.2999547,779.0328828
504.8646866,408.8682177
777.9039784,483.9698961
500.8579216,346.3775847
689.5287158,551.702837
583.7828951,307.6612659
429.0313914,395.1728445
921.9081113,723.9375641
489.8567629,325.0822627
770.3701002,596.5044887
201.8646314,526.4373499
411.1309813,877.3996505
746.5514792,880.3133601
912.0032394,730.0936226
856.7009782,337.4446295
227.8339549,715.174246
531.2579487,419.7833722
698.6881935,553.3212117
620.5884699,437.8832519
480.3455086,615.8611542
657.1521666,300.1724098
583.4102205,346.7326129
506.2441833,379.1196842
542.355598,689.8671174
387.6925253,318.4281576
516.5384632,576.4758353
415.9459095,572.424205
546.1901,608.6262837
143.478071,487.5933279
473.8637691,743.5511403
784.5479738,336.6907795
588.6382711,238.0410255
558.9060831,478.675855
616.0981583,388.5392153
468.8843829,365.0498096
528.0299248,411.0359543
274.2017634,595.6316065
368.1111621,524.6066728
632.3852979,647.2705188
809.1780238,646.9127534
361.533666,492.6493462
694.6876605,617.4344818
231.9351881,671.8801272
643.7784862,505.0090386
507.892089,488.7533542
696.6678079,195.7442327
521.1726793,329.8732218
575.5172701,446.0064034
785.270088,186.650165
398.4228481,494.1778983
537.1605198,558.8270537
463.8218089,386.4011479
602.4793489,684.1635361
597.6763004,685.7301985
785.1126709,171.5646614
683.945428,392.2150488
732.2402174,428.0228188
429.1258296,641.7848393
644.9579009,477.8922521
506.2058028,343.371378
488.546477,663.7094004
708.9632682,584.3917198
738.4615177,559.0809766
629.8575164,552.1917739
478.1550023,723.0484264
636.163158,598.6064306
428.6551813,921.3739476
564.1113032,477.2844084
725.7797205,656.0916919
298.5226719,378.2165476
743.5184739,613.5377793
584.3516669,366.2350548
503.0377167,408.3817254
652.1226999,900.6822698
778.4059813,415.0452119
625.695192,710.0710493
609.1969444,818.8893997
426.2008651,357.2222642
513.5964656,613.6970531
191.1693484,514.4209017
428.0866342,489.9469152
836.6888753,382.935611
601.7152289,266.5630485
369.0014794,780.1950821
600.873479,626.7324943
223.071609,518.2287425
476.9043096,229.8671647
657.4513459,905.3410543
685.0620287,469.3990915
502.8938421,702.5738775
551.0063765,546.7440168
597.9705062,416.8678448
978.8849888,597.0349835
782.8115172,159.8823267
733.8650229,402.6236111
689.0570338,556.923687
661.3445123,250.9547391
283.384566,832.5841879
638.0028015,272.4415114
646.9327302,312.4610839
533.744713,336.5261987
700.6491357,235.1566509
482.2264689,218.6454766
381.149275,329.1481217
265.7762045,713.9254208
489.4258284,325.5851985
592.2635379,714.8940804
498.633514,569.1103156
501.74352,665.4393691
421.804003,443.9062166
867.7119792,454.1650536
605.6784301,536.2508972
694.8353401,474.2223733
805.7427422,334.8733282
784.1629402,287.9788026
517.0478515,639.7132771
449.8152844,522.195314
444.5259327,235.5820496
400.718339,262.0347251
705.9091102,515.3947012
408.5134505,717.7527347
579.7822122,616.0868704
480.4257452,517.7127899
609.98,494.876296
607.3389945,681.3416967
713.6494823,331.3391759
190.2205764,683.0848076
840.1860572,360.4391017
386.5154027,378.0350219
650.4931156,565.1710942
653.1493865,584.6332318
356.3552014,303.2725552
402.2040938,823.249256
503.0716779,366.9739657
737.0953838,898.6671
517.744873,555.7087725
755.6409072,60.77010833
791.306931,483.3681533
721.3649265,363.6767704
735.7656529,527.303567
769.915661,574.7106187
514.0257073,454.9194468
647.6191903,562.6612417
523.5268646,384.8601432
500.6673373,444.8310828
737.7875815,320.6626082
494.6636914,564.4322669
693.0416274,55.535949
543.1512074,709.7487199
604.3026635,887.1948947
582.6459357,415.7140866
475.9943526,420.1333232
722.9701373,522.0875853
907.2803076,860.6507669
311.424056,712.0891651
477.3909423,594.1285031
826.6388106,496.9781334
961.7915436,903.1588801
781.0870602,331.2383004
224.6543038,773.9832788
188.9833213,747.5687763
569.2937227,485.2772867
276.0807912,717.9949989
391.6572994,322.4307291
894.8231459,863.105167
631.4838649,479.3765092
654.7869555,645.6644297
226.2945094,657.6297506
577.1581349,487.9800103
617.5434502,803.7856349
882.7615042,528.7507584
688.5421176,372.4963974
441.6744335,587.903871
850.5201407,141.5459077
584.7494641,783.8955704
453.0316832,401.1211764
519.3471326,607.64701
946.1175785,599.2447585
544.471051,471.3356168
336.9010393,279.0326007
626.9039688,764.9203012
814.648462,578.0290839
660.2119573,895.2699277
535.3540435,755.621035
523.2187418,545.4304416
721.9825953,906.4029214
494.9716794,626.248948
402.1400363,887.2388136
856.8933902,530.8578401
593.8212898,632.5918602
704.0939002,290.6120332
485.0358724,581.6625865
442.3270822,505.6549927
657.7347206,425.3940804
799.4748819,323.0134585
810.999391,820.1316225
786.4447987,647.0831845
514.2064194,409.9530054
524.6815611,416.1914901
787.2964958,884.9711835
826.4373503,598.538045
495.1220555,843.3279293
576.6385896,624.6041008
511.6733347,729.9199321
643.8028898,626.4132781
442.7746303,565.6024685
742.5355909,311.3650345
770.9700618,774.3879926
837.1708939,522.6615602
465.2683292,644.1569177
886.4657042,677.2686502
561.4951207,680.0279752
490.9462934,603.7107137
338.6786029,574.1684442
661.4642829,892.5600167
742.2576692,629.0778912
698.2811382,491.9022241
464.9971039,552.2515094
347.4014834,656.9841934
619.4270171,717.8329253
873.5184043,809.536123
459.2033375,294.4777709
255.1700567,582.9989151
570.7463851,509.3010108
631.1118495,603.2030142
648.2210994,599.6618832
329.6318698,665.9929098
417.3556972,571.747913
470.5005595,672.7705811
435.9298038,570.3032497
894.5938814,843.0910766
734.3620223,436.6441214
392.7924311,660.2060455
247.5269842,554.3460758
498.8452511,518.1945184
568.0153007,539.2039081
736.650667,440.1965977
832.770017,610.6892585
425.9164268,504.8120514
767.1204442,328.2148772
834.7101211,397.8450839
551.7948101,845.542092
724.8743925,304.4237643
765.6206675,485.2229836
424.6162378,640.242163
647.4675258,521.7750551
952.4443578,506.4070459
386.1247962,930.1758148
549.8294037,258.844172
630.5258948,940.3575326
512.6365031,345.0224516
563.6778819,401.9098146
422.026646,363.2257141
197.4277109,766.1119608
689.576639,411.1099394
419.3942544,860.5398832
695.1009627,199.3472721
931.1451591,631.5475021
524.6981897,533.1489758
484.1225297,274.4668564
478.9112125,609.8462963
537.0507863,746.4356403
712.2391853,378.4622175
439.3763959,501.9844453
558.6658528,592.363579
224.5898568,520.1600861
420.6926756,416.4222208
785.241385,307.3309133
137.8194454,530.0303811
912.8959237,592.01087
385.9994827,487.4492857
634.9447636,603.2908728
417.4854749,583.072545
576.7614462,587.3732718
420.6952972,692.1772038
786.7362929,644.398367
867.4295183,431.0678881
531.9227467,508.1174997
445.3541701,372.2216433
549.8877085,508.6348523
423.8570165,381.9074665
477.0258479,346.5473054
548.1373199,393.030264
257.2863786,686.545748
407.7538397,420.4732661
421.4857982,579.8870692
833.6431814,521.6454088
755.295857,301.1287838
950.9995453,498.3606166
558.8390895,478.43217
752.9837525,264.3880826
666.3745932,849.0760981
544.5608602,456.5354605
774.2826366,877.8196377
466.2033339,762.6463611
705.8645277,228.5330716
465.5903391,246.2387472
317.7998671,533.8971009
816.3355722,382.3567469
470.2208551,403.9143702
972.69744,607.7294571
483.6985912,415.2313552
730.170845,440.2689949
321.5924382,314.3292027
702.9654498,192.0476933
751.9110453,283.5060986
591.6380192,171.2699119
521.7106958,477.7023062
784.5248436,435.9441776
501.9818028,800.7032075
437.3633658,758.9705694
441.583291,527.5212809
866.0011096,364.8025936
753.4232409,556.5869199
684.3186869,198.6826388
549.4532535,461.3693146
371.0432574,634.9365676
749.3439395,322.0028022
459.2654174,617.7809853
612.3173171,589.5266334
509.3975284,940.9052857
739.4800398,317.996825
699.3591186,433.1837034
349.6163183,273.0192471
475.1249183,332.6825875
296.9684704,675.7714598
464.6620458,281.3701834
442.6539009,579.4949961
531.9419369,322.9119562
520.599623,406.8160241
763.3373409,861.8658067
546.4594078,314.741898
966.6120146,963.3630786
583.9337506,811.2278768
753.8535762,828.4055649
715.3729356,210.2114664
730.3584032,445.6618221
430.919048,582.1022139
360.3804825,369.0565808
422.9207085,444.8869111
612.0392155,549.5860814
572.9489209,458.9282029
240.4061534,406.5461801
810.578149,249.3104352
384.6045409,829.581178
386.0001868,329.6884157
427.7255846,645.6781778
477.8604221,718.1344862
869.4093511,726.043434
750.7658166,346.7120325
504.2124723,210.9266001
721.6885094,798.4085199
553.7005634,809.0243073
443.1336125,599.3399091
373.0319588,566.1784492
352.0188014,602.2711486
347.1680244,590.1481418
768.2968477,300.0675853
527.4594752,472.4790534
567.1141074,341.874522
695.8102534,544.4695126
614.6014826,730.6056263
541.3995903,357.2541482
506.3920127,792.7538092
568.2925483,747.3993272
450.9714939,738.49531
501.6636429,354.6763072
413.456194,386.3141251
775.298582,431.1243014
422.4437234,574.4640922
498.1173694,556.2903109
869.5998905,430.6915063
577.9984317,475.3155812
254.338164,604.4073355
726.3055577,356.6480804
784.6228623,482.9215682
650.4589446,511.4995031
807.2442117,382.0245557
672.7073048,436.4736694
410.7796692,354.9612993
585.8521776,604.2353373
557.1301375,579.5149498
554.2866829,201.8633926
473.3484633,735.2869554
953.696998,900.4108587
712.269656,426.1479513
510.9893015,406.2982955
220.5083532,528.8569618
345.2450882,289.174244
481.141942,379.5422622
409.3337781,919.868922
956.8714659,566.6856473
914.9421809,859.199919
702.8381439,504.8176092
754.9167107,306.6956985
641.5106197,544.3384873
525.1589357,186.9307902
501.2991029,807.6321294
609.9375298,241.2733454
539.5952113,194.6244896
431.8727786,502.9147021
800.7196273,716.762638
433.3483315,511.8613219
803.2456861,442.9962478
796.7478573,446.787896
815.1908828,297.2686665
665.1616068,514.6874236
839.2954103,564.7867728
523.2237154,590.5172525
335.5703796,272.113081
814.9936321,476.9435252
524.4631277,299.8283717
569.4094485,355.0118415
815.732959,582.3950621
181.5505028,539.6898572
501.0793811,603.1469769
470.0810852,677.4011172
707.9096614,476.3045914
532.2109452,490.3881515
616.0289774,650.9134236
623.2881099,644.7935114
250.7062758,683.0400948
513.2035372,427.5789291
520.5305171,490.9312452
265.3294355,463.5391615
780.5706759,333.6792658
702.9991264,356.598959
881.5705395,655.4386129
787.3146973,296.6404512
589.9573657,833.8229632
570.7067162,517.7938162
514.3757011,632.2762377
682.5189968,347.4022816
589.6682684,458.5453232
670.4625085,498.2537027
825.3675044,581.5345908
568.8445717,481.2080011
543.450911,371.7976236
531.4335223,475.5505952
769.1105089,124.9384964
445.7349942,524.2754636
955.3321852,496.1032245
775.2242628,435.3528817
335.080616,531.6859886
344.2989229,582.7249132
751.9427893,560.820661
511.5672115,295.9952283
489.1302444,677.8671754
544.5714366,416.879232
546.0994968,407.3044804
437.9449911,342.1908757
558.3235141,288.3525517
754.0444452,826.4787343
540.369668,547.0336682
483.5829253,369.5026435
622.8929043,563.0786172
639.7353781,879.5042458
788.8179345,908.7574072
471.5977152,517.8173845
336.6376638,964.9064652
648.0961904,624.4734933
453.6790736,255.3686687
614.9160771,637.6515768
440.1818176,296.8029636
384.3232485,616.6308417
370.6458497,982.4664062
611.6608633,717.6951722
854.2247003,528.2157296
398.3503565,277.4828205
293.7224248,667.6854785
493.2562707,404.718449
957.5558737,458.9495982
712.0695589,469.1880637
296.4548874,731.1492633
693.4784043,478.5605627
310.0116767,569.3718647
500.1794911,234.4090273
28.17698276,566.9290398
241.4672506,629.0807746
96.400133,610.4131255
580.3637626,766.5076694
527.1170466,536.5907565
202.8770712,737.4270912
943.3783745,447.4671549
607.5888424,843.3477158
744.554838,513.4443233
661.8340962,480.5460005
419.0726639,431.2410354
781.4250845,690.5239364
699.9938804,518.1564916
423.5492682,398.5147317
797.2613803,653.0747249
376.8239607,328.8962464
436.2366083,954.8582592
674.4000178,555.3313669
481.3905615,870.8921992
552.9218672,332.9082411
532.2992563,507.9205543
819.8206647,403.7051393
846.5159225,509.8966526
688.5090402,650.9298671
577.4022901,356.2893748
137.3926755,495.2216086
757.8512179,318.1977402
684.4211248,559.9441641
487.5319547,408.6693919
554.6719413,599.1147361
549.5904767,318.1443147
612.7558018,365.275484
406.1454531,730.6479364
547.8911722,777.1778226
486.9665536,274.8449306
614.4922134,562.5047468
763.4735453,488.5283275
329.1517537,600.6733961
535.7108535,395.1767934
594.617828,356.2159957
516.6498895,499.1430911
459.6395601,453.6144589
901.5729049,596.7592892
792.2278389,361.0299797
507.0658591,258.9357289
445.7675472,371.9315741
497.2477553,589.2446709
414.7119202,914.1223202
559.156021,210.3233321
490.477293,736.2068905
505.1777829,668.723255
549.9959739,526.8603667
980.8433693,507.4967853
635.9608138,293.5706646
424.7788232,543.6753166
806.8757017,330.78645
564.5123962,269.4194254
818.0505914,424.1626807
520.6988102,465.7674693
570.1984814,575.535069
533.8721388,724.0228737
661.6075433,361.5832906
493.1204108,255.8571668
576.2835173,622.0327369
669.0705928,701.8999882
722.4227429,282.7083925
634.7894288,451.8681512
545.9702584,544.3324072
527.2492961,770.1710502
700.5562405,163.2983035
438.825511,215.8498172
591.5263681,504.2024943
832.988031,811.480567
452.8294289,212.6301172
809.4379238,581.5329402
941.3244921,885.8550559
465.176977,543.3114503
181.3481586,482.2621584
581.4426268,992.7560407
596.0673595,834.2782401
770.2083836,668.6111177
487.2089711,291.685956
597.9484546,721.4564616
438.2005316,578.9365245
524.5351998,548.1293415
586.6771492,476.3613182
839.9390106,519.1309388
496.5619544,520.1742313
551.840696,399.461202
836.7591347,383.6138879
834.343229,865.2465356
454.4444071,634.8348982
450.5839285,880.0867663
508.6651075,713.022723
616.4418902,526.9891146
166.876214,709.2038711
709.8443724,515.3213429
782.5128473,454.3091375
554.4804731,197.4541224
277.6972824,621.7705609
593.9201923,304.9811077
665.4917962,533.1808807
703.1548207,207.0638711
759.4442344,474.8363599
277.437727,620.0007685
524.3662626,588.8529949
514.6699968,334.7411955
496.5593927,343.1947832
862.5257996,812.4905547
557.023415,276.4282872
698.890313,360.3516819
690.7928612,548.9331696
402.4147372,302.0691949
944.651029,448.4879029
685.5743083,544.2412265
223.3220411,646.3602992
447.5859332,577.3244807
557.5977147,733.2156857
381.1982319,661.2035386
590.7168567,169.732668
426.4237628,504.5041597
518.9355382,586.4968376
467.2402073,796.9147561
896.5450412,489.1473286
680.1232551,615.4415013
645.0829297,471.4843601
781.1133363,334.0915432
598.429889,645.1682217
735.2888026,507.7628476
408.0503675,758.8617542
394.369643,755.2071697
761.1858743,546.5468834
866.4106367,712.4345404
420.2213382,887.2817713
618.438037,473.8617455
503.6201958,558.3927124
537.1382885,482.2762408
543.6931637,188.01516
546.3316375,541.4567244
687.1201056,331.4677357
461.375013,266.5323346
429.1101748,964.2721698
450.5345821,244.8936013
528.2315799,460.2909414
572.861898,324.0787731
509.3800609,670.3287172
764.6274329,950.3677954
840.2410962,113.3322361
699.5190075,322.8559607
531.6557609,175.7221608
431.9305292,841.4024568
416.4962551,917.1837911
488.9128896,307.8168206
824.9948897,197.9144765
468.7945287,623.5707956
347.9381666,278.2732974
728.1271046,501.3010703
798.6355888,329.5047379
781.8322596,261.2380845
378.3606647,463.5739497
480.191582,514.0995752
822.7595013,559.721185
586.2259458,696.9771263
561.6449276,745.5246477
544.452415,544.7786998
374.2909509,549.8112335
887.8618295,633.0189931
68.83242984,602.6815664
666.1344078,663.4818455
603.2165187,345.7211209
733.3646979,792.2553447
631.965569,430.5193828
462.2614803,540.3350592
687.1237759,399.6666094
725.9359991,391.9015158
759.5498782,537.1480998
538.2792177,713.1451819
793.4777377,335.4370233
742.7792219,527.1947309
879.9702573,672.3228051
758.6040725,346.0579297
512.6503303,404.4929835
634.9825449,301.7715621
238.5313951,508.8356212
813.9039667,440.2821371
471.662267,386.762716
573.06595,573.5707131
646.8852414,305.4691462
411.2481303,363.5931324
614.0396618,590.9854836
739.7594146,478.1162969
946.4451312,562.4315139
441.7515391,534.2437925
482.4920166,927.4438399
481.8787971,662.5126635
754.3687022,314.201416
472.3050584,493.0160124
467.0518851,410.5951568
593.254046,512.7295239
600.8832314,557.6531747
523.8662971,450.6175291
628.2877649,431.7580118
677.0336379,389.8030423
620.3429664,639.8425473
591.4896505,516.4709641
577.9756011,796.9136696
631.8865758,919.1719451
711.7198048,554.8523755
705.7564121,420.1677563
650.1511065,494.2355862
613.8023378,600.0684148
608.7591638,491.08166
339.4072486,289.6723742
496.9239028,666.0672292
467.4632099,462.7106369
518.7021241,577.3334859
387.6013378,484.4540901
410.6909236,239.0204455
307.5652703,666.1153686
399.7260332,853.3467586
822.4016875,294.4368399
157.2564097,692.5831712
541.6106532,672.2055697
841.9535238,353.8315481
428.6151979,537.7995073
615.3478205,643.7846521
713.0053277,156.749754
553.6845341,751.1755766
490.1081838,339.3068562
750.843057,530.1612602
774.9142824,425.3532747
496.1749283,456.7480972
524.8265442,546.5538619
346.4599471,797.8611429
605.2615924,487.9232835
929.8928034,734.9145225
218.4086149,657.8714506
335.9950971,263.4328369
392.0073381,233.7606076
759.202521,296.807999
632.8757057,429.6028115
643.0216768,593.9378886
800.6320652,325.8888697
479.2936096,421.6811394
569.6322413,502.568888
566.8844235,258.255279
421.1930156,466.1868297
470.3489849,516.4140284
790.9483083,613.479005
888.5056995,417.3840064
773.5202843,922.539866
977.8325505,600.9158901
813.0684338,611.2342954
416.7491591,594.4017529
571.7861797,390.6417213
337.4550851,515.8179478
771.9244065,363.5120851
694.5880239,562.7184282
544.8632005,546.1857541
618.4246143,556.0323555
602.1276323,302.5192066
563.379167,685.6606637
174.8700893,736.0575413
779.9444831,543.5598572
947.8879663,894.6591588
365.5167615,849.7687291
354.1742229,583.7588034
843.0382005,407.4282556
707.482472,557.8713483
460.660524,647.9407725
664.6127593,898.9475581
659.3451297,633.3933899
384.2541726,328.5883547
813.2539696,562.3768556
735.0483925,35.29802283
806.0377269,40.10224947
396.6823167,408.24205
391.1720449,663.679355
704.65647,417.4815598
814.5868914,321.3516455
566.4492644,492.3051828
531.2015913,326.3951276
745.1011687,520.2103985
406.7852932,966.9365323
774.6511616,450.4643354
745.7006509,711.6036339
672.1084818,580.4679599
525.6582721,546.4380055
715.834221,189.1114601
589.6649876,533.0856674
800.4620494,332.5308773
456.0323451,256.8986415
711.1517221,571.4358425
567.3885536,410.7992897
676.6679742,362.2521653
718.3478308,338.1361949
694.4960425,899.0503559
470.2604191,382.842299
338.0843339,537.7168721
404.4612192,853.0974741
456.315585,512.2780496
668.3538568,655.3785222
474.1178565,678.1334047
859.4455602,711.7442912
747.8319835,392.5651252
962.8179754,922.2760603
428.5341224,232.7286605
719.3034639,449.5567694
292.9096325,668.6101566
581.351005,297.2926944
510.4774713,492.221106
691.9079937,617.6868585
337.3648115,316.1280167
463.6415762,855.7759399
663.9315125,587.081928
633.2932475,210.0861033
519.9069909,545.6630945
551.6697214,258.0386934
453.0377204,409.8367938
963.0404986,554.8301862
695.130969,490.6583716
842.6520283,575.205176
465.0312898,401.5621619
789.7924133,329.4094829
564.7681165,415.5137982
785.6076328,647.029947
625.1031552,916.6056793
459.3885887,913.8500316
513.5348201,369.9825752
654.3225691,480.4186107
275.2806276,392.4500837
537.2335507,431.275364
611.1431906,595.3876081
426.4553421,410.4312237
628.6387924,618.7071469
598.0168115,569.3748734
853.8078926,477.3778665
862.3137329,933.9432052
317.1551283,437.4934563
502.6642031,416.9971359
492.3303293,637.2882746
426.8297694,609.1470837
663.3371686,554.1496736
814.0328156,634.6710695
772.5907775,430.7714462
459.4634771,913.3129762
474.0586079,279.2637702
552.8284177,480.5629872
568.3319775,353.8571222
713.7555156,210.4996343
759.1014613,677.4446809
835.9496682,663.5030736
750.1741393,695.8744536
783.8979917,285.8485287
595.4309349,265.2129926
942.382683,873.8962956
595.6818764,320.3825889
524.1754835,401.3628973
935.5937195,527.7289866
595.2571739,555.4015702
494.6668224,424.9186618
772.0682511,880.1731415
766.5852441,903.8979581
515.4146269,501.3408104
578.9641168,520.7686194
925.589301,628.9021949
552.8034,434.0904546
497.7262236,747.265335
774.0960372,470.3616292
800.18621,346.4915188
576.0352424,490.3979089
566.952241,653.7494499
359.0759342,990.2715325
452.0588522,628.0890273
838.7258595,527.7976229
708.7530891,331.3423308
708.9653055,547.7087275
754.1648599,321.1816741
489.1071292,832.7503149
787.2072858,456.5943393
474.3092947,342.6186772
608.7445726,622.9500603
220.628768,780.2316463
444.8826978,634.4601461
291.2894411,681.0713512
632.6958776,610.2924426
838.3040482,561.2479193
637.3978214,543.5948544
924.0343504,859.1753897
597.3809711,629.4984426
527.7642873,775.335236
88.77671516,616.0690062
398.4681796,425.3271992
813.1934477,131.7295398
868.8624661,612.6340578
495.6213919,355.993518
524.3197775,596.1560211
457.2721169,645.5819407
907.3652481,452.2458911
803.7018031,351.1681677
589.1864295,478.4070974
390.8393837,240.8272618
575.3108661,591.9083857
808.776811,373.8537244
862.3793933,500.3632291
360.9983011,840.1934762
454.1112066,221.2653978
783.460256,681.9629334
490.6607315,369.7888683
613.8094686,396.8866622
496.8274721,370.1857887
834.0762282,101.1090224
497.4496351,726.379031
627.8671372,590.5904854
841.5956651,356.9032778
686.5018676,387.7139919
812.181607,52.13913187
796.1237018,525.5702761
711.8470807,188.3647976
868.3709347,415.0441463
502.0379504,607.9187345
810.660333,382.5085198
549.2070609,432.573039
494.2486664,737.167715
456.6486057,762.5753847
657.1113292,482.7425915
224.318182,696.5840713
688.2350284,558.0568021
664.1305459,851.3956285
476.3046775,436.3283109
595.4543497,198.0013322
518.1049189,414.1678584
126.7595924,707.8462516
610.3001374,596.4257607
741.5011894,576.8856681
459.5896894,502.0200275
252.7004751,740.4915708
639.2151587,470.3509107
862.5795503,717.843226
451.1340344,511.2228268
617.4925158,709.8488224
549.709708,551.0827494
510.2686854,221.3242976
828.2934726,729.3947025
431.944641,839.668372
934.6233454,865.782421
501.8991543,613.2229091
822.7242667,298.6883616
668.3223673,412.1926168
435.0409246,236.5198281
742.6890231,420.0794798
438.2276317,677.2036912
783.292652,478.4202397
731.9489629,301.1899819
207.6064597,370.4494482
722.5337348,294.5996865
615.7291689,560.81199
447.5242577,508.8467577
417.290666,478.1440439
540.7283955,543.7548804
776.0349278,569.7069602
607.1077676,590.7471057
631.3048906,623.4592016
785.8550539,307.0035067
566.5939479,383.2142095
422.3996202,842.6882642
450.050601,865.3080889
913.9853493,442.2974949
858.4142447,473.3227679
724.4418401,509.2671836
361.1471642,490.5486371
858.600125,488.4414718
551.9754023,334.7056342
744.3277607,534.701117
272.8121547,391.991819
460.4583297,614.0394824
739.4582578,393.3302788
700.1290661,196.7520474
640.8837827,480.8812632
431.49549,728.5590323
818.3166634,628.5467488
774.6100246,663.6278726
781.1786222,676.7479129
745.4781128,469.9303176
410.0518175,443.5681333
768.9288381,552.9326906
696.8371946,265.6422567
964.3560278,587.176201
420.4066193,613.1671643
195.6671504,515.1890221
750.3066435,364.64309
650.7614946,356.828854
833.63653,397.9696948
548.8572319,454.0346551
786.116422,322.1589629
154.5184641,413.6056885
364.7968645,498.2275436
651.9041616,631.3653705
506.3223375,536.1108248
789.9600323,562.5758277
628.7475672,464.9501647
934.5059567,887.5684558
516.3936598,414.6015937
565.6259407,489.0806354
922.8403296,689.0016107
170.6300601,538.2035107
456.0644337,555.4182226
369.4367433,778.9450032
295.8481695,624.6357967
827.5556587,397.494109
703.091737,274.8297199
809.8005464,632.5542721
691.5528615,552.3770606
132.6660285,498.8903591
487.4633582,656.0805764
691.7791748,523.4088704
507.6129838,373.1159209
469.5412411,544.0488986
453.3036726,415.0071224
705.5404355,151.6396415
503.5767668,308.2677516
571.232104,409.8068529
926.3707686,666.6858751
684.9322959,728.057371
659.5969101,502.4935448
660.4756623,416.4584926
716.3447928,206.4865532
647.2313552,535.68879
206.0325286,676.7983924
640.5763341,296.5613471
473.667522,731.0427883
577.0007927,760.2512995
429.0232868,425.401832
424.3305111,480.1604046
549.8815065,508.4629168
597.8141977,685.2626986
826.4438369,499.9503667
462.8769319,622.9423296
401.9954128,346.1915668
542.3696648,548.4392182
449.4429993,363.3985898
539.0787521,299.8775349
248.7236116,676.4225957
665.4209974,586.7059641
628.5481143,446.1099533
239.9544557,403.1709463
333.902984,837.9043254
771.1380552,416.4705274
640.7433088,543.1239489
779.3806099,169.7081596
698.7279223,396.0519739
791.8129188,572.1849914
484.7933051,682.3750019
673.9265831,404.9141199
911.7956221,461.6667803
692.1554747,566.9987834
803.4343978,556.0373282
570.3400339,981.8478648
809.7176882,723.9969444
676.0443282,397.7527957
575.5500928,419.9829084
457.2422604,758.056965
330.7509422,691.4287444
474.4414394,355.6797342
555.8074775,669.3855899
757.6404397,301.883971
469.2035614,549.3345613
566.1707434,751.4577271
493.3425894,677.1864329
526.8849807,310.0149159
444.2064396,578.9180335
485.4224491,348.9653712
626.608265,964.6326305
496.3205706,323.94593
774.8552585,399.9334447
451.1327461,987.3184589
655.0708845,474.0692214
545.190963,476.5790112
498.6285404,666.3444487
521.3944385,399.3918344
714.0906186,583.861831
469.8491991,683.5847138
176.2743192,548.7959388
648.1211782,597.3505014
765.2587491,856.3370442
803.6907473,153.4635698
725.9698704,509.7334716
909.7398521,859.8613346
443.7245707,562.7072082
279.5400269,656.0096209
386.4869244,486.7225768
464.8475367,337.8301627
662.3709292,500.4667163
815.6205889,379.9885757
763.5304869,868.0926118
660.7000581,520.0579152
468.3851964,416.9728991
650.1113477,972.3266015
588.5095121,292.7114887
909.2295649,851.1629546
694.8334376,475.4304347
770.8719233,423.6566735
467.9624563,676.7227358
793.2893855,603.2980603
460.8332364,527.4317298
685.5552978,468.5776499
811.2293895,350.1438677
368.280324,606.2959721
832.8746571,605.924584
506.4851926,709.2668661
338.1201078,372.9388664
483.1048916,382.3367306
502.4968988,310.4029773
459.6806671,399.9216397
371.5991758,607.8787436
410.3360461,438.8277791
432.7225432,771.6693479
570.6808596,391.186403
602.4491179,885.4648215
878.2508787,436.806195
675.9159736,407.9652484
376.7589894,599.6434967
631.3554355,736.8447797
739.7415277,487.01718
711.7036706,726.7011096
480.5576052,519.7003379
795.4078496,453.4741985
560.6379257,417.491756
580.7352986,484.1465535
326.0739412,800.215378
702.382746,278.9559203
417.4137624,357.982842
706.9919593,4.447192589
619.5934825,674.9055144
972.5312742,533.8513224
856.2430185,745.798378
463.6829679,843.8180362
637.1069264,453.6798776
379.6545768,456.9643067
609.080949,595.0399345
795.2975468,839.1784531
312.4347132,717.1068641
756.146041,669.0109632
672.3203087,535.6957059
535.2445047,179.0170369
600.1559789,551.8318565
440.2531257,993.0414715
768.6575228,73.15957439
641.3833737,542.9071335
695.9784416,160.6299294
750.234092,557.8001838
470.4580443,388.6556776
485.8648588,417.8235294
843.6496673,718.8883989
841.3011597,847.7751219
450.1490092,272.9752447
854.4001092,727.0462969
328.2740202,621.2551097
629.913724,433.1289616
547.9979545,573.6853367
766.0350184,366.0838043
666.0903496,358.9840125
537.1042523,331.6854287
703.8883801,414.2180872
677.6116827,253.9900718
447.738137,885.0372499
602.6783224,339.5896545
348.0599296,354.522236
445.9878382,381.726881
608.00965,336.5246943
471.4719972,496.1015738
562.667809,515.0478633
872.5442251,718.5874857
587.4146784,529.1089416
560.8344573,474.5706738
318.8292202,825.4415847
456.1831857,778.2568226
728.8577876,508.6721269
785.6417588,426.748336
788.5498251,599.2456778
805.7688086,463.5333948
485.993453,654.8143257
690.5202576,566.9115516
458.931393,523.4180428
501.3281205,955.1597365
333.9436416,260.6293841
616.8158082,685.8261012
774.2593566,427.1318007
805.2986996,537.3122419
258.4923689,746.6092682
766.8338786,440.5326126
207.5011904,689.6506781
536.0631394,460.7475137
561.0411159,645.6374348
437.9858134,809.6811889
558.1394913,255.503831
502.0433585,553.1150521
435.1275879,492.0087827
724.1795133,595.7726399
724.2365148,554.6187196
546.98135,466.6110793
637.0592878,511.0654752
798.2124593,649.9611657
572.4213609,489.6224547
183.1915923,510.9256954
554.7094979,569.2693595
553.2356528,554.1506138
581.7234548,709.172802
601.4145815,547.4368359
444.3028703,365.093415
479.62302,357.9285389
594.2259182,374.9244922
431.7466712,583.6537283
428.9046248,508.7619286
708.6999077,548.7023971
513.7289548,408.2085572
220.5128324,370.1509796
403.4944254,849.9987913
725.3598118,344.4856051
215.3906203,653.7054474
477.8083941,410.4745367
434.062401,940.4989212
468.0127165,627.3587455
743.8204996,906.5521662
552.7336199,572.5277758
786.9722687,433.3846814
454.2933568,933.1105854
112.542739,560.9185487
892.4646312,840.2768635
440.9633302,628.1090227
791.7558124,530.9092599
646.6275586,625.3568225
780.8652861,753.9500287
601.9267113,346.7205781
458.2737707,552.3500448
435.0820916,517.8640404
860.7799351,614.8105698
484.1865273,523.021791
790.8848651,598.6499316
690.7577165,554.4227353
585.599768,852.8770231
415.2600487,264.7231991
695.2595483,550.577975
865.8902375,416.218861
285.3880684,662.0881841
607.7826775,695.0402876
610.4239527,245.2038749
790.5379723,322.634277
772.3102641,925.0799937
531.4140624,482.4415321
370.9908699,702.2255979
663.7428457,415.607319
659.3581629,646.8757713
593.8073728,473.2280143
684.2382256,558.5603229
733.563207,444.7046959
468.1927095,686.7106213
493.9928711,338.9725129
706.4246856,422.76179
373.8026553,571.9042198
716.5947906,906.8687706
587.8447141,515.2308098
685.6959815,389.8397528
214.6711428,383.0140882
586.6387836,164.0317193
591.0530832,515.0128452
755.9517565,309.9978038
615.5349143,475.2004979
534.3291546,182.8030855
668.4170004,538.3027983
940.6409682,595.3869186
655.9752237,309.3367852
542.9770868,466.0248188
470.5082146,475.104428
758.9400444,535.6992369
191.3464501,658.7623016
563.4477486,450.4052685
463.4893724,755.2319498
355.0012917,282.5743375
491.5597826,263.6043962
828.6943708,387.8071576
761.0539993,547.1170555
383.1785591,568.9591904
769.4605327,439.8639259
519.3352679,611.3678907
581.2976138,487.9366764
707.1056777,400.9861812
728.0047423,949.328431
736.4646668,748.4922008
634.4234506,880.2696919
571.8319607,250.7702673
966.2462311,527.2115296
592.933654,201.874341
770.2889048,286.4777469
605.8779129,172.9549171
649.679814,502.861172
203.2181815,522.4082432
302.1990228,414.6089902
538.8323347,518.6048318
810.7760439,326.8726565
764.7975686,531.1169029
545.9895535,446.3547038
872.5790552,688.1768261
498.4569366,598.3753446
472.894159,493.0584687
891.3633708,422.1518986
479.4574534,405.3457241
827.7773279,349.9480924
511.6064759,409.2781341
587.976619,747.2069576
692.8275533,240.61661
821.8507278,305.6853348
493.8803662,290.7269285
958.1516856,884.1936399
557.4608512,460.9764058
527.3584454,808.6839674
397.7657501,585.8168056
504.0235209,494.8223063
461.993251,632.5052761
259.3425081,833.9341603
478.1830312,672.4175796
878.5686042,512.7892176
315.0036467,265.7686854
541.4198292,396.2728219
823.1616429,381.1514645
680.213349,534.0905779
556.0709728,304.8692838
624.075375,597.2873602
502.4129171,309.2184007
612.3038644,547.0223855
672.3668537,477.0881525
910.3467797,732.0060573
320.7597666,990.3574271
529.0170324,515.7772466
484.2496559,308.5572358
534.803668,347.366574
506.7572119,454.5569595
430.4920085,462.8843065
554.174897,201.7846228
636.6080545,529.2827157
474.5989913,528.705168
537.5626015,761.785075
501.65428,613.0676051
783.7712701,671.651444
638.2795997,559.1345067
498.9175029,657.9943692
469.2354403,615.2540417
815.5245028,444.5181138
784.8226148,671.6260371
437.1698453,904.229439
483.5268826,370.9937747
283.071979,718.3058993
382.5537296,830.3231603
543.0406199,904.6791164
886.5601125,639.918789
487.8540246,221.8396025
453.5386447,272.4924088
427.259056,571.2018105
621.734927,662.6705374
442.8607842,626.4373478
568.7711064,631.634337
898.3785427,619.1186929
483.8974898,615.5146715
777.1661945,295.9892318
413.345966,523.760075
832.9744135,531.5900859
472.9855861,369.4959157
653.1943884,249.541145
504.5589157,409.1734559
950.3508814,633.4452066
498.7060805,749.4342416
764.4521888,290.6505406
534.2449931,553.7294566
325.5004505,480.0997915
530.0502055,573.6742839
610.8851332,495.3461359
800.1896256,470.0907196
526.7765655,346.6014205
776.5911907,468.1878961
711.8513203,465.398484
507.9506335,551.6643505
420.4112034,355.9052833
516.9914343,545.9218857
801.2680404,442.056756
172.3540827,739.4995518
399.9908768,488.4705142
531.1009061,479.8777317
752.2784616,316.8939851
565.1775238,598.4655225
806.3861628,486.3055565
654.7667915,578.8998349
347.2642753,702.8931145
779.9882866,548.3450914
590.4899891,512.7893012
772.6816055,363.9992879
535.8995802,550.6674842
465.3297201,386.9137158
438.4246727,222.8083039
723.7084455,453.977197
454.286226,680.6892236
391.6933129,438.5467778
803.1756064,582.9923754
690.5037189,514.0479674
633.551185,631.6631287
585.0451529,313.2590199
278.4573426,672.1654326
778.5912025,403.7643106
281.3725547,649.0558353
404.1950872,412.0932665
266.9708396,726.2891456
372.4026351,632.6736805
478.1913155,350.6767235
599.5576952,655.1344821
438.3999995,511.9068704
657.2020073,912.2400354
587.7013489,473.2850127
438.7748164,478.4378741
764.6309833,309.8520484
632.2933465,520.6461397
500.3935502,416.1582062
606.6917089,650.1155294
776.1136962,635.6381203
494.970451,439.1312414
597.2942779,499.8784292
214.6485819,804.4931214
707.9961149,434.4042384
454.1105774,333.1043507
398.1691501,453.2503836
528.0862223,329.6611074
836.6167283,108.5969592
559.0897763,463.3391029
263.4783017,623.2091649
582.3991139,527.9016742
719.7836249,167.2208516
680.3136447,442.7507242
562.4091824,559.5872763
825.5566955,644.6564896
433.2620877,560.8441666
400.6263426,818.8933068
743.7773552,528.5290747
549.5519913,417.0936237
871.6385226,514.845005
942.9366539,879.8868122
858.2117806,341.7595013
573.5769713,461.1327754
571.0784171,473.5192118
444.2530445,414.4265242
397.6532901,317.147323
454.7065242,870.4624755
662.4496377,356.5168879
662.9132151,649.6252344
777.1288626,417.4055688
650.8468696,535.8944272
455.9676435,492.9348815
553.9120159,457.6030525
622.8397528,574.8034709
499.4383515,537.5694869
592.1404565,350.1277795
496.5960205,585.1831997
482.6341534,382.6506398
281.9536706,597.3624109
747.36923,532.8175994
200.4574653,513.1600625
680.2962371,762.4829713
673.1263297,435.8103943
576.1794615,344.5956948
517.7291583,701.3424986
545.2337478,413.5584058
686.0902882,565.9977383
642.7128649,512.7822181
734.4805645,356.7684916
732.7225956,508.4584873
830.662324,446.0348191
508.7861815,541.3732326
466.2000382,964.4655633
577.2943093,299.0964811
511.9687539,533.7842532
713.7134199,556.0452261
534.6691414,307.3696087
619.9016053,461.6231122
701.5381347,277.6461268
783.3473016,554.8485937
903.142986,448.5752601
873.5649193,722.8145616
536.1411439,694.4093143
609.7772214,205.5019934
492.7272426,414.711182
321.6803749,328.9394758
866.2173259,719.462332
821.4321074,492.6629899
781.5623975,306.8665893
495.3085651,351.2303895
632.9294714,908.0748052
812.9228814,549.2436522
583.8142347,366.4434918
494.9699716,598.5726243
412.8979386,412.0661045
921.0363101,853.8762505
737.1870057,441.019481
232.237843,413.9121177
323.3763087,579.5731182
344.7074612,685.2313788
822.8438126,403.0146394
715.7743731,968.1344601
874.0419194,432.6136775
413.4458273,988.9655626
616.7684991,704.320812
442.3385125,887.7998552
644.5731219,724.3991509
566.3195316,383.5576834
836.1514581,528.0195364
622.2809732,476.7190209
641.4487944,855.0365276
765.6033499,454.0659541
547.3523018,411.0597733
615.3921334,598.5300636
830.9464477,679.2628007
259.8715211,515.1032111
973.7014908,530.3493675
484.9146337,349.6097165
494.3083944,386.0825377
779.5297127,297.996232
748.0820411,423.5456227
507.8055006,388.1092199
543.867509,472.1985118
582.0599061,990.8785823
571.6087784,713.977342
659.3387179,494.5857671
205.8209414,360.8470541
433.42704,494.606055
618.3630586,812.3403279
902.5613907,626.9754897
757.4998309,269.3442911
745.4118382,891.6657183
719.8802204,494.3327844
432.3044022,362.7770814
501.3815266,557.8716617
659.4267744,416.733372
215.1020773,514.2869303
475.4250714,357.0243577
284.780152,577.5408782
591.3221065,528.4247517
818.6255353,562.1430743
872.7202781,415.6385136
216.0227904,709.1341065
384.2966877,617.1507015
813.7794323,536.5159147
644.0921219,398.7478861
925.4401982,979.4917075
591.5075973,322.8063587
460.2159571,950.8594276
736.8132225,165.4390243
767.2004711,557.3290694
443.2027934,498.8895025
508.4030803,447.524028
391.3338064,341.3732577
649.1598493,364.6207962
431.8740669,587.7742456
436.2889209,571.1970885
599.3384528,572.2879562
671.2534589,440.1578605
889.4852868,857.9053154
186.0927225,481.402293
705.2338706,418.9005654
705.9582768,558.79097
510.9092147,622.2018934
868.1901927,421.462924
257.0289504,426.7146969
549.7661852,862.3741331
658.733558,216.3224987
540.1413623,512.4292375
760.2269604,506.0430959
340.2151122,428.9603884
621.6623906,563.3201501
540.5091532,518.1026482
406.1302027,595.0084893
830.1271988,617.3781519
768.1277607,153.5676003
602.941653,920.3737174
798.0828763,573.8370887
826.498876,491.8992154
637.4197831,564.4114566
457.4118718,533.6888937
461.4975401,445.5923501
502.4149544,660.2020339
583.6122051,414.2769869
521.6323618,356.2206341
245.2608404,389.384643
644.5145624,480.0622871
691.22429,517.5896207
462.6679963,647.8227222
746.3690893,918.7438302
420.8666313,273.716433
781.731859,120.3486615
405.5397239,453.4462844
955.8868901,497.4323238
706.4498532,256.1015413
503.1012947,739.1802939
479.8294089,632.4183577
480.1966455,400.7061828
457.5485256,527.3558643
551.7823312,304.8374416
594.0056721,755.8196937
829.6735985,205.0628256
477.550951,452.4834332
695.114745,566.788257
524.6974856,747.301356
664.6066622,134.6027989
474.6730558,760.8106696
812.463214,518.6596154
842.7934011,616.8574982
431.8071182,642.328142
338.3888015,277.2176985
666.5388864,557.4186204
639.5722834,568.5100562
599.7803082,571.9316744
719.3842847,509.7586487
570.5988253,481.3882106
465.9586094,519.8298798
591.0574426,822.6563304
460.1981601,549.793223
632.5252775,920.498182
942.3843159,867.3173038
632.3912003,471.9158807
437.7659568,569.6529288
370.9515307,949.5745605
481.2358859,658.3434009
176.6044636,734.4839421
637.8744021,562.6987253
503.0694607,456.0564899
712.2512897,330.0951144
689.9282058,306.5435077
424.6901376,381.1602608
672.6948709,328.4037158
554.8850565,621.498126
613.4830693,528.2385248
752.3397626,384.8838159
783.0112847,529.798146
591.9326294,529.0543251
791.8144318,568.1730176
941.7629319,873.6938342
583.3133553,587.2151262
831.998901,727.5398722
238.3072241,752.3653976
899.3114651,569.9489528
284.9759197,589.8230753
771.2115055,306.015374
571.2970003,320.9882388
448.9418353,401.7051594
536.9140875,393.7109856
337.6957798,267.0423534
543.504452,567.7583374
782.1252069,693.90197
568.352486,581.2929117
792.0527146,154.5131931
680.5598074,386.4286651
540.3382385,528.0132265
322.1206124,369.1359147
484.9039674,404.3703158
876.0101123,860.1849803
431.8721344,444.1089287
634.1581875,90.83052435
484.653745,713.1139038
446.9444601,329.8401259
710.3117848,403.197774
789.6336031,439.9911276
668.1840656,659.51962
630.6102211,64.9419827
422.6934215,360.4839817
979.9315098,598.3469917
522.880373,475.2889624
728.7926516,470.4139474
236.5028751,822.2640276
442.1349549,626.3041077
517.9947359,393.4293992
512.0419196,430.0768302
521.2224002,470.7725067
569.996317,571.2554659
710.1155528,412.456715
746.0919915,897.9823251
566.5051274,422.3418028
594.9566463,346.03643
266.1143337,720.5511103
485.2306363,624.1131372
558.1230575,445.8831297
499.2933384,418.867365
486.4118187,770.5062711
537.571485,568.137122
652.0893679,299.2869494
592.0163865,392.9384147
549.4202061,333.4759687
396.0813065,859.4914718
885.3081913,646.9009484
711.5840048,485.8909181
570.6573549,522.8994993
599.6321492,622.7664034
396.7065405,410.0448965
601.6350823,561.8804387
531.142133,543.307564
977.0314582,592.4139123
302.3387477,667.7136852
763.0831786,554.2768545
500.5120924,714.2012823
775.31178,687.9749289
695.2191753,526.6200039
542.5111874,212.8537858
643.0679522,575.438226
431.1216019,567.7324082
526.0157862,551.6818387
686.5252824,372.0106364
728.1727807,500.83052
584.5624601,666.8782238
986.449967,934.349507
606.8466991,489.1224231
433.7084972,570.545096
334.6137278,402.5111395
962.6542665,556.4854385
448.8501834,256.6904761
813.1943165,428.6605408
556.7687733,993.3795757
599.4298799,180.8458962
594.7878738,318.6278401
690.2886412,651.6275544
513.827393,548.7332155
808.5486102,411.7796917
611.8449759,595.5358918
219.2806258,694.7122751
310.082041,715.2307848
582.701574,522.0515434
458.6089936,777.9951481
562.5975346,519.0786206
894.805199,848.4288694
600.5975647,559.1003034
924.9693851,863.4077517
736.3989315,440.4009813
828.3193143,354.5854399
711.0241465,469.0045112
759.7962956,322.5579517
527.4318358,444.2839356
213.479399,687.7284024
470.988915,495.2085082
507.1494064,996.3933042
557.9509743,857.9803243
563.5185174,969.5503316
299.3801216,671.3724694
368.0658305,343.5752811
395.7027894,247.2076157
631.5901679,720.8869998
598.9639356,583.2696576
863.3782457,361.3293677
806.6119367,322.100481
624.5637155,470.7433807
550.9274582,480.049897
462.3344812,395.3965131
777.9130717,453.7743595
822.6431613,546.2348755
913.8495194,848.3505802
815.7910541,727.3953286
793.339391,645.838747
279.5227093,391.8294111
411.1332135,298.0995103
637.4589426,91.63823867
572.692047,627.1327786
540.7855619,382.4008329
506.3140832,427.2426844
664.5496307,641.3006662
588.2169243,421.7952198
291.0777939,696.0555823
689.4402997,571.7288787
550.9818081,466.0777221
393.6212377,444.3699347
278.2092025,801.1312388
727.0115676,318.8751188
782.5361422,681.2780958
279.9310828,677.4712161
515.4826392,794.4842794
404.3297786,985.5960328
628.1635601,876.0926568
869.8418586,703.2653802
500.3485482,835.2444552
780.7461746,553.3651724
809.5441519,441.5084179
647.2948284,521.6993985
878.7672781,580.0310905
560.515878,574.6747439
621.8591619,439.1109952
500.6989615,415.385698
815.7744855,791.6140499
950.3834794,913.2849784
875.3111133,433.6665602
354.0939264,535.0688069
695.6855691,426.4434948
611.0475089,593.5868302
584.9188657,282.9105404
404.8819818,413.8669452
799.4973979,562.1881215
682.6911249,565.4084483
550.9735388,402.4625822
671.6091904,850.6260246
403.1630376,811.7671888
709.4748737,257.9791041
664.8323912,639.9152579
820.6863238,448.4796289
710.5018299,471.0676741
514.495262,387.7724947
195.5232758,368.656192
552.6946102,422.832056
636.1233842,562.9372912
271.9851907,639.9089271
266.5538221,710.0975009
707.930859,183.4070012
522.6616549,195.528441
566.4661177,504.0983594
572.3111929,518.417017
435.929624,270.5115468
578.6111568,366.9915165
530.9370773,472.6484608
598.3239605,701.1253489
544.9274676,546.973473
703.9494564,321.0297967
584.4957811,827.7797942
681.7278667,70.82339161
571.3741808,176.7045895
811.0627143,544.0712759
851.2209673,145.8623675
401.7123976,479.7992544
629.2832617,592.9223432
453.2856059,551.2099303
669.8743218,551.1710886
512.8046014,532.87652
735.8669074,437.0455967
515.6509173,566.2514105
475.5601972,453.2872822
393.7725277,586.6940755
616.9134972,527.9855421
427.8977427,276.8275686
636.8588012,565.8739214
416.6447287,381.0013213
444.9041801,753.3950046
750.0374854,654.7972136
966.4385832,593.4108204
596.4360492,446.1267729
881.9203236,550.1946356
893.5352411,418.5580734
557.478064,303.0406335
683.1682299,441.3102189
580.0237009,742.5476298
573.0651411,474.3170434
588.4010669,330.7910049
625.221203,915.74245
724.6888717,889.1503916
758.9881623,474.0144796
723.7990937,213.2725403
544.4272474,456.5321175
426.8685544,579.6174132
501.299747,542.317927
228.0290634,784.4040639
662.4997631,476.3876027
509.0985288,419.0324473
371.3116215,433.9658855
438.8908568,529.4642414
506.0753959,236.2523033
746.4939833,352.325248
437.5440479,526.0867302
928.0467781,851.0810299
710.7168027,431.4411775
900.7035456,851.4009564
669.2099732,371.1805239
476.2162166,330.4564317
633.0347407,900.2676523
353.0977855,276.9387447
349.4581822,463.2104595
619.6623488,636.0771
484.6078142,747.6388961
600.357604,575.9505431
478.6132316,331.4763648
868.9266434,369.8210657
533.6443424,496.2728825
588.5423198,533.6387902
200.97746,543.006421
470.38768,446.1080311
936.4028265,985.7478893
963.5278503,585.369719
636.2075008,521.7041205
431.4736032,337.0824346
500.2650309,554.5611152
566.8163812,351.5179307
482.9024875,521.0107582
724.3045271,478.6218026
369.9977102,777.2111692
374.6060547,423.935669
525.2380038,477.5569268
600.3383538,343.8385227
540.8896627,694.4887945
564.0367443,580.6474172
794.1340267,564.9033186
627.052712,802.709163
897.7104339,480.3405304
565.6079939,518.3397515
402.8327733,801.3342017
718.3147834,620.029393
763.4654857,314.2306674
735.5511594,443.0675376
515.1885084,404.3392675
405.5408175,433.5572227
556.8274227,457.6276863
445.8756029,455.5423759
544.0075934,903.6612935
717.7858153,509.6821563
707.681116,271.1303389
823.4348457,382.0643793
612.6030288,514.5017399
207.8861192,542.4091495
530.3909263,566.4317453
641.1958904,532.8179128
495.4333393,677.197841
844.2513367,944.3905882
412.871273,291.1978131
616.2982553,317.449051
772.6799426,748.6796395
241.0471621,751.0005698
785.4645073,292.2422338
422.820233,576.2532531
550.6736703,479.284054
497.8829965,586.020625
593.9480414,207.3289722
578.0397634,345.2945104
841.1481769,725.9426421
789.2068332,292.4058326
404.3863157,360.5296348
558.7028551,558.8803539
228.9259573,527.5874935
401.9422014,305.1974217
955.3604987,564.1826899
467.8923467,782.6637945
751.6935856,368.3669167
577.571527,526.5173106
372.6136231,330.4673592
526.1655032,380.0131886
944.0745121,713.8207217
425.6607813,351.4925237
671.74135,436.7655983
728.5574099,168.2325525
958.9295279,458.3795096
507.1145763,195.4952407
588.3864907,612.3267093
477.8547744,669.9300835
455.0645327,258.9844324
825.0516066,574.2166881
451.8527329,621.0734168
746.0963059,489.2245314
414.5320022,848.6849026
705.3735356,381.4037159
397.7872774,270.3803334
489.6699837,539.3171945
771.9725994,360.4867397
843.3324512,507.0152031
765.5724447,321.0666743
813.6054466,357.8059965
603.8102183,555.268372
391.3300912,434.6777597
434.0128898,519.5576957
772.34454,511.845735
569.4161299,378.1884454
644.2347081,536.3698667
819.6399227,226.2927498
256.1233228,417.2762777
766.3930119,317.2297492
710.2108,164.0734443
435.9037374,582.8184132
652.9612889,205.4220117
475.032068,707.2685159
804.1204684,338.9480671
509.0962368,506.6611568
864.222048,725.2225357
661.1167909,875.8733132
492.1648676,251.683224
476.2261338,594.5923047
501.4746316,451.6195353
638.6047256,523.4286777
524.939229,188.5619937
527.7726315,708.3720453
742.1249852,430.0061254
475.1546251,457.0649106
520.7875857,812.6430171
546.5086643,404.8409288
918.8674659,855.4137242
371.1711775,778.9315058
581.7499407,472.171099
732.5777174,302.0016034
439.6208508,434.3371065
471.3235236,598.0659276
686.8787518,736.1719142
433.1193367,562.8044691
510.4211439,615.0278031
824.5931975,505.5499594
395.4288975,418.1371251
683.6324815,547.0775035
519.6470909,446.2631679
703.7003874,551.3679922
667.923162,535.1669244
910.6271433,974.4098434
359.7444774,611.2937802
642.2373179,538.6873704
218.3587142,521.7680766
483.4049098,439.7447683
754.1829416,426.1365224
899.6147941,549.4108447
345.5025463,280.6041314
636.4999838,624.7245538
614.5444361,596.7467529
962.397078,920.873143
484.9198919,403.5224226
579.3982422,520.8088192
734.2166347,509.6176152
619.442642,771.4519893
561.5156892,692.15748
181.6340351,477.993253
368.5752638,545.029029
577.478437,597.1198752
633.0218424,702.4207673
698.471393,525.6442821
653.4424387,571.9284149
436.7789392,867.2390564
208.9671706,638.4428267
513.6757884,414.3884556
422.463363,781.2673752
720.5601489,269.0342264
544.1711526,772.1329406
650.699954,358.6927731
711.7363135,555.0152221
463.9014762,477.6085764
796.0687826,445.7330492
719.2212798,296.3956589
464.3103292,504.2971225
349.5612793,271.0687857
354.5474817,296.1408585
483.1460735,288.2838528
576.7567273,323.0718568
583.3561252,625.4863435
728.641092,411.8657117
902.7694874,618.5446554
99.61753553,621.7825748
485.5313287,588.726608
551.7434263,555.0407335
903.0572065,583.5000958
519.3015014,553.638234
540.8461737,311.0784545
606.1060838,547.4405968
657.9623372,488.8716343
878.224288,873.7199933
195.2364556,775.357091
454.8548929,500.6119912
470.825236,680.31794
399.5876416,461.4602028
812.5088452,725.5173478
536.4194251,375.6778617
594.6190265,575.2584344
778.9577051,203.4598079
475.767545,320.4031902
750.5205827,892.5027675
423.7843003,690.6263371
820.612484,722.0502856
828.9506754,305.2382483
439.9552946,400.009958
347.980517,654.9249586
492.6025883,594.1402873
898.3051073,551.7435173
771.2303512,773.1534379
344.6274943,606.3898272
814.2023221,724.8521922
336.2091712,309.2026049
288.8735204,327.6438483
728.4237372,399.606853
447.0631221,546.1952608
903.0571017,586.5428876
452.0870908,454.867651
612.1745661,264.6166822
855.0967262,747.7730764
459.6698211,421.5379121
567.3795202,335.8837129
576.8775316,548.104833
279.4069085,586.6424259
567.9368318,562.5628735
584.6328095,729.75953
508.6312662,215.5456237
592.9416687,405.6255345
548.8479289,474.3103991
454.8073592,622.0975496
575.7355537,982.1067395
877.815495,721.6829091
443.4068753,508.9204085
630.2004244,976.0351339
446.5901218,629.691063
427.0149907,323.5383746
441.6023165,574.1392764
427.7496886,580.7840629
885.0366664,838.1848253
406.2350076,405.8999543
352.9606972,990.2759202
719.7085267,502.2159283
396.8316442,924.0666212
513.0673927,359.4342749
583.1072211,611.4932956
848.7933917,411.3666412
818.2380448,268.325152
439.4518836,251.8884642
476.6284552,658.1734712
609.4690387,491.7943282
470.2846129,698.5256529
735.1238053,510.512039
677.0867744,176.1799032
850.5750749,633.2204724
500.8385216,442.0363636
524.0915167,488.3171325
368.6781063,349.401572
625.1625985,536.3231899
550.7055343,697.4205355
528.5509831,515.7821984
337.9926521,505.5177828
582.160082,473.0895508
783.6764423,305.644738
722.0258595,523.1628662
540.4044082,425.8272725
705.7477083,434.8219691
175.1095107,536.9676606
445.3350547,367.1822982
428.4412421,384.6598548
552.1593951,550.1210475
742.6427328,448.0392702
819.0381784,375.7416297
597.9462375,571.0991799
549.2071208,400.5201857
490.4716003,334.1967855
434.135297,764.0687097
173.0378462,740.5930731
974.6046615,608.2944058
747.1693876,265.0361471
638.0610015,484.031324
433.0179774,588.8092223
792.0680399,690.1458831
562.7077625,505.3735735
448.4346341,220.3988882
575.6784473,508.244994
483.9194216,836.4755624
533.6471888,465.128243
738.0061347,346.5376107
985.4650317,603.9822084
809.3696868,166.4094599
842.2610324,599.2974319
446.2112153,565.7991841
791.687875,523.0120753
625.4299289,395.3908091
377.2214582,240.2688528
585.8786335,415.6465995
842.7060936,582.4201974
898.5087548,623.0537565
976.8289642,573.3337142
561.6936298,406.7993717
878.7490166,435.9220928
578.3102397,417.7847504
712.5005384,509.0384169
799.4689795,333.946916
696.6353897,485.7700054
459.2667208,379.6577007
522.1347541,633.5875146
228.8731953,669.6428558
608.9198466,622.8198498
771.7795133,456.8635983
624.5492142,544.1992507
489.7428497,429.9851898
951.2493183,634.1111771
875.6283893,696.3711212
558.7204125,461.8142491
778.3620879,419.7037875
505.7058372,247.9007273
501.662804,541.3073752
526.9850218,711.4785006
397.0822562,843.0934585
353.2691046,260.5387675
758.6364607,311.0016696
589.3902568,313.5840655
512.2141376,389.6924511
740.3315871,436.0282335
735.8109695,289.7648504
696.0102156,723.3058595
485.7664956,489.5684023
530.2843387,572.4847763
661.5335237,431.2429158
562.9743289,430.6505126
718.3515759,474.9326597
517.5296005,574.1691964
355.0940821,533.9224869
598.381801,558.7499554
592.1361421,499.7100665
617.3039239,796.3975707
683.5541624,561.3761866
485.4640504,404.7061008
334.7832493,515.2881008
693.4792432,575.1433093
377.3870548,510.6542634
169.3804609,753.3501455
434.7207573,279.1585488
879.2095829,618.468957
597.6747724,498.4846424
823.5763533,658.1649674
566.8696675,296.9777406
374.0960072,333.1015509
478.3241793,517.8186799
614.9356418,557.9718895
780.0148024,427.5030008
536.5934408,979.1892272
606.4982782,568.1588307
828.1367896,398.0907746
691.3396863,617.5217554
561.2899002,435.3275166
495.3899402,561.5094475
896.1993618,478.2959839
487.7130113,340.1556061
744.5150942,510.0994482
719.728466,214.8617681
577.0985717,412.9082937
511.1490555,649.4853083
845.5230474,61.53191887
224.6082531,658.6247156
586.0800189,350.0638443
876.4532111,433.7040856
397.0337937,629.6866544
516.2801062,613.9790156
780.9073968,155.6831232
544.5353481,540.2086305
618.3466248,389.0340025
549.9828808,508.2865936
465.7899418,706.6110492
903.1354057,510.8979693
591.0449487,889.559723
524.2483496,352.6133324
597.3034011,623.6274179
587.2539956,451.6872732
478.7027413,731.3818327
555.8255442,279.6994696
452.3069025,335.4463838
470.798795,437.1807172
527.9900462,492.7533349
685.2235654,435.5322136
661.2134463,539.908574
640.0282955,956.7234111
602.9818162,664.9241895
634.5766132,565.4642766
643.7918191,586.9395155
741.6720441,366.2321506
491.5478879,626.4049832
480.8471969,277.2044309
386.890564,562.1140528
612.8188256,383.3718745
695.3403841,328.6779475
544.3782157,343.755783
393.3272267,488.4765525
543.3975348,331.7155158
638.0388451,543.6701559
382.4676355,324.4296225
966.5990563,890.7036193
338.7783593,480.2181343
708.6624559,580.669878
498.4309601,650.9735352
877.4755682,721.6078793
832.9509987,429.4915309
457.6740189,272.3215389
750.548282,768.5370469
708.4697743,144.0134501
663.2910131,518.501658
698.6978261,473.7245148
476.8516375,671.9032775
423.469511,424.7786313
716.2648409,93.95515733
482.0096983,245.448918
679.156776,556.6580635
909.449017,854.0509648
387.3707101,825.6476398
477.8138921,668.2089947
782.0625427,448.153664
582.9458191,531.9956354
580.850635,461.1559884
786.0588961,154.5821428
914.0202993,457.8161488
785.1989597,394.0431977
519.7211555,465.2235816
706.1230644,289.0581787
544.1371464,371.1927259
655.3130324,516.5333322
623.6979516,450.9331516
696.7828896,565.7905758
563.3338954,488.9985226
585.5627507,534.8905824
611.7039477,530.707091
522.8327943,575.7925647
461.6288009,770.6769111
598.298763,658.4376112
564.8137627,414.8961134
644.4564074,249.6648784
750.9484012,550.0971449
580.5714249,521.5265855
855.4325483,822.8884402
311.3489578,711.2497339
495.6638921,371.5657019
507.2496571,636.7339817
599.4423139,830.6947365
579.1437353,893.2156029
547.2200074,564.2467295
720.1245405,816.0356554
674.3780261,842.5591611
615.6659804,558.0075344
443.8485809,542.3372747
791.0746255,322.9717335
405.1162947,240.3730922
675.7805032,307.7402446
374.5506561,349.1454135
711.4147231,379.5051965
524.2088305,558.0954766
382.1944777,767.4174292
440.5095052,396.8476325
660.3163277,463.4380144
660.759052,325.2955471
236.9324912,323.7074685
505.02883,681.2813553
496.4085821,203.0479693
475.3946756,756.2328904
481.1947189,794.205848
833.3807947,309.1788904
734.6268659,446.0688342
507.9372258,550.1989188
776.5042428,164.8943217
571.0529799,484.0699358
501.2172484,615.3714024
616.5694807,651.7263614
669.0738287,368.0510017
801.5426963,589.8061304
696.0641611,541.1039736
605.1624352,574.8859598
512.8557305,365.0926211
701.278055,677.751507
425.2141021,478.725248
448.368764,621.4386412
537.8154605,457.7816113
657.3766672,424.9651297
741.0491321,451.0716151
714.7571245,405.2462067
553.3554383,449.6679038
466.1092702,444.8253787
509.2714809,382.2880689
472.1081222,361.1772396
322.4926877,543.360133
626.0700088,438.7505346
325.4292323,655.7423468
619.2122989,220.0798183
224.4938606,662.555078
706.0627072,267.7984808
630.1980574,435.0202726
585.3688556,468.7208772
636.1594278,452.9756296
609.7090893,484.7462905
621.6602483,552.8207414
287.3185998,676.7810923
855.9951481,518.9345994
269.9375103,721.8771592
487.824198,588.2311731
554.2589387,444.6231054
787.1726504,292.2292796
543.0717797,547.9353839
179.4358437,760.5843474
432.7510814,600.0913771
780.2418797,541.630206
507.6831833,835.7453643
628.7952807,473.7746809
907.8873102,862.5547395
759.0385124,494.5245272
587.9676456,806.3534469
439.1576329,218.1561636
175.1543929,704.6444577
369.6228185,427.6199855
521.6673567,589.5306659
733.738556,524.9984533
716.3736606,461.1312292
213.1211209,398.3218188
455.5109722,467.665153
602.6691093,752.0306364
810.3013058,757.7304778
616.5616758,276.8795316
699.4260224,471.0270147
746.3171362,316.1830302
842.0719012,910.6509121
557.7702923,683.6034765
639.934052,910.6660392
721.2393734,698.6206154
440.9088454,634.250748
568.0370976,689.0043478
489.0773476,568.892727
707.2880676,137.6528408
229.6884444,520.8854996
746.9505647,445.3725468
599.6899147,380.3319869
640.7556679,569.9052011
225.8455981,812.8614413
499.7598071,454.4053955
442.0387789,523.3321691
332.8313404,931.6438165
492.3501038,331.5972775
777.1506296,924.8187997
875.1540258,817.3169706
696.4242968,431.4994505
683.3928803,437.8823326
531.5468962,570.3779243
614.2015731,650.9674133
762.2258787,362.2628211
370.3542356,330.9348172
674.4851381,430.8706501
855.6075677,584.3135769
749.4558152,286.4142505
670.4721112,858.641322
739.4116979,318.4375598
772.9642611,365.308162
832.033851,352.5185161
948.4562887,567.2156198
687.201286,649.8382263
542.6276173,342.0933432
500.8331885,700.3109694
491.1912576,260.0094637
575.7827878,752.1837256
787.5162475,642.9187484
720.1171999,512.4283391
582.0562958,782.7523427
455.7449106,529.2811069
760.3058338,506.0906503
725.8539648,522.607654
187.3075515,381.0615583
670.9940833,563.7553689
784.9163639,662.9834645
520.0238702,554.1003015
583.2842029,314.2212442
831.6584349,310.4436785
588.9558467,831.7171142
557.6891419,460.8955048
569.7013922,579.7535575
303.6115669,703.5564315
485.652148,851.5406318
509.1017946,502.9686082
855.0524133,467.0116979
524.0533759,463.1173147
407.745121,664.6179066
920.9362391,512.2239346
165.5406407,546.2018215
629.120901,222.5431401
707.8399712,705.4796056
458.8331946,503.8320673
745.1417514,424.8378444
760.8748003,301.6826379
647.28972,880.2043151
854.3969333,633.6812653
744.104878,546.47551
401.4446178,443.5809203
895.9903962,486.0385331
582.143034,458.4934855
500.4384623,546.748112
533.8082911,369.4338401
446.4816017,505.7269929
954.752073,870.3055209
613.6698935,598.9192323
258.133971,425.911621
633.7465482,770.2137363
545.6715584,372.3578712
959.8768468,928.7857681
808.1085824,482.529537
411.4198989,717.8676927
718.1965708,809.9738073
217.7447307,800.4295608
557.8503191,484.6416123
555.0485857,458.4974763
277.5942602,620.376607
581.5315822,505.1286767
529.2876435,613.7751543
642.082103,470.4735994
765.7746241,317.1369596
685.5301902,404.2591605
543.3270507,503.7952732
647.5951163,584.7871777
486.253308,447.0790517
203.6651903,434.9689573
591.9426965,819.5023625
797.836459,371.3639509
473.1994654,392.1156359
836.8659171,386.2020296
295.4991794,412.2599994
285.661436,668.1627357
987.0213604,928.5448412
597.4722185,744.3292272
658.6000801,478.1275378
686.578389,719.496765
483.0024536,517.4947626
668.3347564,406.8049713
719.3596115,451.9305611
379.2695731,904.5871417
498.8563218,266.2141631
398.2317993,492.3882567
575.1080276,483.5134491
456.1752759,274.8953892
214.5318524,653.4561003
790.5041459,440.5674844
597.6031198,782.6296958
572.7339929,372.0203938
565.6454156,748.0248472
727.8781105,265.1756762
484.0420385,493.1770203
464.6904492,278.4809405
679.8142035,367.8523639
548.1604201,212.0572079
719.6071524,503.4954256
917.4149983,860.928864
223.047505,395.1985857
546.4896988,473.2948119
711.9961985,402.3478123
447.7923521,682.4243531
590.659181,780.6089474
425.4005668,355.5127506
633.8942727,647.3218967
397.3734658,488.9375335
783.9298107,322.3348681
294.7424748,668.3173711
493.7011222,423.9755763
712.4878797,912.710335
585.8447921,482.8300323
391.1685993,525.8400157
795.9388551,424.3663748
780.7746529,795.0747813
598.3346568,535.5375812
230.1763055,522.3739981
833.5205195,471.5524322
368.9719824,601.7736243
274.6315443,677.8630384
554.1988212,446.3180978
525.373609,581.4437234
809.0003079,176.2425639
607.7414207,491.3792511
439.2200125,564.6124972
207.4701354,697.2024873
691.4013318,553.3739269
507.4482561,671.8302953
474.312186,804.4472177
711.8113218,429.4373532
620.2311655,550.425429
653.9188396,606.2923783
225.2732009,697.8745797
724.918256,620.2364093
718.9944422,529.7099322
554.1304643,202.0642661
569.6576186,568.9583964
921.5440656,500.8924493
682.3429737,432.1075659
828.2702076,274.1302983
520.359917,985.3528493
455.1847677,412.5866747
582.13057,893.0564545
456.0760138,291.3706679
783.3194675,391.657204
518.014091,301.2786345
838.8330613,535.2789363
474.7105675,496.5044072
730.9196398,343.1322062
659.4319278,897.2293109
706.011668,555.7043012
799.2393256,355.4215907
188.6628994,659.3993341
475.368774,387.1765813
553.8285884,669.0519361
855.5300426,573.15994
535.0153002,692.6662452
656.8000005,294.8061595
522.6106756,797.3748177
771.4092956,416.4339214
543.599849,548.0738893
453.6860097,518.4824983
539.5092971,881.4184565
460.0377918,498.7701568
577.0667077,848.6426135
450.1590612,426.2892773
437.1977094,651.1761846
545.411224,574.9835968
218.1295996,520.4420068
504.3499051,258.9114711
554.4023338,669.6613469
427.5772608,371.4913198
560.2430347,488.9008857
486.2173094,242.0215958
348.8844368,660.8133461
706.6920759,537.4937258
696.6461009,542.8055476
856.9193966,361.8429175
531.4285787,476.5492166
816.8634168,346.4499192
900.0831803,840.9324289
861.453362,663.8669609
858.5227198,286.8183166
559.1753311,439.8348835
696.3710255,504.6380683
634.8979789,971.2186008
504.7314633,531.9780219
548.7467493,739.7196894
526.6835504,448.1714865
753.9348165,59.58091415
960.0070589,459.1833168
722.494845,265.3695711
720.2881745,512.4448452
642.994397,499.8282003
736.6653631,528.2948128
205.8040132,704.7082884
745.2029775,617.3446173
844.1074322,625.2870162
634.271846,509.3892455
682.2621679,616.3672659
502.4645405,266.6929873
850.2589375,465.7229445
607.641934,658.4737367
885.2891808,972.5835122
623.2899375,689.6397506
615.3243907,595.31402
493.051215,211.7744515
510.7767105,341.4909945
359.8814308,380.4505804
802.8802322,456.5578169
715.3202186,537.4905291
515.1250502,400.9415311
358.1671457,842.1460479
831.4865465,393.1853591
803.9787811,605.1881176
485.1783837,266.6880564
739.605503,458.1281148
581.2263057,589.8756442
538.0286507,303.4753508
436.5247469,528.1242982
828.7416948,741.4464823
446.1623633,251.9165038
929.3174102,851.8469983
443.4748576,520.8566034
442.3066785,479.3356618
646.99878,480.3259674
796.6268732,573.272328
779.8528013,533.9051032
541.6809876,674.7190995
437.664178,374.7351313
668.5236778,519.7550171
299.2734441,757.3839324
496.708091,310.8165083
716.2037497,299.1942434
284.663063,664.1894574
535.0654705,316.5618983
769.1111381,444.2026585
619.7700299,166.9724864
516.4995134,558.4784399
513.4603361,451.8145167
436.0410953,645.2846422
473.9400957,217.9932543
384.4654901,641.4224355
246.1255257,703.2267057
269.0885846,347.6507721
429.0266275,511.8309004
449.1754741,584.2921398
497.3919145,387.0594713
886.7204209,602.6880853
497.7751205,409.449589
935.3132211,892.2536711
448.2978604,496.8343628
354.1574745,282.217784
475.5042893,400.037914
603.0955945,643.1142521
594.5235096,892.3641787
602.4484887,513.5728831
888.5747155,605.4920604
475.4643658,809.702229
390.6162913,778.3108541
494.5330149,590.4512697
918.7562942,596.8579917
353.5136045,591.9006549
573.2958137,623.4751227
392.4863906,317.0557453
440.5588366,330.0010712
919.4802959,596.3158799
666.4665596,563.2657216
581.7044593,408.0515399
685.7515149,253.9415563
361.9337702,263.445206
512.0881649,312.3432426
816.1985738,62.57822003
757.6499973,699.9173502
525.7994501,392.8583286
294.1072637,667.4962011
425.1691151,487.288215
612.5758688,528.1141855
802.0475755,816.5623893
652.2412421,903.0727765
445.7043287,735.6071118
507.8264586,530.3696345
435.9784311,525.6666803
599.1438686,345.6068734
746.6629355,358.34324
745.6802622,511.4937155
602.4900601,217.1641655
569.8583149,688.8477484
746.7911552,429.0481844
502.6140029,205.1779716
971.5941123,596.4754671
676.9656705,421.4614824
861.1924733,617.3559627
684.0148186,533.3914907
799.6013938,658.9036903
694.8937199,542.846019
502.1952926,614.0113802
629.7334763,870.9664977
400.5578659,656.5178428
406.7875254,407.9385669
826.0630278,339.2526576
483.8295225,393.5892998
549.1755116,689.2642673
606.5696462,684.5181464
789.5214127,278.166509
430.7888808,488.9528278
513.7764886,352.8620736
541.4744039,348.5019039
643.1047597,594.2945883
722.2446525,613.4087807
654.7693232,860.397429
571.3834389,801.6920715
529.6161101,561.9893583
577.4344836,858.7542533
916.5058502,857.6939741
612.2223245,341.7514781
547.1927575,355.3355499
695.0702373,505.9067845
638.3302494,572.9537178
959.8423462,903.2653342
504.024989,994.4106244
664.6406084,431.9496502
669.9991558,23.00713393
875.0092674,442.5489106
565.3414874,534.5196121
640.3958018,558.9000986
561.2422317,481.488898
603.197613,670.1638021
704.3782037,512.8054939
767.3012611,310.2254841
715.7916908,455.3286528
604.2290335,570.2085797
525.1567486,591.7320207
389.8486808,947.3157895
716.7942884,563.6950902
771.1566912,663.6568732
653.5022566,495.3001904
826.0235087,772.1947446
259.5228306,686.1307962
541.1307169,538.4711818
599.9556572,764.1137569
416.9557278,582.2570582
149.2158396,691.8242858
418.6431676,326.782792
516.7980336,355.3258969
598.1629181,578.5637992
773.2529989,438.5492642
781.6566709,595.2792735
271.534272,707.265152
476.5941045,679.1955852
580.0132145,472.9999997
696.5985223,537.2084621
871.9933851,704.3640205
637.2084355,904.565224
797.6971086,593.0292361
527.2048184,986.5863176
927.9951846,514.3358637
463.9570246,341.3860656
427.7871253,425.4657254
796.0340424,452.7036544
717.9717106,404.9085413
703.2434614,327.2194525
627.3151887,746.4393386
622.6740365,760.6404265
912.9285666,610.8822341
501.5408462,675.4460173
252.460065,728.8919757
632.6165099,598.6362461
572.8773881,569.2870566
880.4793011,724.8363965
543.8854259,414.8514841
537.3350748,328.4546341
198.6856693,734.3852396
843.3079578,69.49151335
412.3771799,580.3793282
479.0780824,199.4070493
714.5072016,462.248862
543.8225519,685.1305033
483.0668406,742.4670631
461.3640621,363.999058
565.2926204,385.4285812
161.5976635,711.9741444
223.6244114,788.3242719
916.1876754,636.1276423
502.5212724,468.1435385
475.3955145,389.4162345
703.6117017,551.0289478
647.4131309,523.3633009
662.4473756,503.0773398
578.7051606,461.9315889
207.4884418,529.3616736
636.8602394,482.3948134
462.7947029,429.7506564
969.0158309,548.1819522
802.8009843,574.9882979
587.1168024,531.4833183
399.799049,486.577281
827.7852527,313.0619283
627.9267004,787.7413963
822.9058926,563.3780678
492.2501526,379.0027831
443.6898605,487.4250906
394.5407973,845.500952
619.2674278,442.2581309
914.3074641,418.0850159
703.416818,271.1786037
511.1226745,415.8030526
629.3341361,652.0398736
527.6315733,483.4722046
749.2800318,552.1467895
438.9179419,526.119053
797.45553,472.9886753
595.2700273,682.949708
633.4359985,556.2081354
969.450181,575.8715435
568.2841591,459.0292664
807.9903548,683.8325357
514.4418559,341.9047971
662.1963592,374.7275469
415.5290269,227.8983793
477.3906427,676.3471898
426.1541254,509.8297087
706.2081397,533.7426535
789.6927618,279.4247782
696.1011934,502.542123
755.3655322,662.0445995
715.0892613,536.7119408
539.3756693,517.3151173
454.1045102,543.5950425
437.9740985,635.4990509
725.6771028,322.0924368
967.9905226,599.2708549
807.571285,204.1635335
548.0485743,549.6029845
208.9794998,537.0805082
485.3901807,307.5312017
591.2129422,739.099957
726.4990033,354.8384643
725.5450031,510.9867681
771.5973931,432.0441322
510.0669704,211.122856
796.4871333,542.5690292
746.1635243,473.4620045
728.3970266,520.6196045
395.994778,266.4840489
466.5064382,357.3808694
587.9420436,599.4204757
515.687635,412.5248498
793.0700233,657.477142
775.775642,293.4412272
798.6918413,418.3941194
809.0569499,554.9694855
701.471246,519.0752358
596.0191816,607.2168475
781.2840712,677.8738614
624.9891821,622.5234497
602.4750495,708.2365278
702.9618844,0.242138789
608.1325216,805.9293436
586.3538509,527.7271061
539.3739765,604.7682767
702.0115395,571.1737083
905.567925,582.1768049
563.626603,526.9407453
617.3647605,475.8178693
272.310796,747.7258772
351.8240224,591.840606
824.211939,552.6750695
434.1857071,526.2097741
394.762167,271.189761
595.3837008,538.7338383
488.6014411,388.4027785
514.7262493,632.9743011
784.076172,258.1214748
325.7043676,542.6266545
145.0919106,513.342821
505.6509031,495.8518506
636.6271399,539.0226958
472.5029982,825.3894127
840.9030928,234.3727764
892.7842292,484.4893589
784.6608833,660.8797049
574.0084301,350.2938646
473.1669423,676.1610047
221.9692849,653.933859
698.4133578,337.6692801
627.4201284,944.2913634
602.05574,588.1334317
189.4527712,731.4027057
464.8156428,618.5169293
541.5322893,338.2533676
947.9819552,543.7412576
485.4191683,685.6230339
777.8480855,480.1959032
558.4161397,485.8360509
335.2484746,565.9304392
603.2210728,587.1756787
645.4282346,543.1099083
571.2773157,337.1858801
741.7038631,307.2200296
540.4128423,652.566503
923.2213634,865.8626324
791.9497374,576.8424387
631.0596718,687.2404893
483.118509,426.0551199
441.8482994,519.4915875
520.320398,351.6683455
705.3506601,192.1529983
550.0294408,781.9490369
817.3192642,252.1318984
447.7880676,572.2311877
778.9771201,455.4700206
575.0987396,483.3441671
475.342378,609.8217251
528.0505383,557.5961972
386.5412743,927.7873347
493.8676476,972.6890053
520.0299074,546.5558468
378.1937349,588.4339061
238.0250329,511.4221332
936.4403681,890.8266423
465.6843879,603.6602133
709.1984051,143.3021818
643.7500229,583.9745742
479.6106908,374.2938533
514.2709562,615.8014187
602.6692142,535.5343218
486.7538578,592.6498456
785.9212985,529.6699832
574.7788869,414.7297984
489.0788007,822.8257168
519.6820409,569.585379
709.3243627,185.5899694
610.5348098,712.9186717
640.3031013,484.2110528
594.2699165,385.9479604
454.8009175,915.5776811
480.2922972,486.8153246
926.8168486,522.858213
695.5430878,471.5998822
452.8508513,263.107645
575.3454266,483.7301392
480.9912512,609.3079872
748.5712355,577.4066144
562.5923213,367.1342215
557.7083771,488.1852087
270.6971061,731.4666409
341.3604757,516.0169199
713.3348728,553.468388
502.346238,557.3280665
312.0225196,650.9116894
723.0087874,205.8936903
598.7017735,581.29638
255.8101365,742.7643407
547.9294928,412.9864576
668.9940565,534.3476349
562.8595019,196.0241266
571.37093,355.8803151
532.2034249,341.5827394
586.2432035,696.5742094
293.0763826,581.6210913
726.9089199,520.144165
554.6512829,412.7459694
647.3620917,521.2110466
222.8459549,520.8025719
513.5422206,433.7922367
442.1928852,231.9602266
796.993166,344.3561259
782.7970459,387.2673441
762.8131966,489.7037526
684.6954812,466.4157845
828.1770876,352.2953907
444.8462498,564.1496149
905.7290124,415.7050813
658.6641675,882.6869846
763.3820583,434.5131789
722.9120571,325.05859
438.8687752,449.0582005
624.9593555,535.4598143
653.5002192,407.4117704
579.2816026,605.1947201
641.5266341,468.4314557
552.2913151,309.9411606
224.692115,811.8325657
915.8276295,438.0630017
542.3500102,308.9109895
257.7752284,746.3921185
847.0800353,409.0388369
799.5672978,622.1283262
875.2534527,526.6053782
522.4309823,364.0156059
701.6584746,149.6490011
589.4985671,603.550249
904.31897,414.1191339
964.5667761,563.6491446
685.9590423,434.1558523
308.8999148,659.4871509
506.5522162,662.7497669
425.2690513,638.6533949
479.6654752,230.1236575
165.2023618,537.4953138
636.2559184,449.4206042
449.4202736,363.1307724
723.3694625,376.6953711
532.2018669,564.3411279
621.1703648,564.111421
551.6220678,402.0508898
540.1354898,319.9931485
785.6881241,643.6456662
613.8599685,534.5867858
602.9007557,661.6051811
670.9184907,356.5365908
693.6492591,581.2204727
604.086657,512.3201507
257.4352417,426.9869855
177.6005596,767.4555187
572.7667707,733.1582903
478.9110627,795.5870775
556.6870087,441.0684562
649.113484,355.3706724
782.9334451,402.8108199
640.0230373,626.7695808
807.3484623,424.6658881
588.5304401,326.0411649
827.3478016,737.7617897
525.1607634,401.2763549
737.5050607,291.5366695
865.0732357,431.552876
595.651181,534.6230785
819.7598581,445.4222741
499.5082364,548.9841088
754.015113,538.956128
614.6349045,553.9518089
700.3380767,471.7184547
733.6490613,405.6637076
408.2690256,456.4394115
551.2266076,807.2632485
719.9775499,606.8662696
791.7703436,401.3530145
440.2786228,567.5178284
479.1011227,595.1065859
654.7425827,875.231684
678.135123,635.2314634
556.6016188,738.9185984
636.2671389,516.7553711
637.6100678,605.3367774
498.8799014,594.7227868
585.6047116,667.822563
455.1075422,233.7205959
752.6434511,171.7130495
565.7795078,507.7777031
472.1732732,431.7772133
649.2061696,401.124206
785.9220775,458.135762
442.717464,248.0390028
652.5055914,977.1582409
738.9256195,291.5042005
399.4480066,321.0956332
362.9921559,381.7643437
420.1103463,666.5945899
155.7885868,520.5036228
372.515185,950.1834281
676.9958416,539.3401151
766.0088322,265.8649851
587.504203,476.7658858
644.6812525,802.1123094
865.9349249,728.8837017
681.8444763,398.503449
721.6333355,304.7268087
308.2730929,644.1252426
214.6152798,653.0089093
659.8345038,499.3330998
424.232088,511.2225343
834.7668979,105.1359353
444.3741784,497.4343296
288.7943774,383.6263406
365.242495,356.4010734
634.765984,597.567693
682.6516958,438.137739
922.9210755,458.9992002
766.5640764,354.5111622
619.6107553,590.8756655
240.8375673,685.05656
697.7915094,498.287697
397.5799446,442.4315498
589.0706288,794.7533921
330.6755744,576.5765436
545.58112,709.7531494
905.3652363,848.4962312
737.6743874,582.1600899
754.4357407,343.4956128
792.8251639,356.8433543
484.2018076,519.5200032
732.5263186,444.8961253
545.829395,472.852322
615.4959645,404.0206781
960.4823063,904.1901586
713.8102401,487.2830751
526.048549,399.0395015
781.7271101,654.8218057
719.4581695,298.2374724
383.0947272,317.627589
712.726582,395.0566329
702.5741542,458.8593368
640.0376884,627.2905062
924.4750373,499.5244665
757.9695504,570.7689109
712.0435674,510.0687343
477.7732195,604.4331185
424.7150355,513.0960646
387.8177788,296.069109
728.8871498,495.8911519
835.3068768,223.6458546
774.5818759,563.3257496
452.2305609,491.9824147
538.1382494,287.298499
179.2245112,654.490492
718.1023872,318.473748
463.369452,639.3566191
578.1621556,524.395436
437.7479201,213.1647281
213.6853386,720.5627064
656.9177338,424.4412583
530.9606269,399.7844089
270.1180576,346.3187685
478.9618323,760.0478143
184.3885344,678.7605962
300.0036029,450.6987644
840.7499153,732.8502523
708.9500552,497.9274871
460.9939193,780.8771617
529.0014075,611.3154262
574.0710044,673.5454712
734.8799496,177.6799978
788.0804352,605.5041371
640.0737469,315.636468
642.8814126,589.4851173
753.1182042,427.8895997
601.1835943,671.1844665
632.6534672,625.2713249
377.4040878,326.4234388
302.7314964,709.5228366
576.8728127,241.4890326
423.7004084,769.3661565
707.3123364,192.3431741
531.2530799,481.6386442
738.0769934,352.9059507
670.6022484,383.607578
743.153814,513.6851457
483.7017821,935.8652093
404.7071272,993.2830671
827.5660553,393.5349967
412.7912012,888.7006098
634.6036982,626.0866864
561.3705413,356.9505188
552.4596681,549.3036384
861.7213515,595.4620947
246.6888296,554.699934
632.5754778,570.0057423
630.2404827,432.3770338
467.2664535,628.4782378
297.7491141,330.4347439
616.8831763,535.3542586
780.7585637,624.4473342
426.3372493,398.6061422
788.5557425,133.4783965
664.633193,366.0186572
772.8953649,399.3678274
439.2576589,323.8900807
502.9934487,343.6482633
436.2102423,528.2467779
608.5797101,659.5570408
579.5689621,341.1397272
580.153224,991.8725444
408.7149707,353.8199102
582.3289893,624.5213611
381.9766884,947.0113034
972.0662287,601.4122235
597.000177,560.4859625
764.3563423,463.9168595
414.8212193,712.3838937
406.1259033,304.9887548
515.806282,399.6338897
871.8729704,678.7235097
687.6701216,869.0632564
500.9296042,886.5491495
551.459737,333.8210932
608.4880283,494.6816907
712.4175004,551.3933574
799.3016902,287.9947864
955.1460052,867.2889091
625.6269849,478.1134344
741.8224952,813.6640158
607.0772968,535.3152289
539.479081,474.2788494
748.8148964,563.1070955
856.7095172,736.7658009
333.8233167,607.6245909
159.6055615,693.5359098
346.780414,283.9928626
572.6103723,524.6994415
478.7698248,734.3437444
765.668381,364.7825146
861.1324157,975.1023908
770.9720542,559.1963525
564.9883476,521.5704626
371.2590393,790.1085855
706.9943263,564.3687496
202.6025501,525.1707231
844.8955962,401.6252613
503.8873314,549.8356793
536.166611,509.7600277
650.4190361,470.7980599
807.1604546,462.8856019
682.9074461,621.5091788
564.8801272,431.5140553
654.2695675,405.7157332
544.8420328,996.6373861
828.0850762,458.9854938
651.3479586,916.1080087
695.8561692,83.56178491
382.2804668,824.6837022
613.8850312,804.0341672
795.7030291,277.7972729
354.8014943,271.9341879
497.2811323,331.840064
786.0866254,639.3211623
718.1792081,799.582566
299.9435603,408.717594
715.695365,463.2984644
711.4387521,329.4683199
206.5770317,759.992174
226.9425141,711.6517106
696.1340011,478.3934537
509.5303172,613.2179572
416.4666832,222.4255495
648.5672432,669.8779534
496.5516627,663.8150188
683.2669227,333.4504573
775.781859,594.4351412
693.4876025,393.3893457
752.8053774,245.2275895
500.5464281,188.5391777
446.7658004,520.2351159
354.0472465,462.3766487
144.5683206,709.9256908
463.3206,343.8535035
206.1230569,366.2153519
736.6184735,297.4834135
498.3031898,435.1839341
409.41761,411.7062498
332.3847811,421.5536242
491.4620336,311.3440153
957.8596521,459.9363101
666.5970264,488.0221323
959.8769217,560.933237
358.7608753,786.718935
664.1148162,322.06072
588.977404,500.4550157
403.8264274,942.541441
294.6114088,411.0330083
762.2718994,538.0318678
911.776237,453.2539356
640.0718594,543.6169601
226.3360509,388.2775616
548.065877,612.9730605
648.7748456,481.288338
600.2717647,379.4410942
815.4884742,590.4329876
561.5736045,427.1627863
801.8174422,457.8897996
707.9365067,292.4302158
435.6411259,563.0871001
479.1445517,611.9512678
709.3197486,544.4368765
537.3369024,538.2580436
700.2725212,377.6234967
539.8022444,667.8761766
464.2592001,403.870911
517.2172831,565.8624716
656.1207461,590.8529121
213.1974026,530.8354628
718.0184204,507.6237154
638.5723973,565.7858329
781.2273543,413.9319042
593.5283574,545.0326018
577.4269034,348.2560251
671.8486717,330.7763374
578.7919288,302.6910376
247.2248536,629.4489242
573.6238009,354.6523211
489.562647,568.2577421
593.0838355,864.3523207
677.7075142,333.0102657
660.2139946,585.7102469
447.4767988,271.2461535
496.5556176,376.8332496
651.7399733,580.1712255
787.1461196,544.0277123
657.0986406,476.5208427
479.0738878,595.2514638
518.9143405,475.8826611
514.8680415,380.7252927
787.6985325,412.9163169
440.5327403,250.8544695
468.0475916,546.8692127
529.4056764,515.3014519
647.5382796,466.7838087
462.0096249,345.2524511
739.4824966,873.1227009
441.8001365,567.5959922
568.142277,662.2505084
588.6060327,533.3191144
801.796604,203.713689
659.8719106,693.6338183
848.5715426,355.3719051
560.870381,646.9175172
440.4156662,580.4151194
681.6443044,327.4302088
694.4707701,558.2279227
798.1256312,652.9471053
504.1242061,422.7985005
344.6312844,349.9117998
838.478004,381.2113463
507.304037,553.1083243
613.7732303,506.4234475
618.118424,779.0354945
759.1418492,529.6906472
609.1134721,560.4855237
503.281842,631.9848939
381.1203772,610.0287414
524.8623331,454.7133081
484.9393818,702.8947652
729.3496636,568.6181819
809.6289725,604.4149617
738.1872363,967.727824
399.0985371,493.4183861
471.544324,392.1844811
494.9955886,748.8806174
906.745527,855.4546134
310.9090649,647.8086398
655.1552408,626.3550887
614.601138,382.3337428
772.1314097,561.0461474
495.3248791,909.0176819
741.902522,662.9527715
194.4639614,552.5657529
771.179327,648.8575945
446.5594114,504.8475918
352.515561,592.0962213
535.2542122,553.254623
175.3221017,630.8770604
663.1563817,661.9605645
603.8481644,513.7374639
650.0217932,533.6928426
474.0013966,954.8099317
747.2751513,357.3283005
392.0431719,734.951442
402.5285156,689.0723573
521.4228419,483.055456
797.4069776,261.1609444
510.3943734,372.5010777
738.4329196,450.6832403
537.2495351,667.7284153
695.4636752,366.702283
451.4541567,364.3038366
930.5353252,879.8185311
754.5528748,560.6806513
526.2469982,431.6083283
385.5410886,559.8628244
825.3057839,560.0165613
767.9220159,306.7475571
426.3887979,568.3859259
444.0221771,352.7471992
605.7750855,185.0492993
453.0262003,453.1383717
549.5391528,701.2646063
822.1652773,372.1731696
192.1532051,757.29014
683.3226059,529.51353
509.4181868,564.4139639
369.5550608,778.490374
650.8100171,981.4606809
430.4029933,518.9224809
723.7156512,206.4105205
175.9504667,758.7123632
438.9278291,565.4138389
703.0696705,198.3710071
654.3029744,128.0599326
743.4094295,317.9001492
735.6288043,895.0444831
424.3614612,387.158717
154.1154986,719.4693314
525.9473544,593.2241966
801.0597639,440.7418644
702.4446162,272.8308264
412.7531053,568.9724162
739.1870325,481.4545276
791.7877961,590.9778155
929.066154,870.4322421
809.9760751,296.0776755
594.9426393,216.9641278
507.0166026,488.9987524
556.42609,412.0298119
669.7625508,417.6745144
257.7022275,661.4949033
212.2291407,474.6156582
622.0171932,730.0409283
485.3277112,510.4722571
726.7670528,408.2049426
781.2983478,292.2751625
776.8231966,467.6847514
576.4240661,488.2574806
472.2047027,412.9471981
802.3476387,344.6950868
686.7405549,444.2885113
544.4426776,540.1791493
811.7916597,636.9876748
526.977082,460.4540596
644.1916536,904.9672425
779.0698206,599.3038045
234.0733219,517.17937
538.8079312,305.8847039
424.7282335,569.0599823
728.2675485,572.4100808
583.6059432,524.5029767
674.0596266,415.1622174
489.9348872,625.2684833
437.2756239,649.5113002
561.7473505,297.1505327
356.1283039,378.0692878
512.195202,380.4334057
592.9165461,391.691261
483.0519049,731.8719606
490.3563689,428.0836617
522.555337,547.6755272
526.7004936,402.7307547
630.7202992,871.7774088
428.9519188,423.308979
648.441675,483.7051292
476.4900636,832.5047077
147.7795361,690.2858301
704.7694244,407.0654548
597.8975952,558.9649531
526.4625852,628.1182578
495.4144786,433.637873
200.8496447,732.5483362
811.3846793,753.8013063
360.0244814,295.7062664
460.9184016,639.0645231
731.5440049,442.8774036
308.7816573,650.1289015
279.3648577,718.0251487
564.9839134,726.0952925
826.6634688,563.4626043
558.5792794,488.8405025
477.6366256,832.4037487
742.7820083,624.3916104
225.56098,657.0780904
409.2551894,805.8808907
450.421433,564.5632922
424.7632283,434.8715293
656.6664028,472.4503871
763.7780129,262.9603852
593.0140554,513.2359698
863.4288355,714.2031418
731.0414927,523.7307401
349.4480253,271.2217913
694.0327198,580.4732252
585.3432986,658.6679659
642.8569342,519.9697641
594.2308469,412.3156397
633.4617203,628.1866015
493.3237137,269.0254928
280.7233665,629.9903882
504.5374933,344.8053645
467.4278554,611.9710751
468.7956672,756.5212046
756.8680054,763.6566204
783.0697993,688.8323288
569.7796213,461.2331076
496.8232176,305.0862455
562.3068793,578.182967
289.2576252,643.0994175
586.0896065,888.0925153
552.5322795,711.1355699
424.7424501,533.4860562
554.5172507,556.33891
564.2296207,364.4956421
519.765723,468.1577672
850.0493726,386.5451692
535.2228127,565.1920716
877.0391807,676.8937101
865.8295957,729.6560219
353.2931187,279.9870316
401.4868783,884.9942294
703.7545876,186.6557436
678.0100342,618.0934528
787.1904025,304.2673321
545.2947342,936.9849523
789.5587595,336.9160987
456.3394342,500.0224087
661.091114,569.7599888
670.291489,363.5537475
560.664831,469.4077625
375.1358018,813.1374909
495.7744046,787.6589909
768.7455793,296.3802184
531.0149169,368.4217839
482.6519654,874.1634025
660.8031702,482.5764019
280.7079214,660.7079784
261.4878326,408.7615128
791.0384621,604.1581137
411.4717021,600.0533295
634.1548019,782.3507211
580.9190967,591.0538691
224.0893071,561.6991637
369.9408285,595.4099228
524.6969912,589.6349053
833.4949625,430.2684895
641.2018078,569.2352608
533.5208716,516.0975284
778.4075543,481.0086112
652.4068387,611.627058
538.8922275,312.5994012
616.7770232,479.1195985
513.7233221,504.6370863
492.8133067,598.6960443
514.5882771,636.5140322
849.7471971,242.5157562
178.2660617,732.7005688
253.3450942,500.9797647
404.502446,456.956576
664.0252766,497.5130159
391.9028329,671.4151346
874.4892578,617.4207336
874.1969246,561.1334419
486.7502025,583.9204591
786.1708618,723.1175015
238.4782287,671.1974416
470.4042636,383.6765903
555.9379892,195.2549823
522.3047101,342.6099227
807.8729212,951.8870706
604.6906035,794.9505674
611.8674919,681.9862719
420.3380827,435.8282794
778.3118576,543.815389
524.5196648,920.9465222
520.2426332,375.61658
545.0253065,403.6760968
669.1913971,416.0430393
704.3196142,856.818125
585.2156182,475.1395087
664.0524366,578.0599441
751.6483139,385.8275701
740.3802593,748.725794
709.040209,189.8261342
544.405106,794.6403146
835.6982023,540.5065976
878.7833673,445.2044976
748.7222259,55.07095644
552.8097518,778.4268567
414.9187137,445.2997735
807.7558771,382.9801357
505.7829728,618.5681401
661.9578667,503.2686856
659.1034912,547.628913
563.0487979,423.4367031
834.9883724,405.0614633
819.2456909,413.9811092
911.4268424,462.5495244
832.8117532,529.0000637
566.6597131,529.1346619
292.0739048,664.3901219
747.2009969,676.9816314
479.2980888,659.9804546
712.6795726,202.8549519
554.6634622,199.6078183
780.715659,329.1159243
765.1388287,527.388396
517.2782096,401.1403151
363.8674026,844.2109241
354.8452379,529.4517051
630.5731439,451.3724029
460.6427719,425.6965397
708.0133876,464.9913674
871.4371372,812.0842947
496.2640934,495.2412279
494.5040422,231.6083116
396.1137247,664.8524609
479.4028787,360.3860941
446.6550931,528.7136927
795.7665023,591.3543017
724.4663635,478.3131587
452.6301408,581.7182268
650.2999845,540.5428485
615.0546784,480.4398598
820.8253595,320.3960027
789.9544894,672.8033427
900.9895269,685.1770339
853.8943312,622.532246
521.2957157,587.2158366
465.6472508,684.3526672
678.4406991,437.1555819
894.2665084,609.1569874
380.4989933,644.7669971
523.5503693,472.6041449
603.3344466,508.3293215
430.197653,905.7803475
601.5620514,669.2778612
727.2048934,296.4333096
747.131097,553.7620301
669.8138747,623.0142253
960.8176939,708.8672086
743.9089456,568.9518148
467.8175481,759.574694
708.9336064,542.4595664
901.7347563,425.5176884
489.291122,375.3377307
405.4952462,353.9607765
705.8985039,550.0548766
357.7596859,368.6263138
430.5936075,497.2983734
837.7625263,812.52691
522.9748712,475.4506181
602.9976059,619.3115432
685.2036261,571.455232
385.4398341,860.1508607
402.1369953,491.542432
468.1400374,241.5697455
628.4067116,468.6650907
415.2280199,855.6569912
754.8430357,426.6375568
533.9151034,314.7777727
486.7041668,836.3071998
686.3367205,247.4035791
428.4383808,668.765565
579.7085222,459.005928
423.5808325,999.539416
317.232099,517.4106858
505.2813145,551.5786858
781.061623,288.2374893
773.9893896,351.0097087
561.9376053,856.493163
579.5563035,457.8542174
580.7538447,388.5710575
493.2368557,466.3826469
837.6633841,616.4239718
468.4299886,287.3307173
403.2782391,350.7241734
384.7836051,615.5855017
819.4680642,380.3179045
433.5817007,560.8227713
464.9747527,328.1347075
357.6394359,785.6968289
504.6847086,196.5150276
803.5879349,520.3161632
725.6907951,161.6209873
747.290087,389.2390338
598.020287,579.9223798
475.3006568,536.7358642
475.205829,778.7180543
661.0050649,325.5106284
671.4131681,196.4947814
692.4742338,493.7889593
379.0405783,572.3255025
384.7997093,428.1678848
856.1912603,517.8625779
684.518005,564.9207859
536.7745124,315.1370215
525.0033313,705.5388397
412.7119533,567.2673738
874.1133623,498.4630382
406.2739125,426.9787324
449.929617,801.0444667
465.1715989,378.7920268
482.3823879,430.0030332
796.7484715,669.4891189
412.6697827,395.7882936
487.8418303,248.8150212
540.1256176,787.1722061
607.5595402,595.3744241
757.3542636,315.7561062
447.070223,892.7444676
569.0315007,538.0305514
596.0858606,498.401067
861.4342466,490.1496482
625.6460703,466.7155067
64.61325367,574.5737431
598.4040473,258.3872236
798.733982,318.5779247
588.5169575,353.5530331
572.7934363,489.5885022
720.8474486,419.9597162
869.670075,594.5956895
483.165069,443.7722453
48.78038842,621.52884
288.070166,677.6010922
556.7835143,175.9840861
724.9682316,393.917375
740.9624538,220.131635
426.0583388,278.0780444
483.322561,424.9884264
798.322822,572.8255131
612.2502485,362.6507363
423.5658968,319.6732846
576.4188828,626.1596477
828.3641515,385.5439988
640.4353658,871.357735
451.6582087,865.8325453
415.2927365,993.0902169
512.5852392,402.4128757
460.9596584,346.8669604
776.0845139,418.287728
442.4062102,396.456437
534.2771417,565.1604592
533.3191716,748.2934794
337.0197013,297.089857
733.6663191,570.4520557
857.0283662,482.0150469
409.3066331,824.8912407
657.1600914,215.0925615
505.4643785,536.1978895
625.4361159,466.7702068
795.6669406,343.1270454
445.8463906,503.7257803
448.8795306,617.9026084
656.8000904,854.8246849
383.6005202,301.7677385
337.7535154,482.0624759
598.8502771,675.8749471
566.4359316,661.4114115
474.2955125,630.2560117
796.460243,683.7404774
799.6403586,363.8532399
675.0132823,851.4443739
708.3952903,424.1883801
607.4295827,263.6472286
931.4744646,862.6727062
750.4555215,479.3574958
338.4622518,332.4246948
625.1343449,443.6015008
600.844012,304.6513401
817.6179342,559.493254
765.9635755,322.4884379
230.667762,531.8873635
955.7992081,872.2141947
719.7957743,511.6294002
473.6080038,303.9405314
524.5295221,216.700343
624.356203,245.8871455
525.3194688,582.2095874
978.9626937,532.3865802
297.2981054,708.2115179
425.3656318,801.197535
388.9334057,737.2894216
772.1156051,309.0417223
941.5250836,953.9437355
600.5210583,315.3929503
806.9306359,333.3782481
453.2728423,741.4986751
588.9467535,368.316458
745.0929443,968.2467018
783.3850829,524.7119569
456.8386357,265.8679311
510.7113797,795.924137
701.5313784,440.5708692
547.3838362,407.2183978
735.4584888,521.0456092
926.1945508,589.0386785
676.6450238,423.5871388
457.0836449,515.9483672
619.8688576,218.5745629
459.0851997,555.9166453
589.9584743,688.0839739
379.7046422,512.7890086
824.539327,950.051379
252.9306085,705.016995
386.9833994,298.317078
680.404143,467.5153023
603.8211542,526.3936191
585.2709868,992.9456314
748.1348031,475.73093
650.0588254,513.8100492
683.419531,472.0641434
732.6406962,524.319466
469.2097934,459.9277019
435.2339208,296.5280005
834.6493444,112.2626174
599.8246361,581.0752187
481.7261738,327.4380648
843.8552323,531.8180586
808.4252742,377.328977
563.5826347,366.2856597
606.0110913,681.7416676
176.5271483,701.549285
520.0343567,228.3047855
453.3151777,518.5332912
699.2709723,625.0322993
586.5178145,656.241062
509.8292269,568.0909048
391.5481351,566.047006
595.2451593,575.7874666
625.311162,536.4098158
628.0801626,659.8202406
424.2238786,324.2972391
443.2076471,492.4549708
628.116296,865.9289913
698.1614276,102.7188097
522.0168711,330.2349361
923.6803418,665.4015721
690.1455157,568.7108043
403.9785563,305.4247885
834.0454429,438.7165821
584.348476,486.3801057
658.3410191,544.3791468
690.8681691,398.4185782
432.8247714,643.2220017
502.8206615,923.9321693
662.5876698,500.310493
507.3840789,502.5716042
792.9656378,479.932787
965.7400187,912.8159742
537.7245427,315.2787863
238.2493837,818.7857035
219.3997373,517.7636037
761.6556238,539.2525699
492.0312698,200.8305889
539.9687548,481.5612743
860.4184511,725.0939549
620.413061,482.9254753
717.6225707,467.695846
526.3516383,572.5210689
708.6526885,537.1103864
666.9236654,164.1581897
521.2586086,607.2034127
646.7737401,911.3138738
588.72447,689.5177096
475.3410298,358.4678927
493.8289075,367.8738219
529.4746325,995.5677674
644.5044354,315.9196006
247.861443,737.0805041
634.7686656,438.7415502
811.6910344,546.787288
631.7827447,514.1103146
389.6337379,340.8682952
390.6836445,439.3951933
347.1578375,361.5196897
509.224831,337.4752181
826.5543345,540.2565401
765.4485244,351.3665547
441.4596404,565.8714977
567.4451956,453.5991646
433.0962514,559.5194549
619.8158409,731.1162093
391.8178624,363.3971272
512.4255001,610.8428074
712.5234888,465.0228753
319.8527458,626.7816157
390.3552228,487.4740867
322.6147804,575.0095678
705.3411623,419.9371718
600.93093,312.084138
162.7910551,713.7848679
563.3445616,416.4403358
511.9977265,433.5271983
531.5925124,363.7772281
256.390024,413.9322593
844.9441786,402.4645253
534.6976346,378.7330017
696.8646842,498.3680966
534.2827744,624.2266743
761.5071352,568.7702264
952.4702444,635.0408279
461.9300475,344.9753151
560.24666,266.3266137
385.9613269,245.079076
653.1549293,883.8379013
566.9096509,475.9245532
522.9663921,604.9175005
393.3944001,433.037551
655.1119915,475.4424695
713.0175968,628.833684
567.9535802,484.4385659
510.1670115,706.5730224
535.8605705,702.3752605
753.5498278,147.8499574
734.3372892,408.5098256
745.3664917,280.787245
271.995842,716.3674936
638.5233505,551.0715085
427.7737176,345.6495386
538.8252039,424.3490956
462.8651122,425.2472802
283.3938241,709.2031816
874.6688013,445.7325478
481.1528779,667.2986289
767.6758982,379.1965526
467.6670221,510.8046573
745.1479834,616.1686489
522.3752841,486.3227521
737.489286,520.0850354
777.783279,283.3601133
323.2178579,437.5817746
718.5442426,912.6084357
541.7890583,455.2354453
269.1110706,726.2121309
830.047891,250.5870074
483.1785366,432.9481462
580.6645149,528.6269832
512.2359494,707.9550459
363.246483,300.4396212
693.1294891,568.1160401
403.5982566,436.3204966
552.7963141,338.2603253
612.1394064,704.8083072
638.2343281,545.1192904
728.3202056,342.703945
329.1002052,556.1291567
524.4716367,343.0828758
487.3844998,396.0955376
838.592816,356.377129
816.1137232,443.8881852
721.7192797,907.1239472
491.5468992,303.4410849
486.1402338,209.0184487
792.2485722,559.5535328
814.4348524,579.0418086
792.5408604,437.7990915
425.2123194,548.0293645
809.5230441,769.3915635
756.0789875,670.4588232
889.2366972,456.6345391
622.0151408,157.0117629
330.0793729,317.0499786
874.7424913,742.5791586
610.1525326,485.2470533
414.3634394,570.5802813
555.1123585,403.1512016
955.287303,902.9638569
601.488661,504.5595492
541.0400987,697.3442312
672.4896354,853.9192082
967.8961593,554.2194591
605.7287502,492.0394549
365.3666999,344.823187
163.2444007,545.2931272
585.5679041,330.4147694
586.2652401,981.8892346
729.819443,481.6768382
665.8576695,743.2465916
490.3453431,522.163618
783.0982926,530.418735
481.4837713,610.6142287
805.385228,203.552096
512.9442664,553.464439
565.6883353,704.6157495
427.2440903,246.3399988
574.9783248,448.3080905
516.0135398,364.1047182
321.5892773,669.5933165
467.6620336,495.1433403
454.4791773,270.6509923
174.8057922,535.3859128
599.8300441,685.016987
536.9784895,372.5689618
282.391646,655.1321838
214.8273315,698.4158975
851.9262731,410.482727
338.8989239,271.9597411
751.2124658,433.6967101
397.4664959,419.7896612
562.0660048,194.1830235
545.2257481,414.161235
713.8957798,546.3490186
433.7263692,640.7159101
571.3256434,487.0534309
387.2626394,786.0050131
794.9940231,348.3183932
691.8149786,192.9808961
852.5628625,945.7592814
453.7782907,720.7622635
496.2215931,455.7745484
641.7016385,594.7130503
693.4956771,193.7571443
596.0189569,555.5166744
513.7864807,344.8852626
497.4956258,574.0515014
924.8784823,878.8064749
226.9297955,656.0530383
402.9792995,329.132326
608.3989831,283.0190004
905.2124632,536.20585
520.8726461,452.1959757
769.9689623,634.3125938
593.9341393,418.4570935
590.1018545,865.2737812
815.0008228,155.6742015
551.6674593,550.8976926
583.8931679,593.0605142
514.2777424,504.2806791
446.8252437,513.6469309
678.764192,350.9476331
606.0803769,566.4492752
762.6287244,345.4700605
664.0268945,467.0611536
867.2326121,434.3943974
194.3865412,773.5183698
778.4248869,600.6809597
611.5652266,530.8065666
544.0733586,462.7187437
416.1050793,457.301805
365.2237392,611.2737221
874.6281287,512.624198
595.3425937,332.7664345
444.440423,797.1819884
625.152157,536.3677147
465.047379,460.9008954
335.4536351,563.7734839
645.6164819,539.4846587
424.8577415,383.2036999
789.6990387,285.0415456
789.2011106,172.0018025
378.1170038,565.217186
777.5852193,155.3474426
453.6098778,620.8441695
832.9569161,383.2313425
482.0248738,700.5818163
225.0116231,668.3798855
522.546004,470.6306166
800.0921163,629.7556667
675.0680816,432.066593
896.860909,480.7025372
748.2763706,473.0629947
649.0732908,502.7705345
275.1181321,282.3670079
370.2689955,578.1234614
550.4121974,744.8244322
655.9431501,522.5179985
566.3702263,724.0368934
715.2829916,205.8830136
329.0264552,541.603044
653.2888716,636.4253378
341.8530108,603.7492629
765.7514639,361.8694736
449.9168984,338.7736871
396.1125412,456.8166081
751.0856692,258.8661942
932.3625947,857.068684
657.3859103,415.6348989
386.5700522,823.5674066
892.8701584,613.2184796
398.3448436,925.2480429
828.0221424,336.5091075
631.7716589,472.5916713
515.7406067,533.8758309
507.989089,375.8148626
337.6843495,408.7250531
702.7351067,513.3498622
515.053847,347.322885
521.4230815,370.5604154
581.0108534,482.0668009
812.2270135,551.5389039
495.6421401,246.1421131
751.0476632,428.7974373
590.4259167,249.105968
710.0059091,459.8968208
451.4065032,286.0474172
483.7816442,582.061262
494.6227941,354.3949089
518.0944025,411.3754793
767.2218934,287.0502592
868.6575603,433.4977171
697.3319468,435.5459826
800.5333874,543.7058843
707.0708476,475.164644
487.6602943,336.5574141
619.4451288,711.1437394
970.0867404,576.6112692
830.3454225,393.0303685
786.7140166,887.1873938
403.0239419,308.9310894
856.6342542,596.9355496
619.7245935,558.8400079
589.1528877,309.3214491
786.1633415,428.949064
643.8424688,473.5489229
459.7167856,717.6731919
190.9379716,475.4214085
419.180435,767.8111947
458.1578651,362.4704224
726.7809099,317.8843743
469.9928939,393.5914519
722.7282741,451.7421195
712.9114886,401.5395338
644.6729832,584.3573704
763.0173684,350.107199
763.5253785,377.6693587
752.1448039,305.2806628
713.2290792,525.3666029
705.380247,260.5651564
780.5685486,434.3965912
261.1911251,415.8861683
758.3588536,152.6361108
506.1294911,509.273995
179.4015529,546.021424
368.6460176,546.4005011
585.8592335,253.9988472
572.6266563,808.9827494
816.64368,288.6661266
476.5544805,673.5735107
223.9614469,644.1956758
725.333311,503.4422508
728.4252802,507.6604259
175.7195393,736.952571
627.8336254,733.6406874
647.2475344,599.0464968
578.6101981,523.7804883
642.9647952,883.4176215
451.3971103,580.4377892
562.1307962,508.0561345
483.9044259,524.3649937
748.6027849,880.522591
443.3555365,379.8981889
479.7869986,508.9907789
595.9683521,384.1618081
690.2790236,530.5457487
384.5838076,485.2593807
932.1716358,610.2176426
609.5474027,590.175847
447.4091161,527.2322354
518.1768861,605.1976452
588.9575096,987.2874733
486.7394164,293.9276151
530.8912663,308.7236971
676.7326159,520.2454166
457.5333202,237.8826502
593.237043,536.6862205
326.0143031,715.1047949
833.0462459,722.3510943
154.6631626,695.1469507
513.7125061,618.9899451
286.3888833,594.3682809
542.3531711,315.3748353
512.5428139,561.5214406
558.1726286,227.3749884
537.2002935,465.1068268
654.0169631,243.6209362
504.277878,693.1957579
872.5979158,787.6331453
485.1462501,584.0581705
643.1470053,625.6378447
464.1364783,545.0324973
502.7253393,646.1271657
499.295241,295.0496982
645.3598927,504.9809781
218.6216703,671.141655
560.8266674,401.0221813
351.3324012,290.4381337
753.5600895,385.9376806
630.9520804,316.0067906
521.1908958,597.878677
407.9573823,442.5077915
579.3753517,402.9395678
458.2872384,607.2542475
494.2293413,412.5736788
742.7926446,564.19625
437.8551219,252.4361755
496.6552391,440.3393654
625.9869259,476.3856386
574.017838,488.47883
538.2166134,734.9003147
428.7187294,360.2107529
810.2774416,205.4452248
690.3033372,407.7824272
785.3223406,968.9851949
551.0283232,314.7117482
676.4752926,535.8719037
229.9855114,655.2993345
459.0032254,633.0567483
780.2445313,29.96785628
661.290477,519.3649081
431.6578207,229.7625074
538.7809509,542.9460378
713.0100915,501.8413434
915.2377349,600.4584194
508.1621908,726.6009654
744.9237075,135.0429904
640.0803684,537.858804
421.7024789,228.14781
568.31839,404.3247463
783.3079173,634.1569764
703.630113,552.5282484
842.5344299,583.2118234
887.1316857,496.6464436
436.3731273,770.5260575
581.717088,506.2672242
164.0170747,406.5817205
495.1311938,437.2104283
504.0337677,204.2776557
623.0539767,762.4592776
890.2812557,848.400015
627.404953,485.2969478
422.6147429,841.8699567
437.9992661,811.1286937
442.3709157,634.2244636
770.208114,943.8656512
721.7867378,307.3565918
794.7915141,349.8053874
467.7024215,501.1520554
832.188197,455.0563642
846.0699474,156.3699666
683.9673148,423.5129447
937.3479881,892.3187972
779.0164294,633.8094909
688.0582413,256.6058769
644.5994729,494.5918681
550.1612109,856.2663394
471.8187103,241.1350281
839.9293631,112.2181553
463.0936725,531.9792338
466.6107338,860.7149528
490.8993589,791.4334017
602.0659718,557.9301018
490.8303429,613.5927093
723.4493695,448.0617102
600.8977477,473.1468208
915.1697675,458.5289215
534.3976613,331.524755
718.1860843,490.6724331
592.8810269,733.7446552
525.5707099,550.1466633
659.5371521,529.6112506
699.837467,407.0810834
641.1878907,389.9848396
745.0830121,778.6690164
364.3468446,299.9778463
837.4505384,537.6420095
310.0462222,659.9438904
756.4694741,559.5988097
529.0512033,515.6707089
741.0541656,618.8325726
479.9445205,602.1422127
240.0678745,375.2247577
305.8170239,313.5941781
974.4914225,596.521559
394.6203747,570.4009703
81.13894581,611.7615516
490.1923453,572.0168586
558.3560372,446.3675118
914.780749,863.9193375
543.4573228,370.0728993
426.7694272,762.3382605
390.4255572,447.6497254
620.3097692,661.499103
774.2628172,441.7942039
950.9011072,628.9386755
662.7767411,416.8881118
729.2623861,308.1924501
531.5246948,993.8756374
752.3654994,432.3268677
267.9679992,718.8827784
457.4922282,498.7141404
464.5080443,388.0553765
753.8518235,631.1416392
669.3465821,429.2675698
944.6678223,671.1045058
559.8799927,276.0529501
800.8880702,377.9939446
787.5540588,325.9578194
694.0272668,245.2252076
739.6689163,349.0660586
590.6903408,821.0260671
504.344557,622.3253552
702.5773751,466.6393278
423.4476392,600.1449908
733.2838172,442.6441029
521.929264,393.4518601
496.0951112,352.732678
579.6835644,321.2340549
587.729198,832.3616685
629.36603,449.5286463
740.7892621,701.1317424
744.4155026,365.2651416
426.7871494,640.5259224
457.4558551,553.1617708
577.0820779,618.9177777
703.1677191,391.9525803
410.6515244,390.2447591
549.6116594,278.4741082
366.6474439,257.9388835
373.6712447,560.8808562
490.3049252,571.6383039
703.9150457,530.9121223
507.4762251,553.1446378
421.2111273,809.1015518
470.2610183,680.3207189
176.6416607,740.4129263
501.4814178,596.3407854
690.6844759,756.6120511
676.7610343,68.55574064
730.0947731,522.3899401
388.0447213,833.5044365
508.1965865,837.9393226
552.4162241,183.5638722
519.4020967,237.9943696
851.3179673,359.7612427
415.224859,439.7794103
573.603562,476.0842867
474.2537763,515.8701198
766.5196886,315.4547334
437.8552567,304.9621361
829.5754001,729.0173806
734.1006842,474.9630811
918.101743,592.7738715
565.0524201,298.8820476
489.070052,311.831218
792.9046365,578.7061281
701.1506293,506.6974703
524.5999014,408.9709528
427.9089033,300.9191558
812.4216725,434.8840029
667.052739,494.4272245
759.294832,474.0925599
937.5284006,889.2299763
783.6063926,487.8497162
835.9042467,382.42975
733.9478362,704.9863228
642.7214788,537.9724248
552.5938501,563.9186125
762.3066096,347.2957857
725.0665199,117.428036
670.6145026,357.1848851
424.7701195,879.1917784
504.0017839,342.8453128
465.2940661,376.5558838
521.231119,586.7393734
625.7683726,536.388713
403.1171817,303.4586775
572.9742982,386.0094092
640.0083412,902.4311265
447.2270408,495.8599783
768.0666994,480.1461341
649.6367295,533.903954
524.6551951,758.7571805
575.8392051,896.3565122
282.041787,642.3744637
559.2988618,587.7021618
659.6191415,363.7836425
656.3903236,479.7552938
385.941867,558.6989744
436.1174669,417.9665686
541.6976311,806.3590046
728.0291608,523.2186946
789.7522202,521.4605818
815.4161474,307.2336942
760.2013734,77.2450945
476.917178,622.8739231
773.0790881,33.10604937
545.7840784,187.9154963
559.9139389,454.7165049
488.433148,616.2303485
483.4221226,347.2844194
613.6171764,563.9372498
590.3346244,860.8733072
526.2936181,480.7192732
659.1953977,301.9761338
687.1018142,556.3520313
808.8096637,432.5073278
544.3568382,544.756427
383.1721623,324.8322261
466.4159549,449.9019985
481.4133021,258.7259755
726.9461619,411.4638812
788.4527353,640.2919322
963.0094586,583.3198655
693.6417687,484.2103633
913.0546441,422.146905
720.5744555,403.0641578
569.4474246,484.920984
517.8851822,580.1465708
783.2277407,254.9773478
656.7171573,417.2438087
543.6232489,673.9324252
590.1305125,547.4097365
470.3524155,362.442947
509.3962251,560.1726592
77.43273839,501.3337274
836.2331178,613.0990712
896.3921633,547.8626107
759.4460321,311.0322164
646.8049449,517.281708
500.2040595,547.8433883
516.272511,334.5123661
743.3389004,425.2758003
581.0455487,475.3418656
418.7075845,246.8898412
645.177338,483.2905953
386.4764828,822.4595731
545.9937631,542.4302105
342.0940651,515.5091159
425.509791,481.9780439
567.4554873,350.3066308
532.1733586,181.8203225
594.3491793,914.7482581
563.9312204,772.7932697
460.8698192,630.7492736
900.5776778,662.969006
935.7121868,735.3452283
622.3774488,665.3183937
826.872749,615.2844631
231.8403903,670.115412
602.9016845,531.055872
546.0900889,469.2999084
859.3745218,578.332567
430.0609092,586.7761674
504.5773869,551.7904031
378.8300097,333.7034818
513.5337265,420.5496122
337.9124905,467.5288206
936.8191998,879.3339819
858.322473,359.7364626
575.9781809,361.1885013
389.725989,591.4345132
800.998358,474.7867788
569.9109271,344.8777826
782.5030049,647.965469
776.0511519,307.9583764
564.3599677,388.6875825
675.1722573,553.9117554
712.2077558,425.0084845
554.7885809,459.175983
633.986404,561.9527732
729.9715869,441.8297444
640.6188043,573.2236872
261.8023372,604.9138232
702.4987564,408.2330657
66.36849603,589.3329683
624.2863481,438.255622
449.8030302,245.8259474
475.7510512,611.5851031
764.2559418,346.2563168
613.7523172,558.045603
457.7492669,365.298509
765.4238063,311.3478598
747.7366614,448.0039596
617.9460562,913.1045392
591.2354132,606.4412679
599.853369,579.1987632
427.7763392,579.8915614
569.2168268,210.416247
792.8794539,305.246376
784.1916132,143.751107
511.6919257,422.156558
264.0564514,725.2863037
587.8147527,356.3006784
762.757813,306.7965949
606.5180677,566.8954007
446.0152229,444.5902603
639.2722351,896.2710982
279.4293196,571.0324868
959.0787206,589.5286392
521.615853,611.987832
405.9317236,663.1375149
609.1533656,388.4080855
535.1878627,817.6301276
528.8149429,711.7700325
491.8510671,333.7159345
433.6747307,577.2461078
541.5581459,455.9353265
593.4822169,543.1778968
632.4660438,281.6038393
598.3510157,480.0039306
735.5380663,798.4099824
596.6761297,549.0136318
826.8662025,598.1568995
739.9012368,423.7183312
547.0777507,716.8894637
712.2485033,530.6090153
769.0581514,618.9971117
712.4919694,483.0776034
910.646783,508.983675
522.6559623,753.2859178
577.839906,395.1006144
502.066983,190.1764822
642.4786568,314.1864142
709.726714,415.8159023
723.3425123,308.1273867
570.4114918,373.3605251
581.3233057,288.8246482
713.5275245,520.1932865
430.5720054,380.4347011
543.8586254,299.2458094
812.4740001,490.5609018
365.5651641,807.23009
914.0830084,459.3894555
509.4983934,505.8988239
701.2584153,498.9831696
923.8092506,457.4280874
506.4359661,356.5177655
917.1523119,951.3426814
682.2417942,398.3381995
850.662712,525.4065728
221.1273103,398.9326504
480.2053493,196.2876816
660.9862791,221.8340656
330.5389655,420.8071707
548.2679065,619.9956913
630.5352578,433.316066
666.7139807,162.8983744
915.9918778,516.1536701
454.981285,780.3134039
953.9018889,461.945734
617.8448616,690.0778528
743.0441853,898.7709216
627.6706505,872.6713103
687.4976639,628.2608791
521.996033,545.7215346
689.2921557,528.9507543
528.7844122,515.5253713
442.0716615,531.8338335
742.927306,675.5671598
957.6585064,907.0869233
504.0161803,311.2465664
482.0024177,445.3966165
405.5952873,348.4844157
391.3165486,570.5182265
836.7040208,561.5090715
637.1075855,471.0724379
381.8568279,667.1481723
423.9309462,547.5249243
514.3173963,582.0327419
581.5952201,326.6312698
641.0933476,872.1036245
500.2640271,617.9534431
603.7894251,714.4036392
595.8167775,247.2675184
868.7168988,534.6237888
572.0539595,407.6000866
557.1423917,552.8522284
637.000159,479.6362824
444.850789,517.6304681
423.6482456,800.0944653
502.3490394,458.5754312
159.4118312,539.1366717
781.1394177,630.3359515
452.2860494,495.133353
975.0491385,905.2340152
575.7241534,628.6461199
591.0551656,529.6114386
455.8558876,499.2899331
577.8591712,355.1677932
829.2374807,517.9220835
604.4829412,283.3842666
499.9360999,426.470803
190.5712444,746.6814147
541.3220203,468.8265165
515.4235554,554.0791151
568.4503399,539.4703255
472.3096424,219.8519291
924.9049981,660.020529
797.6585034,815.0025801
296.8996341,633.2695521
318.3683244,267.8592401
482.8540549,609.3084469
401.1692577,379.7837533
417.9558536,430.6636966
335.3436619,830.1717217
818.4113264,380.4488462
491.6347759,675.3837118
238.9820742,796.2159823
499.9967567,279.1810515
673.212993,371.8717132
706.1027955,551.6407823
471.3499795,306.9485141
806.1820509,464.3026435
716.4362499,569.3538542
410.4353381,824.9909253
551.466763,702.8180221
932.3824441,872.337552
546.2617227,399.7189067
505.1640307,348.4269994
694.3977992,543.5483865
760.2956769,505.738589
797.5417439,769.1082847
317.7151513,263.9677402
462.3273654,841.1687801
549.6961504,836.8315936
561.2448833,481.374149
431.5471583,546.2270612
713.9313889,392.435061
478.0134648,979.9394417
597.1849189,550.373466
650.6622326,567.338392
588.2159056,521.6425255
871.1478451,614.604452
505.4559144,505.0171245
588.4765096,406.0746895
440.0316961,500.7424106
521.9375783,561.0778225
920.7506583,503.4460117
758.1309973,358.3972715
538.085023,397.3931082
666.8981533,385.3443999
791.4299824,295.2595142
618.7890944,626.0613839
577.206912,488.8100601
338.561364,662.8738345
760.9028591,350.4720474
698.6573633,327.1253675
615.8587369,526.1862894
881.5743446,585.6828551
641.6634227,538.3534032
500.5547124,432.6443288
678.2323027,559.9045912
732.3359141,582.6928412
389.5710437,431.5993857
687.0441536,177.3226504
422.5317049,652.5426213
882.8724961,553.384332
475.4512577,667.6872127
337.8352201,520.3603537
684.7269256,434.6902125
509.4997866,490.4577698
599.4707472,304.0080812
580.5877688,481.4313982
597.6979026,416.1244
564.3212875,480.4909034
398.776617,429.9893686
575.8325836,521.3175844
790.3246473,401.4168661
718.0892042,167.4018968
653.0048378,606.0289696
702.2363247,534.1290852
325.9402685,658.5223776
373.0418611,935.8721878
463.9061052,512.9855571
816.6543463,236.1160336
667.9714747,558.0449552
874.9347235,513.317811
364.1596459,736.1804389
682.8281683,440.5220821
723.4889185,167.355199
487.3955556,718.3979785
438.4017672,368.3806021
554.6963598,727.2100837
639.0534122,249.2369097
260.9937245,672.2706123
387.507289,323.5015388
835.86684,458.7782896
680.3481452,551.8769663
762.0244334,495.0827063
649.4156146,408.2435753
637.9370513,543.6310008
576.7401737,727.9714346
605.6088747,497.9711344
531.9283345,421.2911557
775.612727,430.5645135
560.8504118,736.4840892
619.142414,713.7864349
728.1558525,522.3760457
500.6137663,198.0069945
579.6686436,458.7202882
447.6098274,516.3623788
540.993329,517.0005186
679.0612291,355.2786977
714.226883,186.4638337
555.0750716,465.4472084
475.5479281,390.8018935
589.1033017,345.835473
562.3826516,972.2208786
475.0512583,720.4664067
782.8094949,460.7103436
400.2837942,404.2933846
890.1981728,649.398369
247.5690949,698.4990132
774.5506112,481.995344
389.1492474,592.5074122
369.2053666,312.9521102
572.371685,686.7528478
589.5486326,621.6593429
810.0697194,604.8670628
717.6146908,524.2972767
546.4190049,308.0868108
750.4114184,431.5058022
548.9835191,733.3106064
789.220181,526.6413992
551.5688264,756.1243469
759.1101501,324.3601505
488.655012,502.8925755
748.3295671,475.5757931
565.1438023,447.7296234
503.8094019,409.9330517
644.8620245,575.6268138
564.1483505,323.2326558
299.5657922,406.049199
337.126244,615.829312
712.6564124,553.9381861
509.9956623,375.1020064
722.1225748,606.5939601
655.6874447,401.2276305
482.759362,498.4525077
428.6897268,467.5305548
718.468695,710.8150374
549.4155472,411.2883102
965.8598642,902.4821075
729.8269034,516.5614971
511.3194908,419.1062444
762.3967334,687.2502258
637.9748026,512.5280445
665.9140568,492.0122302
678.6297104,621.0719542
491.6416221,423.7646947
719.953446,479.1313199
556.0375659,350.303643
808.9204159,438.4694915
435.9829703,507.40316
542.8930152,367.4771731
828.431999,379.3286644
629.4129195,527.6023072
523.4370254,585.3597109
568.0024023,511.5153824
578.9467542,592.7942012
875.6079557,447.1129415
516.3420514,498.2427753
636.9184843,540.2741327
505.0097595,427.7266486
763.056438,76.66865416
495.8119762,621.9962144
417.3061561,527.2365186
642.3856717,472.40908
906.3673845,851.9672842
438.7064595,989.2828147
732.4902601,505.6533839
705.3028867,291.8554469
713.7842486,199.0974025
429.0743859,456.7272242
792.7220668,585.8598051
639.5695569,316.761142
624.6304395,596.9321857
577.1046988,365.1918668
745.5218414,436.6767576
471.2444855,427.2503524
519.8043282,495.2555402
764.1667767,548.4029047
717.9014212,214.8614129
711.6596723,468.4453083
893.6403755,524.0717694
828.3380252,752.9708177
860.7522957,618.8942721
605.1332529,839.2142443
596.1619176,298.5715023
965.1925344,907.4144761
502.1341414,656.7040279
540.8094111,456.7238185
397.7072056,438.9200046
660.7841597,582.5730567
651.3632389,398.4274372
265.3888339,711.4212097
916.7539005,857.8558179
626.6457766,626.9151901
835.5939367,359.865691
648.646536,469.4746854
515.4054437,911.3824892
928.2055135,614.4369878
474.660547,956.9397669
441.151188,489.0259353
667.5014256,709.7605876
752.8299008,263.8063771
571.1069253,523.2032331
731.9591048,475.4392936
168.0499061,528.7618321
399.2331086,431.091707
425.5749869,740.7135679
466.7196134,486.6622771
153.2154438,721.6125386
494.4286594,506.3619569
441.1000739,634.1451505
801.6157122,460.1241458
909.4082695,463.5179751
505.5590265,676.1885637
813.1116082,319.0893225
494.7429243,418.3218058
623.3215468,456.561933
477.9377674,452.3936941
616.9115198,526.6586366
402.3979139,325.2726892
809.3097041,438.5813362
161.283099,538.0324946
725.6500626,326.1085267
523.5695446,558.14815
817.3769099,424.7724467
980.6495492,482.3009583
271.5581512,637.2459854
401.7178506,431.9955749
978.5251527,580.0922468
822.537847,682.3686293
218.8140073,519.760366
966.0031844,553.6061202
614.1416504,636.4527505
481.3480313,777.8705581
492.3420442,625.8131232
598.6277689,499.1158037
695.9030737,644.011413
544.1471535,914.9000519
523.535883,353.7096534
690.0792711,627.4882665
525.8369318,480.8131283
807.0283699,535.9469962
824.8140878,308.8929581
306.0416893,388.7537951
844.1491384,513.6836832
549.7751436,386.4319455
393.8450342,490.8100191
414.270679,573.3625268
524.5906883,345.6476582
600.9372219,560.6641034
504.2351531,340.2389307
643.3949057,475.0583361
538.6855539,302.9704928
681.9846956,168.0554563
424.1818428,441.2585484
897.199173,553.3907255
751.8628973,305.009001
141.0273801,500.2662607
565.9272324,773.9646833
569.8655356,594.8106663
419.8505512,446.9024151
574.2630119,411.9899674
489.1447158,610.1765862
764.9393308,453.839214
545.4147894,261.5542502
518.2780208,571.3994245
323.3651181,571.8917462
465.1570677,444.3017998
919.6759437,539.3396345
474.1245529,305.1329642
697.7325155,226.8675813
645.7235939,403.8334693
410.0728354,715.5245522
725.8666834,523.8237177
893.6965531,527.9023637
551.2967771,393.9797013
455.412564,819.5621816
818.538887,587.9937354
589.8427784,529.1217495
394.0370717,438.6990104
590.5310212,510.0116105
657.7349154,509.2124209
730.5808365,514.5471005
899.023716,530.54531
220.2819351,655.7157489
235.1371456,778.6954262
829.6735086,726.6933371
672.8878521,429.4631153
765.6186302,374.3771779
489.6110646,640.0574614
164.479963,415.0391736
501.8741815,491.5394442
452.5303994,797.386184
772.1145864,349.1458313
348.8262218,660.4576074
719.3049919,460.1553403
513.9330817,715.6823844
651.7628039,564.7882144
718.7216139,982.3887229
792.2384003,345.770702
683.2010226,546.704026
521.7681018,680.0035921
431.4819174,663.6290217
925.8714922,863.6939765
570.6119334,681.4152639
487.6135546,313.9493317
787.5061955,396.951078
504.5350065,694.0864208
420.111335,397.668698
476.0451221,200.9788934
386.1913404,569.4283199
467.7852048,394.5035936
587.0107092,591.7945769
567.9253566,256.3690661
703.1993433,463.416828
798.3804228,665.9433078
699.7145505,511.4945095
163.417982,698.6295162
605.6225221,571.2779686
427.6558495,563.8817976
646.7461307,469.9818836
576.4501475,519.6697702
388.5999955,394.5137272
571.873667,177.9302643
422.9128436,406.1426363
750.2011045,905.1167589
851.1602057,627.6398722
448.9791073,430.1304647
572.0584537,474.3568879
551.7104688,733.8806532
262.9220687,709.1109562
823.5642489,272.88444
805.3480609,614.6621817
767.311448,352.3224691
746.4006985,553.7600661
682.127117,162.139489
471.6531737,243.8417842
773.3205918,523.4085361
871.0777355,713.5144806
724.8425885,514.2534375
563.7017162,185.6205998
552.5934606,454.0321687
859.5027715,480.9918961
528.3228422,701.3774331
782.697634,631.8509226
510.9196113,451.049196
545.8250506,332.907468
475.648014,336.0589078
514.3885696,549.0851514
701.2329481,403.2828746
586.6846245,526.9683252
609.7764275,260.5566944
503.9900241,494.6494097
704.5141085,272.6535839
421.1882667,596.7712195
511.4798741,379.2967595
413.3244688,910.2200392
800.2665963,274.3823826
579.2019802,393.147395
439.6892825,422.7312014
422.5695462,776.9087307
504.9095987,406.4936738
500.0149582,666.3795295
526.6781274,742.8971211
549.9294297,466.0513122
427.2821413,930.0059896
610.5945828,250.6737378
706.8431412,278.4453164
529.4577942,701.954354
502.4624432,455.881107
589.7652983,414.4447854
697.1567477,513.0938499
517.3652774,763.3495853
520.3674823,496.0369701
794.0687259,654.4125997
466.3378455,504.5615968
385.5623762,904.6153693
563.4316294,658.5286666
633.9610716,596.4531107
864.8033586,367.2917193
774.8338361,281.7087682
536.4295221,553.2018452
407.1295794,358.9215399
701.9523957,358.467433
627.1917178,570.2997187
256.2102108,726.8523602
272.7680815,706.5259277
476.4925953,372.6320821
142.8175874,697.7299525
508.4514979,493.6574117
400.5350952,593.7133006
494.8211684,338.6151446
637.3163564,564.4246824
851.0228627,942.1246923
773.9238641,188.6302957
709.6842887,265.4004522
555.8738569,467.9250933
536.0270359,371.7338347
484.3953581,509.4423159
260.8261805,497.8947465
567.982463,472.4616489
634.7721261,561.1026443
696.0922049,546.4719789
669.7012049,554.5839104
572.2532476,461.8845569
784.0644871,473.6916905
641.4228329,391.0380776
776.2017977,640.3476143
565.275887,383.7790538
751.4028254,624.7928767
524.2099541,550.3510887
470.0744638,659.8844265
767.1473196,370.6233059
491.1285634,343.488112
701.1860286,563.1362424
592.0449996,669.5464725
697.0096972,634.6302847
564.0839035,243.0798483
618.6013565,809.0665338
490.7471401,703.5143722
452.0928584,413.4009497
696.4926837,85.14018967
663.6446023,572.6210668
494.9455081,502.5760964
337.8470248,271.7878265
470.6660212,599.3584628
535.1262322,468.26606
613.4481194,896.795868
526.1784016,331.3881928
826.1678926,406.1134685
781.7794377,473.3778649
502.9984073,440.610275
599.5874468,498.7625515
469.0924646,271.2414106
507.7187624,698.7944731
629.3863288,430.8096192
577.7907094,459.9506015
752.4164637,556.1929247
456.1161021,412.1733735
640.0530286,389.7204907
759.9370242,369.0606969
444.1593253,268.6404819
419.3007599,644.6277606
814.0830759,297.1533952
610.9137464,768.386256
860.9466402,731.1479679
961.7765629,546.9594741
540.1724472,749.1790651
545.5681467,692.6700688
796.8534711,239.0160578
669.6323687,538.5899633
611.2853873,526.1902175
693.654757,498.9261503
426.1374968,744.1540114
486.7526443,432.8618337
521.0931618,432.435056
418.2712869,480.3636808
852.4342533,948.9336
501.5712271,426.0127263
551.7631859,765.0462493
799.2981847,821.1150122
791.5299935,908.1638757
942.9063031,896.7928593
906.0578535,449.762532
389.013058,667.2598082
599.9842853,909.6505774
467.087614,386.8902102
790.2764244,570.1628849
699.5187079,543.2949651
538.0944309,308.6600753
570.9028135,732.7453234
652.1071799,884.0932241
592.7792181,563.1613568
584.6216189,531.8884709
601.2898673,761.6603387
645.1324858,542.7500326
557.7714907,559.3232826
481.8768346,313.590647
687.2715005,154.9505849
577.5524116,381.7384562
676.2902511,563.0506195
206.3821479,703.5325498
465.5558536,618.1980265
474.5907969,658.5297322
634.4039757,747.5981113
434.4139828,415.3057373
785.754893,303.8214992
468.8051949,643.4009366
459.7595854,644.3925794
546.8946718,410.0834665
475.7541073,537.182115
781.774494,316.9439841
686.2418927,565.8605493
515.4209338,770.9570767
412.5025683,316.6926311
377.5674373,967.4266392
515.9742006,503.1131309
520.4308955,763.4693489
782.8532534,257.2545473
783.1309055,185.7747546
636.4764042,470.1704296
671.2346432,474.7859222
558.7636468,242.5609496
493.3734646,707.3542224
599.2274459,498.8862848
522.1227097,595.0215688
478.7888652,375.3014172
633.3897531,537.3088153
539.99184,464.2024157
486.5975493,404.5306969
704.0440744,492.0129823
457.765416,336.2115164
752.6587614,246.176003
508.4586886,382.1989984
540.5140968,683.0242155
510.713522,369.1263662
788.3335939,334.2093427
497.9370168,445.5151891
600.4520423,572.4745174
765.1000137,444.2173469
737.2715866,900.2809825
331.2579487,513.7306734
916.5993896,852.50131
720.4717479,313.2518533
936.3272939,864.4367737
470.1328135,248.7671534
855.3431585,478.8363197
400.6676593,584.0361275
668.8874689,653.1273983
653.7109076,538.2116384
632.8012967,644.6173136
347.4357293,660.6005631
912.5358329,739.6865936
486.14708,331.9131507
567.0711278,198.4845651
688.4444285,577.9607401
887.8416505,491.7657037
402.3491218,400.5664865
640.0314565,571.8017982
431.6329528,644.9333331
395.8718465,346.1299717
489.5230081,379.9675982
590.7273881,964.1976833
430.8650277,522.7936928
828.791221,381.3329067
716.1886341,456.9133257
689.1661981,557.7593155
763.4277943,374.6311009
743.5072684,303.4914391
633.0729415,275.8251027
458.1677824,608.8243365
717.4318965,606.0446609
595.3288115,481.4586228
669.6909731,385.6078713
703.5167392,209.3892727
779.5262822,429.0834532
789.4535801,253.8340783
579.825851,366.6439683
664.8813031,514.616489
432.2582916,410.7391572
527.0375291,330.0283795
565.0660375,487.0431093
689.9847729,544.0318075
248.0645812,697.7115868
421.3929928,797.7583452
496.9968887,791.5602273
342.3351044,582.3444363
470.5042447,680.312821
510.2029202,559.5444022
729.8539136,459.3553776
543.8221624,368.5116275
364.1515863,386.6445195
732.4163754,468.9988699
520.5947094,461.3635688
607.6134856,567.2496558
628.7614244,567.7026762
625.7344564,564.1762755
491.8034135,314.4035222
724.8677561,546.8411732
950.8164363,636.3076428
664.4168718,624.8851439
470.8276778,603.2179324
484.7727815,524.8355858
953.7227349,636.6460604
338.0211903,559.4905169
646.4637447,786.0434578
443.27521,524.5506146
726.704838,284.6614657
657.7849958,293.9877893
479.7187915,377.713591
536.5903248,472.6555856
569.694546,522.8867331
708.428922,558.5866073
653.2923172,483.3638909
626.8582777,741.0347063
579.1138189,466.720187
747.421183,478.5623805
457.7200246,386.7311454
415.6775754,653.976566
729.7521198,435.2323033
522.3131292,554.2208798
385.7421444,443.232599
429.1198823,263.3443723
519.7791457,398.6110523
530.3215058,548.8286377
582.2029717,663.333729
599.3407748,679.8008173
762.7021897,408.9634937
498.592407,806.7520179
717.9116081,408.3691055
385.1644741,565.8709545
528.1323478,487.3058494
793.0314779,714.4573154
516.63013,183.3525727
621.5529566,740.1293342
523.9813637,464.8499787
631.3035873,647.2373393
574.9446332,394.7312112
686.2756742,613.0817502
539.7867993,332.4393831
585.3801361,526.4594556
293.9284542,664.4490843
594.7274717,912.116302
649.6353213,534.1886954
471.2975771,443.6305432
722.8628905,165.2039894
641.9404906,585.4678156
476.4820489,624.5015538
679.6358284,738.6671201
607.1777274,558.0354068
698.4564572,522.3907968
470.536663,346.9447691
657.2479681,490.0870085
417.1265226,449.5437735
472.683905,538.6658289
404.2470253,413.9576872
812.4528923,755.2805698
782.1727856,644.0437566
639.1445847,641.5929293
660.9709838,359.2253991
711.8622112,557.7834061
641.5100654,925.9391486
530.7913751,463.3364494
650.9435999,641.1473471
777.380643,298.90244
499.5638148,737.9636661
691.4682206,236.3299657
361.8596308,494.5654791
500.5716256,502.260453
412.2118081,423.6187511
317.1269046,350.1710506
667.7095523,894.4061552
363.2724596,637.9497111
699.1608492,575.0268888
543.7385852,561.4981231
579.9107466,519.0483872
861.1427374,272.5392737
476.3416499,632.1436663
99.2254909,624.4377858
723.2578564,158.8290052
527.2073951,424.6671208
180.5512459,706.2862961
407.6708467,446.8337789
760.4458732,561.820745
792.3009746,294.8895678
364.8108714,389.2468481
844.8480625,420.6819121
603.7280792,679.0128476
459.4234038,583.1554936
475.7304228,252.7355008
378.967068,612.0153283
810.5093876,380.7871594
807.3454062,416.4810161
399.0454455,287.6619265
488.4212084,825.7190758
480.1338315,501.1758117
577.9457746,392.8060522
640.0610883,625.5184573
407.8492817,446.3109939
497.8679109,428.0212309
576.9162866,644.3573733
483.3924159,774.8855795
654.4166029,636.5900649
683.0847126,398.7574137
616.0288726,527.75548
563.5906194,391.6494315
406.3577144,837.3494476
655.9845567,577.7949474
637.7531933,531.4715551
460.3503039,859.982519
603.0001676,571.7876531
511.9783116,344.078196
455.6203462,691.8747445
704.2061954,430.63409
395.5407583,805.9192309
401.6754552,243.6685115
606.2819121,645.780683
907.3992543,462.5876348
882.3042786,681.4458943
328.891614,668.8258855
835.1832112,565.8963405
685.2273705,543.6533572
573.1833087,593.934253
758.1231174,532.4337376
577.5518124,808.3963009
426.0758063,639.6317911
964.0170597,936.0704913
502.9177064,612.8364147
421.6361893,330.7076175
335.9917265,337.8690462
538.4503271,397.3043093
688.2414851,533.9145681
474.0811988,965.7945164
454.9295567,515.5558763
478.0440703,377.4863077
602.8151561,281.8211562
745.3552262,682.7964517
515.6409851,622.492882
975.8564628,576.0277668
514.4205833,553.6330524
642.9973632,359.9407208
694.5623171,444.0614788
747.9904792,499.5369401
532.2284127,696.377849
439.9429206,444.0936344
523.8995991,547.4143123
544.1861932,597.2712929
510.9107877,557.7735024
407.6754458,592.691487
865.4541497,790.7275031
571.5009025,568.2697143
429.3306456,878.7553268
390.7672068,582.0801291
390.6508368,299.223662
438.6156465,400.8107356
746.374707,281.166531
615.591811,886.8929995
817.4705991,548.1547902
717.9262442,476.4205941
822.43084,558.0655984
405.9784483,720.6961136
661.270283,585.1513574
598.8861858,526.1237541
792.171107,956.5567827
501.7952932,675.747014
735.3510174,440.2564168
887.1755342,511.3482735
951.4886498,476.1472608
204.9068797,534.5650771
343.8017587,288.2755579
479.5501689,537.3627005
427.5231955,268.6626921
306.6112701,716.7925998
507.2188419,539.7487778
448.9924101,379.8066947
574.8558127,378.8546875
537.6996598,535.9261441
524.2916737,579.7336874
669.4735284,535.6608967
380.8119698,866.7263214
547.9806818,791.7763324
569.3867528,682.6792999
492.6929968,704.4875031
308.9826831,404.6667577
753.9899304,306.4246009
510.5225332,701.89255
743.4297133,365.843734
478.3962364,513.7948175
489.4189073,827.2471055
419.6347693,414.6810739
614.6613454,512.4423797
364.5370244,352.8564949
617.3522367,539.3766793
454.8975879,546.3149617
393.0690795,313.0632446
594.3402958,195.57096
232.5908929,766.3171593
671.2825664,427.6054643
462.8187769,341.7522094
374.5570229,427.4281382
930.6888023,455.4114969
824.6338701,637.829258
613.2357082,649.4702856
682.2123271,454.7394254
674.9952305,560.2075728
513.9736195,555.58132
718.3138995,395.7846581
374.3369116,420.8575457
588.3714051,280.0426092
673.4033526,556.6066019
909.3035545,725.6742188
871.9757229,713.9342798
331.4334175,545.5048654
769.0491929,446.9804954
474.7847668,627.4813088
512.5315484,533.0215024
450.1996439,496.5169017
521.6374252,439.2741344
631.5356232,451.9851985
659.1138878,498.3465132
304.4814656,707.488946
831.7654569,410.1775306
980.5070978,589.7665157
814.4975765,444.3752417
860.9071212,579.7497757
590.7596715,251.169695
692.7201118,569.3854457
991.8523629,926.0215958
641.3130394,486.2096537
555.4382934,445.1604116
717.2189759,597.7083921
809.7619112,325.3287057
304.263137,811.2236981
709.6316616,188.2841892
435.6102058,271.2617403
429.382314,655.0527245
738.3614917,466.3217204
682.3601865,436.9626481
454.2220937,617.0388359
218.6562906,646.5411981
561.9656941,406.4789019
732.6877655,510.1119636
766.1359283,363.1483859
499.3353293,596.0475821
483.706561,664.0561128
282.4355843,334.0583428
699.417034,428.6063631
489.5791108,395.8281382
549.3297677,786.5800954
426.6816404,356.5347313
495.5314328,632.702305
730.8957456,434.4195118
453.6079453,537.9009469
609.6993968,593.695708
252.5434176,665.5098022
625.0376895,536.2422262
148.1295749,658.9843405
464.5667686,642.0356073
413.3989228,242.3511336
599.6964463,669.8018789
239.804514,764.02594
366.1629235,349.0529164
371.858117,328.6754611
567.2786852,464.1254846
565.9612235,399.636585
400.4826778,440.8584521
464.2989588,226.833211
157.7271778,717.5049964
683.8691913,380.371142
562.1764873,389.6277638
570.4737965,508.2475848
412.5729925,484.4106309
547.6517358,305.0568688
449.4950572,387.742909
862.5756852,287.403595
632.9968096,240.7267624
497.4103707,321.9771237
465.2347875,613.901771
541.6127056,424.7827891
600.1227368,500.3234472
763.0951631,322.5152238
634.4353153,558.692957
420.6214424,819.4156112
349.6319132,296.3782752
939.8524597,481.8669513
480.1520031,589.3663149
430.4895966,410.4458285
706.6003342,255.1936827
665.312717,384.587959
457.0475265,319.9248256
472.0084857,800.0863376
447.570578,427.3243793
474.6137323,608.1710904
390.9132535,860.5755908
462.1438519,386.6754215
431.2242196,396.1611025
614.9115679,874.21547
593.5955608,498.0182082
446.9860465,277.5365595
428.4851805,353.252893
696.4984662,432.7664742
580.3819941,505.5824702
549.3112216,394.042759
765.8999675,315.4718454
671.4330175,580.0802328
894.6494148,855.1900138
578.0194945,461.6451343
263.4452843,422.2345547
552.7626075,273.2028832
618.131592,522.7146096
977.7788298,588.8155322
570.1503035,659.1337106
686.1577762,471.5580945
907.4859775,943.5859453
521.2069252,487.1629982
754.1484411,235.7346165
551.8280523,842.0764505
815.8782717,449.5635808
722.3340872,452.2150935
664.6478291,645.1153185
687.8656196,433.5490741
595.1268868,307.7070443
506.1360676,407.579924
396.5100089,449.4427308
692.5426656,558.8270119
537.1993048,542.152197
305.9065036,666.6552029
493.9485732,227.7823348
413.1531496,845.9618285
797.3044947,376.9953232
680.5994612,379.4501621
640.7249874,642.2093814
692.5495417,242.5675521
936.7216755,524.0706412
605.4412708,492.1683699
587.152022,543.4462783
916.4330441,521.4237669
593.7066876,544.1818044
915.7159934,857.9359876
798.9473819,437.847607
650.8710035,260.6196267
503.6228324,991.7408713
553.2598016,731.8601138
912.1863783,854.7661403
771.7067821,435.7379762
685.3760838,616.6717937
914.4239989,731.9480142
358.9065026,271.9223202
582.5567257,462.1643464
186.5255296,678.0058896
494.6982968,752.3780384
734.0787674,477.9219841
797.2931543,651.9358849
571.3589155,523.3525615
708.9685264,7.78715756
509.4408675,633.5606869
408.7567968,925.6569354
877.8714479,722.8970923
956.550205,883.6301955
454.335078,218.1622646
556.3889379,433.8222194
794.326918,455.7605704
754.7258568,358.5929632
627.6644934,728.8397411
657.9362408,538.3469052
690.6782439,478.4911534
402.4621811,681.7044348
575.3228507,592.2240708
503.9694556,453.958497
850.2690195,633.8420435
865.6314162,286.2078193
538.9256045,464.1737076
717.2564427,487.7853005
703.3527456,334.6838419
967.2440798,656.2663645
740.9197139,663.3557093
651.4947694,480.0171981
693.2896177,720.1107725
635.5779524,626.3409436
627.3124322,36.28302144
436.5244023,254.3059659
559.9716745,407.7244677
702.053006,144.0932019
774.2183844,295.4214415
682.4330676,383.0584668
345.3677051,290.9215129
699.0867847,681.339085
302.9080588,416.4606655
656.9008356,878.2326046
481.3184294,417.0071859
604.8038724,574.2251501
465.5527825,499.534809
662.444769,578.4683143
419.7996468,591.2614913
938.3544807,866.9845484
298.7753661,543.1235102
821.1962964,244.9651627
428.7479417,790.0722511
812.1813973,631.753599
560.7269709,522.1099417
472.5794447,443.9434286
712.6522328,331.3017968
871.3766601,721.3541235
263.7106522,668.3879505
874.4240918,826.0024382
485.8111829,590.8737015
747.744736,687.6591811
671.2419088,580.0347678
402.922238,369.7405199
718.2364493,463.9783292
424.1818428,382.0472464
431.3215342,498.1216954
761.1019225,362.4322702
605.0283581,369.0759076
653.8010914,582.9076926
427.9250226,893.8835583
426.0740386,445.3600314
768.4543996,344.0147623
470.850029,928.4640655
279.7898599,655.8584539
720.1635502,476.2512076
478.6533499,689.2806689
481.030171,699.783546
504.4249434,207.8986221
730.1270864,469.8642512
558.0024929,424.337395
621.5582598,649.065739
400.6246648,448.0012852
808.4034024,331.8957252
178.2494781,658.3033474
590.7287364,735.7363402
333.2679227,601.5377537
552.8186054,559.1955376
451.1227989,866.8006826
658.1740293,532.7113124
274.9860324,370.8659879
772.5870773,683.2184029
746.3914554,311.8350834
512.3264777,532.9761837
736.5482141,554.1395192
704.4616461,741.2163574
973.6280554,609.525534
897.7574134,485.2987238
829.3541653,417.3611067
602.9556749,542.9534133
394.6987837,408.6607627
794.9398979,537.7668084
713.7712453,389.966453
445.9843927,255.2348645
630.7372274,550.1028698
782.6467297,624.9203083
614.0607397,635.7217584
665.4440227,623.4891424
618.3843762,480.271915
428.3196588,578.9409749
567.5614757,519.3958728
589.15112,531.8067969
642.0890091,551.4421236
602.4074266,641.6068028
694.5052257,240.9873086
905.7144511,730.7558531
394.2662013,655.7632824
391.8123645,442.4533003
742.8914872,471.2671686
500.4779514,534.8998383
340.9321779,278.0065248
431.4329156,476.4612117
905.4657867,859.1912272
387.454602,438.8649702
571.2143668,573.0008125
856.6055812,523.9920385
792.6983674,253.0526067
624.1142649,663.5065002
764.9263576,924.6706832
957.5381815,469.596601
850.5413085,422.8355662
528.0039483,444.4926651
614.2514738,521.0365412
606.9420662,628.7857744
620.1465546,550.4883613
488.7970739,797.9442795
771.602921,452.4433379
522.7201395,352.9154156
722.2509444,457.9828817
585.2636762,164.9132516
467.2317582,695.938138
800.5356046,310.3856981
510.9727178,429.7492356
583.8456342,510.3020559
474.6325331,438.2402233
474.7851413,616.2957044
777.59247,295.932317
344.6478081,545.9038543
703.3109045,535.5467327
568.211293,725.2207806
480.8357367,329.1444026
724.040852,318.3397139
457.3051494,346.6687196
970.8514147,548.5261366
519.2317214,367.9249073
900.3383164,444.8969402
578.2178388,473.9053719
552.092746,710.99836
628.3969142,544.8392502
914.6800488,454.4220897
601.8463249,266.2361852
636.9260645,873.7278494
415.3872497,430.157961
713.8578187,396.690469
659.1722226,638.5457498
562.4686557,364.0615724
655.8666137,538.7141354
672.8049939,657.5502913
426.2512302,550.7741264
628.2808139,458.9112162
840.8051641,396.6545107
836.0626226,421.104114
475.537861,604.0364697
678.522973,337.4910138
526.002738,355.4729478
460.7900621,950.2487005
418.7614701,235.5778708
828.7714614,580.0649385
410.8940917,922.4672808
596.8901438,537.4733543
347.4703796,660.9556958
634.5143234,944.2271357
633.0726419,430.0559573
760.6823884,320.463657
396.9333931,664.3184351
768.0164542,576.5493398
756.1106567,534.985127
427.9871774,570.534461
953.6406856,903.2251972
624.0474061,439.6490745
862.200449,461.7336824
742.0569729,559.0674792
768.6654626,461.4585731
723.7477549,344.4380298
364.6398219,313.5182708
859.6957677,584.020478
296.6983835,670.6494587
732.979814,519.8496245
692.2666014,442.7547567
451.5576134,506.0351145
452.2190258,414.3286574
834.0012648,437.2550157
529.2056392,458.5381984
473.1038736,325.5633018
366.450328,299.9204091
448.9655947,644.0555199
902.6652668,735.5954739
951.1912981,899.3576626
765.2096723,552.5604876
504.8927004,615.0648479
544.9467927,757.7211173
730.1738861,846.529577
506.891364,497.8566361
705.4716891,187.8511433
417.6009461,287.822057
556.3094953,442.0620839
737.7979481,349.2107276
398.7344464,666.4149028
411.9312797,610.4922922
465.6481047,777.8279346
822.4981033,303.0318998
557.6077668,717.0950382
254.8007377,741.8157183
815.4104997,579.2582689
592.3446433,548.186716
480.7694621,737.8859201
809.0384787,291.7719342
659.1971504,585.4120708
451.9283555,930.3172035
556.3906757,206.6204619
710.1227136,466.5922121
565.6760212,702.5082917
712.1211674,195.6264331
180.0041811,534.5558838
587.3417075,243.2001968
895.4285005,625.6597833
532.3268058,478.0912242
485.2927762,493.6074545
540.6208492,669.8294797
819.0140894,305.9385055
430.0971625,957.562508
727.9991395,794.6618562
443.5912426,384.2386766
511.6298458,791.3721827
580.8406578,610.1539164
425.0908111,748.2589419
584.995447,545.9287807
666.7210516,375.4283265
224.6036091,667.2081168
840.2019666,204.729527
324.0893595,667.3713395
481.7829057,400.1004284
454.5668293,856.3847239
130.9580652,497.3248668
586.591939,221.0680972
478.8298674,272.89449
431.9092266,369.8910183
760.4651384,540.3803988
541.4550189,542.186045
473.6507287,638.4228522
746.6442396,664.7416817
305.7199191,340.9707168
363.7839902,600.8414245
534.0881004,355.6159035
478.1160825,659.4279587
448.7122712,653.7595416
426.3484399,307.1938078
822.4285329,368.0219593
658.4663625,471.5375767
367.6892909,352.972017
600.4534055,344.5973036
389.2090204,611.9219328
265.5749989,770.1579915
642.7082209,479.858593
653.7937658,491.7946625
599.9527359,314.4666216
778.7813974,418.1006236
509.3892441,300.6310297
623.2875556,573.1190926
216.2110527,768.9901509
540.6824348,411.8609479
827.1274357,544.4638504
649.1278505,924.6731069
733.9398215,297.9416573
482.0858452,404.2965814
465.7143942,614.1026654
636.6327277,292.6895084
653.3577978,498.1852127
751.8397222,438.6044657
706.1039341,745.2024019
615.1077849,884.5131904
622.6924178,460.1132392
329.6030769,317.6377016
442.6380663,729.8227966
223.5329393,549.5667337
568.9430997,376.1914533
782.295073,286.8398999
796.7295958,161.222855
741.90411,324.5736647
455.5135339,228.4147707
476.6500124,220.3985957
626.9198183,551.9622341
682.8629834,568.4364472
728.5762406,166.5958748
429.5329149,348.8301671
787.1725156,849.3685075
596.8728112,683.0414738
893.8179416,425.5696305
340.2733721,550.8837982
933.8676146,652.9967282
435.0279364,505.8542574
339.8472914,391.5534243
597.1035288,539.2190979
450.9071219,931.5588203
475.9958806,774.5440069
493.5046056,412.7139391
562.7816323,484.6475462
418.8521631,579.2458788
466.5162506,903.9229681
705.3658655,383.6337997
456.6219401,613.5430237
915.8134727,849.6178338
501.7965216,211.613736
729.2206799,299.673799
902.6198004,532.6613552
935.117079,951.2859128
515.7343447,946.233321
452.0543281,381.6693603
850.0356503,634.7654052
420.2454721,327.987573
446.6708827,376.5113799
609.2886562,389.5903011
594.1771261,550.3242401
565.2361582,189.2920247
486.7157469,575.6223426
698.7240723,515.9345982
793.6213575,331.0186642
878.3462308,870.5578768
455.3758464,640.1349567
718.297196,393.3376543
399.5522722,242.3668249
707.2936704,514.5242426
664.4306391,309.4014726
769.352477,549.6699284
377.5844853,966.5534854
820.5006831,315.5381416
555.4477162,502.0543561
564.2490507,568.8344541
473.6952064,753.4557639
458.1104812,431.604839
532.5109634,488.2716466
499.7162433,787.5710905
439.3340155,262.1569541
626.1853002,438.2034292
582.7015889,424.7091592
403.7734857,915.3488099
673.996468,870.9600833
750.6120398,428.7208405
68.40539032,602.3449248
561.5729603,452.4234888
472.3892798,536.5004115
860.0866438,740.4941198
605.3353124,592.0364649
650.7494202,511.7705381
787.5330408,883.1553411
615.5455806,842.033848
392.9407549,417.7613493
286.6732766,411.8728991
638.0806112,453.1142602
754.5171009,560.9915309
762.1104375,347.2288
514.5026775,374.9755777
949.445179,899.7506758
852.9005123,500.5192852
356.1174878,304.782052
682.7565905,334.7984238
446.1339149,602.0450981
520.7837507,468.8734441
700.4100889,470.0957341
484.441199,595.3596522
323.6951726,646.1509011
845.7324474,853.85824
692.6143032,432.5402356
497.4989965,806.7276557
688.9907742,729.3482346
548.0036472,487.3086492
513.0066759,811.6532547
634.9584859,594.2942331
465.5900845,541.4998702
488.2940973,520.019575
699.6148839,536.4536928
492.0267606,513.0510175
508.3115183,816.1506552
912.7173389,853.9780871
149.1274535,500.8787847
601.7023755,287.3045373
678.3103521,525.6295938
327.5577335,425.3918239
585.4166141,299.7053069
591.4027625,297.8219356
148.6482662,447.6432274
836.1478028,568.9989096
907.6325785,729.9743187
770.8859302,285.4710396
770.4923576,488.5459619
591.5475658,614.3046253
284.5864068,665.4150069
812.5861156,285.4293354
501.3931816,630.660433
389.3037732,701.6063252
620.8191575,895.8745538
856.0681939,478.1397607
307.7262078,433.913421
685.8505372,541.623708
979.9977844,946.1080206
640.9889472,893.7676392
593.389801,346.9655584
695.9796251,537.5380835
646.6596622,569.5886175
474.2875727,670.7175099
488.4980743,617.3756029
733.3275608,695.2590253
551.2545016,474.6067156
947.4147413,670.0562197
396.1357164,271.0791908
480.2537819,516.5002991
428.0330932,836.1665633
600.1406387,410.7840581
335.1913382,527.4433259
732.6857281,584.8656759
822.9216673,579.8345838
772.0683859,921.5222939
768.9552191,328.7858851
409.0418044,232.6845954
509.5332085,486.4201384
850.3914417,507.2415043
727.3643628,520.4856959
805.8337049,241.534017
458.2519888,364.706064
440.774169,642.0094064
609.744174,593.7715944
436.4663671,361.2026465
964.94387,919.7060127
562.0298564,558.1135497
593.1436983,316.8595103
312.0798956,321.0224421
722.1156837,270.7718423
780.4493323,420.1838863
441.7264315,369.219114
528.2506503,453.3886591
369.3862584,313.3422192
866.4550545,988.3174354
911.0240567,849.4903604
446.239319,242.1835649
503.779875,464.0815448
314.9100773,545.1817839
466.6484102,365.8216074
548.573168,366.5217602
817.5003957,224.4590223
456.1044472,577.1218104
705.1011268,552.0590771
637.6120003,922.1657199
500.0660274,446.4552659
548.8542058,307.1048418
583.3846035,582.2902376
540.8539936,200.4677673
403.8576172,433.306016
535.5929555,407.503766
470.7410445,246.8024841
191.5676999,516.2406721
748.2150996,516.3416103
576.7424208,549.7431405
661.879278,491.772536
787.3543362,651.7422198
192.9743266,482.7945754
750.9160429,543.645125
738.0222689,451.2187496
879.6612357,872.6215202
432.7573283,579.2808133
482.8115397,855.3891739
732.9607736,534.793823
835.283462,554.5922262
698.3799059,545.9811198
637.9767801,540.9797179
492.271605,283.6273247
607.8166088,662.1544803
832.0418656,723.0760899
607.0677092,297.3562953
623.9826895,457.2059231
465.0061971,687.661563
772.1861342,354.6406205
681.1671545,371.7574656
437.5900985,770.3990647
667.0082463,306.2496985
438.5081751,652.1748269
562.2771576,254.4932165
423.163905,585.6529142
429.6954104,357.2043373
707.5373313,798.4441648
782.245412,929.6143136
312.2651618,629.066525
766.2813159,353.2040641
613.9841584,558.4245755
537.5669309,475.9230071
232.5956568,721.4127308
877.7274834,434.2404306
801.8536205,229.9636733
555.036736,553.183772
560.2936095,404.524575
267.985946,573.7360252
725.1422622,443.6635346
516.2533807,441.7458765
536.2853929,482.2977615
780.932085,288.6969241
430.2582199,563.9341576
811.1094091,642.7724079
157.0833678,697.1751373
695.2105165,773.0209291
453.3166309,334.6511849
696.812806,489.09804
903.5291582,733.2514141
795.7971228,599.2601155
746.2784711,494.7711582
640.3686718,391.081495
458.9793762,805.3521928
526.3759519,412.5138597
428.9177778,486.7561114
614.2242539,553.2660519
494.1294201,434.002993
723.8840042,623.9668594
349.2270302,507.1176038
282.9373326,699.815827
710.5099344,571.7408091
592.5665073,465.7592789
576.0798698,697.0196662
466.5487437,473.4820417
607.3329273,849.0427724
712.6477686,186.2245155
732.280875,521.6768541
211.4068058,516.3530601
667.1984412,556.6167564
717.5210316,732.4906274
608.5222592,633.5961229
482.8619497,279.5978628
725.009788,866.9396058
622.105759,862.8079312
506.5139855,376.1680104
522.570842,407.3770448
616.0195097,540.3157323
510.2983322,555.302805
552.4980036,439.1478102
755.9665874,728.0802289
539.0371207,739.7014282
605.7836095,526.810305
769.5626111,87.31615844
637.4976228,465.8079198
442.3681892,485.0660082
649.9113405,625.0240462
293.9197504,629.4056739
575.0726582,674.5733858
528.6699598,471.772131
532.4130946,324.7708399
657.71965,511.2227014
654.90755,474.6689166
572.105553,346.8317125
471.7330507,428.0532403
571.6681169,569.8841192
883.4222575,551.3384274
378.4157188,324.8902692
369.0110521,587.4016038
353.2174662,256.4533936
757.569596,527.7313476
354.3943641,279.103389
470.0968599,238.6494543
248.5090282,522.4915887
208.2437831,717.1884546
778.5413468,478.9558534
639.1833397,451.0742686
823.3355537,310.0991599
698.9390152,192.4870282
424.6338401,443.3499389
497.742942,507.2572165
511.7486426,560.693501
619.7647867,726.7154219
530.0101172,368.3380623
616.0747285,405.851982
426.9323722,454.4928153
659.8731241,624.5734077
544.2348355,412.2862421
779.111362,455.7265343
531.5348667,301.6697255
250.1245906,784.0558053
343.7448022,287.2859
418.9541517,604.3951544
766.0315579,311.4037508
644.665358,627.6580081
892.5938995,476.1241731
405.6490679,986.9339285
664.0087979,669.4912919
876.2859217,436.0448023
765.9138246,932.2156184
487.6828103,832.4530164
444.4203788,501.1852766
778.5207633,494.8114833
607.6843443,491.0299687
464.0680315,553.350484
442.71279,437.612405
428.4843715,456.1077008
721.2878359,449.5434809
556.5315091,389.5749233
457.5799252,494.2427528
756.3743767,765.1406268
539.2864293,506.6028839
569.7559668,712.3510903
212.9928862,527.9156313
799.2091095,583.9845406
680.8299541,617.6809247
646.0680299,532.3769481
858.9982818,528.180816
558.1920436,697.000026
531.6830107,629.6909585
600.1274707,303.1186302
704.0401045,255.169425
486.9270795,599.4592756
499.3746087,443.5317989
159.477177,716.6288547
468.8309617,485.4619883
400.0388899,430.3898409
702.2941951,465.3827091
264.3548068,423.2468198
751.328641,366.0454432
545.4122877,548.5905105
605.5765614,590.8461425
479.3424466,362.4113346
562.8877704,483.3305444
466.1299286,400.3329769
691.0305598,383.0155299
377.8077275,723.6827427
494.7076597,717.3548741
788.0307143,576.9989336
575.6762152,308.3107302
689.8320597,197.7072513
789.5907883,544.5587712
643.3657533,856.6982361
477.8611711,313.5356127
970.2527115,908.660815
656.2736241,580.2978213
668.8283551,534.7880563
568.6988246,570.367164
880.6332727,614.1498228
911.8705255,859.9646338
405.2457129,301.2144277
589.6454078,345.3067542
404.6150858,408.0959812
799.0598419,329.1981207
424.7616404,343.8002451
394.2523142,601.9056108
441.6239037,401.5142314
268.4745262,721.5505048
550.2079057,508.5528857
425.9367106,349.9949573
426.401097,663.9069099
721.2975583,498.1272741
765.6782833,598.7119445
246.9769382,405.4956166
857.542773,628.177262
370.9812523,340.939982
561.736909,455.3470603
522.5378845,545.8978578
750.3073326,766.9044853
822.5395848,389.720031
558.5714595,285.2965968
619.8121706,462.2647622
787.4111729,154.9807138
654.8830117,134.5087766
526.3156846,328.9708374
815.6513742,116.6205097
482.7633019,648.3548258
490.9929433,580.1815262
510.538143,226.4221245
517.5745576,728.9162335
661.6547174,510.3288418
927.8112967,523.3834217
394.2991438,328.6238533
747.8010783,15.95303698
655.2025498,502.2679957
453.9050873,236.6192202
574.1113025,630.1042179
292.1314606,325.0827433
863.4239518,714.7411166
670.5422208,524.5711951
757.2840341,530.5686902
492.0986829,396.4990187
240.4611326,667.9807085
673.1299101,568.2097908
656.2617444,416.832764
848.5848755,623.2935551
530.5377071,547.8972318
739.7337078,460.2490283
768.4817993,541.4961302
639.7678712,519.9899476
613.485631,284.4072711
489.718596,431.0035977
503.6606586,410.0847828
811.0537409,544.3511699
348.8287985,339.3310513
917.4831454,420.0145417
504.098694,612.8362684
488.0712745,426.2450032
759.7462002,345.8719745
458.9325016,763.1308894
784.0217921,463.1997618
376.0208309,329.6597493
287.398312,599.2536802
587.4862412,475.8701039
939.6607069,596.6374154
605.9770252,720.2336701
459.0588188,379.3894864
811.6355609,371.1226479
747.8811052,304.1276149
435.0328201,418.6108931
830.8082658,581.9794626
618.3466997,388.110578
438.1735814,530.0123079
529.8863767,368.16667
962.5312001,469.8313016
514.5183622,812.2881978
603.1117587,560.2903752
604.2092739,910.9763128
782.7056038,411.163762
858.0396376,579.9040559
759.8361442,495.2343121
472.963909,255.6568993
586.5935719,324.0475159
476.8373309,253.4027458
689.7577705,201.0237525
442.3998584,597.3572711
632.1763922,648.070377
622.6886277,463.4940099
703.8106453,333.7554239
650.0080109,496.5787266
709.4610315,187.3356294
590.1000568,288.4019239
583.7378182,566.9755495
607.1088012,560.4954692
541.9103869,478.9150059
698.1267173,554.9047146
866.538407,348.018274
715.6948257,270.3768859
370.2481873,402.1041065
531.6557609,175.7221608
361.1497709,780.1757971
567.5400383,488.8759802
632.5364381,622.1991981
611.4510288,530.5933658
804.1037649,422.3166884
311.0389325,648.0716306
600.4007334,298.2637569
971.8365748,570.8279778
849.5912631,764.6796458
487.9831431,374.391344
693.5354808,412.9307755
743.0975016,562.3653222
456.8576013,917.9234751
473.8884572,811.3172816
560.9196675,213.2037787
519.2130105,354.1495315
928.7118608,882.0036723
652.667233,535.2145206
737.691016,371.2505391
538.7456415,913.0844184
575.2484117,407.3551062
927.4138889,860.4295846
598.0846291,578.6436137
637.395799,567.0439768
858.1570862,786.1235439
485.4180447,427.4705736
931.9282895,874.2327283
938.5401364,894.3729131
459.0179664,549.4394066
412.5692473,726.0912391
795.5930409,568.7220243
437.3450594,476.7329571
700.2170028,225.5817113
831.5438776,382.6642417
691.8018405,432.2795849
728.7125349,541.9179143
730.599068,552.3423768
668.323401,372.9573575
389.2641343,567.1575558
394.1358094,269.2271184
605.4485664,493.6441023
868.5602457,434.8057554
525.8140562,768.0885605
788.4097857,521.4609997
449.9563425,494.4312153
717.0399268,151.4605603
706.2508197,476.8184338
757.9145263,698.4480113
753.1825612,641.4291425
709.0860799,571.218442
981.3258224,608.3551651
652.6104262,510.0444765
539.1485471,778.1759634
439.4260269,857.7265476
705.8112114,234.210285
519.9175373,331.8542719
882.8164833,707.4102597
374.0093739,578.482543
973.8813789,901.452605
844.4862938,347.7959844
595.7124969,626.2322956
658.6293224,519.977662
477.7934584,418.4389785
563.3781184,471.498359
558.9807619,398.9379365
350.0814987,410.2135307
483.1927833,371.3353891
622.3683256,460.9843037
587.8844129,521.3804748
757.9133279,347.4489585
582.2447229,355.6619326
634.886998,531.4268631
489.8078959,567.2645114
911.9564547,856.1264133
782.6622497,540.9293219
676.3965391,387.8798473
800.8660186,258.6370931
808.9062891,270.1026333
470.0716474,473.3702596
406.087298,234.6483454
930.083193,869.9746251
449.1215436,734.6286738
592.7576909,756.8444324
665.5874628,569.5096388
172.1302112,739.959697
163.1560296,528.4065949
221.1765968,504.5494366
637.8419239,480.8365294
189.571628,482.2235884
353.631083,991.225253
397.7502301,489.6019996
590.6780717,467.6566909
487.1487487,331.3164433
259.666076,718.7171947
872.4205445,836.7288376
708.6034021,202.142618
602.7257064,842.7563154
419.9340685,438.8656597
187.8461522,741.776814
766.3854916,352.9795179
945.9426939,492.5406356
961.5590133,562.9854516
484.5651192,387.268347
369.5935612,404.3582391
854.7970075,845.0744668
518.5945777,290.2503398
414.6413013,707.6365819
924.8154885,973.4218987
742.5812371,311.112804
770.2808602,441.5370842
684.095939,578.5517852
557.9010737,397.9232477
375.5151878,587.5594359
189.1725873,679.478676
364.7018719,312.7133562
639.8627739,627.2757134
494.3842716,408.6042449
661.488282,138.4665726
884.5429029,496.7552378
482.2910057,312.821252
231.9340946,563.8256976
307.8514015,318.3059286
521.0308122,540.851764
811.3419544,584.7908968
754.5347481,569.6827652
597.3894802,550.4959875
896.8458385,547.9265041
514.6105983,452.9428053
468.16128,786.9100301
205.3430424,525.9581286
832.9497853,168.3519609
652.5648849,581.4142422
780.1903761,313.0898842
542.441707,323.7630879
541.1778761,479.0946303
771.0747618,475.2677134
420.4520258,690.8838747
752.5306615,273.0014456
540.9653301,738.6324363
747.9666,446.3677416
725.365879,505.0489876
211.2759195,711.4453421
594.3007468,576.7022201
406.7221347,748.1698296
725.4650062,626.3786779
529.4375852,569.6909765
911.5501185,464.7141896
651.4830095,535.3408657
797.9248001,537.8376177
724.5859094,478.5304965
887.3450856,839.3232684
500.1785024,511.9012709
587.0896574,513.9428087
494.6607702,681.460332
187.7688219,661.9054674
594.9678219,470.9635183
443.2653527,454.0011413
704.9746448,493.9663899
580.5174644,331.8162242
445.6908611,473.1120534
535.2490588,394.7896304
658.9192886,898.7707962
654.4228049,546.9748102
612.1573982,595.9390803
549.5920946,276.6655786
606.5167644,562.2967068
524.7233722,741.4783872
402.1500434,442.9555675
675.1103122,380.662047
489.7315393,573.8205826
615.9110794,530.9777081
555.2202195,470.798039
540.370387,535.4252141
783.9273688,537.2231296
948.7022566,559.8193652
679.6771901,401.8997855
222.2293197,502.7094618
223.6329054,777.2055696
394.6355652,665.8442082
457.1442418,277.1482264
766.8989248,551.8796199
445.750649,285.5807114
590.5921874,738.1071023
282.5935108,647.4621989
801.2625575,198.4952837
490.4122618,415.1968385
487.2522803,582.8255589
921.4691771,512.8928511
774.269154,583.3887107
551.3353074,450.9401719
910.32714,610.4574622
395.9793779,346.94853
604.3747506,525.772633
450.5852918,511.8765117
931.5703859,548.6877923
463.6524672,613.3497347
594.9270444,187.1878263
802.217067,399.2192095
800.6067628,579.6431544
272.1368102,366.3571376
641.372318,896.3300397
300.2196244,659.5674878
518.1524976,425.9780634
554.8728323,769.1433446
858.3463372,628.9036783
749.2371272,678.7812185
623.0773616,700.9650095
457.4089206,610.2146757
518.5686012,546.2229869
541.8181058,732.3014963
849.4492912,524.639497
538.3571323,504.5733392
756.3584073,58.54622997
479.7254879,537.1419361
448.7343528,571.6401007
320.2953353,431.3413467
612.9327237,504.9226843
853.1952573,361.7116206
768.0314199,465.5525552
767.3548171,435.6347188
421.665941,328.3868962
873.9272722,720.4524705
389.2434909,300.561286
282.7859976,391.844977
664.5300359,531.8139843
570.710746,524.8283983
453.9895784,510.3273583
809.7872435,415.9712063
454.4594477,772.2849433
789.3095558,134.0265884
478.5829257,593.0666987
458.2330233,640.4841138
437.3186784,903.121501
770.6299252,642.3417857
620.2273305,438.1534929
708.6652274,253.5789645
604.0397525,302.3372003
669.4425034,532.5588082
408.8328088,404.4544344
574.2077332,357.6508388
644.3274386,518.478612
204.2902146,522.7097205
665.2300236,489.3290842
405.2662814,424.279728
567.716391,502.3894934
605.6647078,385.1580685
839.3660592,404.9864544
651.8251984,543.9909391
323.8123816,562.8745261
689.7931249,551.6043225
831.3406046,464.9450875
580.9714392,484.3278077
549.5098206,549.40232
499.8290329,799.0719622
568.8106704,737.4859909
786.7391243,427.1723975
493.9213384,381.4844706
893.8553035,585.2003953
955.1579148,866.4806515
471.4229954,349.318707
576.183686,394.915474
400.0949176,446.0699834
694.0595352,623.5338135
679.4640449,519.7943811
705.2474881,286.1735743
560.9573889,390.9064045
501.9728743,254.6380944
484.7182818,410.6807589
670.4903127,620.6344788
543.6814638,544.1835386
599.8419238,338.9115656
453.899904,413.3293465
226.8398514,655.5231076
484.4553407,344.4988936
300.2968648,377.8292175
597.6203326,197.1056757
486.2784756,603.7299152
720.733086,283.7604394
526.0755442,420.3281166
397.6133066,445.5139355
321.4752743,265.8825568
650.6377392,304.8295437
542.5127604,572.2027093
559.1085022,685.894257
196.7042635,719.1255231
703.2271175,237.4196634
632.1221022,601.7147246
664.9531056,371.1569347
643.283,827.9072257
411.142112,425.6209249
758.6298692,754.3670699
728.4909106,506.4688499
702.8269833,518.5336673
714.4281485,677.3364299
638.7590267,606.6836156
613.8461712,369.8013628
661.4694363,873.056948
684.7182968,529.4891051
674.5158335,526.9793989
410.3586369,850.8049177
453.8978966,959.8704841
473.9658924,374.091768
772.7201658,441.3285219
683.3666042,396.2039558
551.3089115,451.8934955
509.2226588,226.4498924
641.9884437,288.2919387
741.5256229,880.1394606
543.7631236,672.8240694
527.2514833,601.0486705
660.7596662,420.6995465
618.2702383,816.9735802
473.5641553,382.2844542
692.9517882,629.9099678
772.9630926,309.5218838
470.9528864,520.8568333
631.1923407,723.8574362
342.0160606,572.0001853
505.0895767,894.9172605
776.6618396,418.3057176
788.70507,464.2967724
499.2227195,701.2915176
782.9226889,331.1964082
605.5340013,711.7968811
584.2235221,636.7436555
515.8326181,452.8961912
662.1524209,582.9996046
666.3550883,635.957441
481.3450351,376.3673586
666.4450174,479.0822612
404.5246174,407.2953707
744.5582835,535.0802776
813.1547076,538.0265398
722.0336345,462.0607338
776.93693,476.8062318
546.7255098,542.6589146
509.9923067,943.2086442
541.883871,479.6501977
388.9822877,481.1692849
602.8767417,571.9086493
390.6663568,325.0379887
458.8284907,583.0178241
486.4513377,340.0229719
763.3554825,316.7416063
793.1856892,441.6118424
634.4015338,643.484303
443.1754536,538.2062896
808.2532809,596.7091439
455.3756966,510.8299389
213.1586775,521.9279354
675.8125769,371.954035
510.313193,397.9597075
957.3450205,904.386122
500.987924,493.2628314
765.6176864,291.4264127
653.6410227,539.8501339
592.2212474,549.9289285
697.4098164,552.2951358
529.9874065,366.0727723
512.0432379,436.2662771
378.351946,519.8662142
711.0993796,465.1079133
490.3814915,340.5268271
749.046378,491.2794412
550.2936252,455.4507982
563.4689013,385.5600661
706.6616801,569.6241579
554.784641,306.7947145
841.2085491,625.0985119
517.8043913,424.4313755
478.3067567,980.5999589
264.1799073,725.1758797
390.1471411,371.2903837
574.0829141,408.4005299
537.3778896,357.0143078
672.1511018,175.915011
555.5969089,256.7124564
598.8302779,583.6110004
433.7967784,568.3783414
530.7352275,483.3565572
716.2922705,197.2550458
476.002577,225.1725889
623.8686865,463.459535
532.6905969,422.2672745
629.0717643,217.0992901
629.2106053,465.5758519
321.8646523,352.6595913
583.7732625,486.5972764
440.784266,376.5812698
330.0836574,322.9091146
298.4769658,412.6636686
813.8526729,433.9957428
490.8449191,843.0196824
694.3101172,476.1571018
672.0519896,441.0301368
616.954814,167.0460537
255.5620264,467.5791748
555.488224,553.7463179
429.0594951,636.9129793
589.8615792,422.3456264
657.0495638,588.4627605
403.8688228,283.5605689
509.2541932,233.9795125
494.1242817,429.511192
598.9632764,551.5105718
543.3081151,368.0129958
804.2937051,580.8291518
533.6118643,531.4246484
932.2618496,659.7962127
680.3378984,618.7756578
473.551931,810.3777689
788.8213801,329.307688
652.3392608,412.9022972
658.3212745,644.4583115
225.359295,386.9098295
620.2392251,922.6066846
777.434948,436.9612482
873.7499758,726.7506071
532.5393518,630.7127094
228.3366919,540.5015413
342.9639937,418.2316489
670.0701793,28.37261108
721.1143146,385.3665473
466.6720947,761.9509303
531.534627,753.0736154
543.5375294,388.5151874
780.9309614,206.6400185
953.6208512,502.4157779
279.0446305,587.6274036
710.3366678,399.4864
443.1492674,908.8677894
493.6452592,385.7851138
404.2377522,655.7149132
779.5376225,451.602486
528.9686447,411.7898461
330.7994946,614.0260894
239.3280082,658.6003743
722.5908112,320.415643
564.7679667,293.5916629
472.2337653,475.8907052
925.7388532,688.6309748
725.3985519,409.6901817
754.8108422,146.3369712
763.5784102,299.7073336
829.0817714,763.3278975
659.1591744,526.6552727
633.067099,471.4448289
477.7771294,227.3943988
522.4043616,406.4417317
514.581416,411.7988305
736.7253308,555.9887918
524.6422368,575.6602649
433.7337097,504.3900375
493.3596824,413.0752773
343.1077783,544.7202806
761.4055661,325.3219778
683.166642,562.9168779
428.6265832,424.3584769
191.1877596,521.2332986
682.2678156,70.86900287
713.8815182,913.117159
477.0946392,841.3116522
449.8181906,822.7211849
495.6227251,577.6832698
739.63888,437.933815
839.8349847,379.916659
243.848506,628.2140978
447.5525112,893.2567847
550.0885846,300.2093083
786.7903133,154.1938098
491.9881254,623.2617129
733.827766,467.8398882
803.5311581,415.1410311
769.3807156,489.7714696
548.7313641,285.5495377
584.9298615,281.8073662
454.0104015,255.7046626
665.0207733,514.6684937
748.3655357,521.6887635
638.6149275,478.1807126
588.0280927,829.1788461
804.4545228,463.0450429
785.5619567,535.0052687
624.8176831,488.9798017
527.7102219,802.1483931
789.6413331,799.2370027
702.370267,479.3475921
451.1495244,640.9131271
732.2913166,309.5750586
787.4783014,341.0760427
368.2974619,354.6687854
370.9545717,334.9374097
635.4345272,516.2375589
502.6768618,780.1822533
885.1954017,554.9015178
670.7496284,524.6258534
783.9304099,401.5719193
437.8444706,482.5091655
772.0536,360.2204058
524.7989348,394.7382107
488.2010522,515.1119238
304.5904051,697.6026881
451.810053,252.5698752
578.0283032,857.0598041
922.7956122,505.5190156
627.2798792,715.1188355
654.7887082,124.3148359
506.6506393,215.185957
562.0309799,571.4452238
626.214183,440.1968693
572.6043351,380.4994302
497.6185574,663.6648338
290.4980712,832.827852
495.4989846,664.3275239
615.129462,483.185165
304.7423992,660.4674066
192.2101916,726.0895467
843.8682655,899.8622072
302.653462,341.4336409
725.7479764,575.5587835
496.1047288,572.3827098
239.7109446,512.7283329
764.8421511,233.5489112
493.4676482,252.2560079
705.2194442,531.3368316
743.9487043,920.7699065
673.5259545,551.1863202
388.063537,832.3049417
837.2280602,388.5415972
409.2925063,443.5778071
363.7418794,349.505101
728.2808813,304.634834
740.9435482,623.7446324
682.5631299,622.7230904
278.8776708,631.2848456
426.2858955,326.0066065
673.3810463,417.1961289
767.7739618,495.6521054
839.8705039,329.9293009
938.8501467,482.8392464
496.403234,428.9256211
482.8653354,665.7895291
726.0037267,323.1278941
692.2101542,724.975654
762.5374021,434.2846629
440.1972777,272.7518895
486.67064,675.0993257
563.418761,209.6549379
592.7153854,385.9161182
450.3825132,656.1459741
452.0708817,533.9528456
528.8221786,492.1789213
543.9122863,502.3976838
648.7889873,562.2241634
644.4367078,326.3029648
891.1246685,529.0006906
774.4915273,71.67690524
774.9898,568.8714989
599.2496922,572.4440333
502.2948093,547.5563905
798.5673818,547.8850507
464.881408,409.4061089
384.0841268,567.9876056
750.070428,543.7717209
576.0106291,490.0570258
795.6755995,456.1512644
542.4045548,397.5735683
536.837626,486.0534931
751.6204199,265.9641891
748.5554159,265.07572
722.4775273,524.1828411
331.0139282,587.5008496
717.0023252,455.8180912
594.3175401,562.7368148
178.0270448,477.8047905
615.6177875,271.7016394
565.3684377,512.1891254
957.4363427,882.6514651
771.5640611,365.5190854
684.4057547,562.8320071
544.6535307,550.2429004
649.81094,857.9782558
691.7449439,547.8308311
567.1837376,201.6434222
603.8888819,702.7280114
928.9499788,944.5139664
578.7139094,472.089822
630.7391,396.2316192
323.8305082,466.8043056
433.6888725,576.864231
500.5483756,448.1243082
512.2210287,565.2031662
686.2138788,407.5672833
504.6482605,620.3061529
464.450099,544.5696569
829.5866206,580.9018624
496.1214023,296.288369
213.0211398,514.8418918
545.8662025,177.8012239
894.1725046,445.1972474
618.9436203,526.2105472
473.1403965,230.4066647
635.194207,525.2124899
582.9916001,471.8876949
447.3412086,579.1311925
354.0886682,757.7643676
631.3599147,432.7311636
489.2929647,419.3470042
776.7349154,282.0432995
497.8139355,806.3684278
514.4679073,495.4471786
671.2071836,876.2428208
257.3613269,746.9016985
704.8578104,496.7631357
459.0331269,915.2458242
463.9594814,451.2355273
871.2275723,795.3237106
744.2975596,230.3767447
538.7665695,477.8063366
369.7333909,342.0670379
631.2058234,602.2385542
551.4616546,257.2025007
215.1732655,463.0335304
505.4960027,316.4536055
205.5315894,519.8707482
533.4044417,705.1852113
537.8114907,175.673311
668.8156515,478.3724345
851.2680666,145.0231244
331.1017151,403.3456188
725.7248912,172.2033863
752.060223,281.9417345
785.3439428,327.5728302
403.607245,856.1245537
363.5795038,380.0543077
533.1543391,457.8654374
278.0244756,717.1026645
589.0814748,612.519852
577.0081782,762.6172351
558.0265369,322.9373004
465.1608578,981.9493044
486.1497615,443.0095363
619.4661317,709.4482246
504.4515641,379.5633023
510.4097735,400.9436831
468.1003236,493.7634479
579.8442323,463.3021417
638.3226842,712.699934
219.496183,418.0461115
610.1969653,496.4185962
609.7335377,402.5428564
554.1541787,731.8942543
534.0299753,351.9159166
705.1088268,543.8706532
625.8191871,879.7875873
640.7640571,788.7692064
272.2752018,721.5264769
489.5539582,990.8712694
921.3493166,669.1849672
531.2813036,479.0368171
417.1622965,547.3615971
834.4298024,742.3350558
412.8211476,442.2607635
561.3409694,636.0281667
452.0839299,824.2427375
780.4955327,689.8988552
539.6343259,512.6951744
624.8423713,448.4394501
588.217164,475.733876
442.0218956,636.3545494
286.7869501,665.7412643
728.0771739,435.2330137
488.7188597,290.2997956
797.2683313,359.5886595
427.5937546,640.6900435
473.2600473,392.26697
175.872627,707.2574212
765.8116863,316.6366147
209.8478404,705.6620298
595.9329677,470.2647445
899.1706466,536.7400012
674.4366156,876.2223867
639.8382355,450.9352828
455.0046998,270.5250024
476.014981,407.9507898
408.5535688,468.5148639
629.9088702,568.1673136
562.7246008,454.8145179
242.2710544,700.3245086
667.643053,415.0833432
469.6886211,540.5771353
806.9032362,321.791252
324.1966063,417.1023991
475.9524216,662.9021248
609.8056398,401.0551727
896.7679988,529.6485252
587.3935856,381.4135987
773.6650427,635.6041887
792.1915707,542.9482944
416.2574779,437.4077289
299.6247113,822.8190935
565.3453824,375.4874978
668.0949455,432.6029799
435.6837909,595.8706948
502.2519645,659.1506137
522.7462209,357.6154864
591.2398924,346.4342697
519.6011751,586.522746
555.9793959,564.4024722
435.0131055,342.8086023
519.4801911,185.6981369
751.1749541,947.1370426
833.240141,213.934144
791.1850781,452.0604164
450.824024,496.4422271
533.6827529,809.1681823
901.4004472,569.5441345
524.1055986,446.7400908
811.4180113,619.4670769
594.1932753,270.4720574
720.467793,526.6092436
508.6796238,453.5622452
658.46055,520.7256199
222.3796959,789.2241072
805.7867255,618.4501734
630.4877989,558.3338962
560.5884295,443.3283764
557.2276917,519.3141988
642.6001202,829.4981459
584.5502659,888.5600987
515.7340451,421.979023
444.2655983,362.9368566
469.3261933,635.6730339
642.3413588,489.9497986
626.8452295,563.0334865
794.8447405,616.3666808
488.3878464,599.0974986
592.8986741,898.1797093
790.9448628,294.5111593
372.7195366,620.9025469
974.9554193,947.5537286
748.719005,438.3837849
515.3531611,219.6613354
787.5692342,591.7864492
582.9080828,551.3894711
789.3356222,623.4463727
911.0741071,859.0544561
617.7736884,558.235131
665.4008484,405.4777732
386.5509968,444.0139244
417.2718353,875.3568591
727.179591,500.076064
454.8375453,970.4678431
745.5996212,614.113969
468.8126104,218.0437756
431.829784,818.3916665
634.9128847,452.5506278
508.0785686,447.8275529
886.5823588,451.3586339
705.9750552,558.1544599
883.2852441,655.2324742
520.6469021,465.6013632
720.2073986,418.7553531
627.6485839,435.4440207
532.5085066,341.3482269
286.3362411,601.313709
786.5139046,643.8709645
678.8966213,177.7871833
462.0567542,908.6932631
201.0889463,764.8859726
610.0171821,498.9414864
315.1867257,617.1092272
539.3544117,546.0448251
477.8415764,660.8574948
555.7347912,533.475672
805.4688502,156.6001332
411.5236252,297.3248083
218.7626685,789.7202943
873.327805,781.8643333
877.553288,690.5810393
788.0828171,675.8285
335.0491565,586.4128234
400.5366233,312.3949131
725.7270933,305.7228183
497.3144044,203.6783784
737.4847019,457.3457239
863.2082149,788.3865356
779.4834074,772.5563335
496.6446328,591.0065446
953.4378471,639.3207235
488.7137663,620.7215853
565.4474608,641.9478322
726.7791422,207.5368033
897.8493948,842.3372266
596.4091589,212.1054309
352.1492382,272.6635503
872.5530487,695.0127913
706.2309703,336.8990702
364.2635969,355.2015158
803.5233681,241.307277
718.5697547,595.2777901
533.089263,304.2575538
242.9552225,688.9089047
498.866269,337.1273982
607.1086664,619.5029726
816.1694064,586.6370144
560.4616928,245.7491626
734.8682647,467.7247631
513.1834031,573.1976116
529.3925084,423.3121966
206.3980874,516.3429475
455.5324994,354.7459464
844.3600665,618.8105505
636.1766556,534.4093344
431.1396237,649.5434768
443.8703329,825.0811449
594.4631075,291.7446886
438.6216238,223.1901807
593.4559408,559.5291914
343.6230242,477.1185739
531.6557609,175.7221608
636.6916467,707.1056483
875.9573053,432.3046575
599.3149331,624.9760739
665.758033,899.5781553
559.9993289,319.7821624
528.804756,475.8097207
588.383105,732.5067365
429.5257091,301.9012293
679.8583965,403.3096814
432.7443401,225.4584376
664.4843448,622.7612426
809.4491294,337.5113226
438.0697502,254.4160346
952.0284489,539.0905799
757.3419644,316.1096092
816.459073,235.1246206
551.5942936,385.7746668
708.751606,153.7702706
653.7983349,286.421626
596.4419216,574.0993692
937.8992176,525.3200514
536.2012913,295.7199519
821.7573831,406.1309358
433.5187968,501.6413475
703.2913697,567.6563546
741.6397457,78.99156935
575.141884,193.9518331
194.2374384,513.835477
771.4836747,154.4422167
879.2868533,513.923461
536.5352558,442.9667039
509.3604362,625.6346271
624.0366649,627.7452817
196.3155146,369.0919958
978.5172129,691.8971845
518.7294938,187.1450357
582.3354459,630.7880108
492.7777575,370.2086675
825.3559243,396.8697173
715.8734854,394.8561355
578.5876222,408.7181372
660.2553863,466.9806079
698.1205752,974.1613529
611.7973523,530.5098113
190.5422418,477.2448354
543.519972,304.3852987
768.65971,487.5995751
676.7103696,566.8052855
509.389304,726.4695222
591.2388887,689.5058001
598.3152118,546.3441504
516.3879372,913.2439638
336.9660105,269.1103218
190.2933077,516.9110512
836.3673897,530.6141761
331.26469,261.3591644
406.1818861,264.7886804
441.1712472,518.7729437
572.1733407,806.0155307
142.7808548,514.1501383
673.9039772,367.777167
351.852261,301.2179378
501.0653292,942.545181
792.3660208,544.3596946
464.4977825,768.1915254
783.1821245,663.3267087
572.3226382,557.6357284
443.6738611,764.1579056
940.3951651,866.6550943
471.7078682,946.5670585
716.8074564,516.3944717
442.2508455,629.6773566
596.4075559,395.1070706
806.1294687,485.8673916
679.1539147,473.8709179
966.281241,551.9167691
258.5558271,530.6713417
245.3181865,798.5340919
573.2281909,656.2891596
671.6317064,582.194899
411.6542868,302.4197937
680.8868807,749.8047313
520.4012488,542.1742191
467.2794268,525.3173979
405.2384323,418.8219209
506.6164834,568.0614236
573.2959635,633.7309718
843.7975417,727.2014755
797.5411147,950.8285674
579.3476524,526.1349741
758.1277764,765.1446593
823.4103823,555.6784973
572.3676252,342.328796
593.9715311,296.314946
483.3918616,523.5592434
203.8097689,526.0987442
891.1507648,423.3895248
874.5416902,468.4070726
306.5519615,662.2826431
764.555181,268.4082677
191.8015634,515.0176926
703.7841295,326.9079462
570.2896239,314.0760529
609.2082848,685.0203091
764.9930066,361.3035846
427.8580589,586.4360574
457.9129758,424.8553326
492.7331001,439.7620266
863.4166112,497.53976
586.1803296,698.6010379
380.7540694,680.6012814
655.1253992,298.831568
823.5683686,386.3542621
653.8693584,468.0129728
185.9553047,773.1524768
200.35687,522.2160198
587.8256137,383.1609511
474.1558775,461.5397039
591.2320875,348.9360362
593.0669672,399.857621
952.6199165,873.460241
545.8471621,543.9472292
769.2513124,597.8640931
727.6542391,471.8252432
388.0397177,750.5635332
438.0526573,392.6795399
604.1692605,307.8638108
649.8029553,533.5694018
677.1384278,647.9842526
207.7798612,363.0997033
107.6791685,619.6593421
635.6857234,467.5237643
741.3829917,428.7261684
377.375235,560.491165
759.4128499,474.1479286
953.5778416,891.4610421
742.3950421,324.644662
242.2090194,511.888254
400.6085755,405.4687471
650.2798655,508.587674
903.0038903,728.1093967
896.8654482,857.1114955
736.5486336,291.2099942
332.7245281,322.1283952
659.4919854,625.4764398
767.0717869,434.5016664
594.5905482,849.2176539
781.7099722,400.8144129
834.4871485,445.7177758
975.23803,531.7171831
633.06635,518.6601169
511.4017048,742.8834357
645.9181331,489.4426422
785.0370334,453.321757
706.9770086,265.9519035
335.5408677,995.550321
870.0985677,931.6932095
458.4027395,636.3987399
568.2943759,529.5583473
539.9413851,684.0757192
226.25138,542.3134348
549.9659826,550.4361267
897.2997234,977.8249426
479.6504196,681.42569
494.4900053,555.6595257
717.2953175,512.3861962
532.082306,403.3313483
507.2634094,216.4800174
692.9367026,567.6658195
471.8630082,367.6883054
425.1107653,550.1321003
750.9068747,629.1850767
229.5485547,647.0828084
444.0365885,501.0520365
793.3457129,254.3320414
470.7850428,640.5910276
756.2897508,319.768665
561.0902975,687.2885033
503.3681457,613.2039792
542.1909602,556.7747347
693.9233907,800.1113475
633.6074375,758.7257353
581.143837,592.7774652
321.958761,325.0469521
371.1165579,454.0705716
641.8263227,565.8316949
516.9228227,680.352979
762.2414586,322.8836659
426.2649675,891.0910539
769.5388667,355.5804048
780.3911473,293.9582246
448.8623777,405.7221685
927.264097,517.7998336
412.1233621,938.9824876
582.181055,484.8473749
743.0056999,655.1164716
159.2470286,693.3953778
705.2593228,507.5987682
685.0703429,373.8245148
704.495053,236.6073733
411.4243032,607.2105166
780.9313659,418.7833927
542.5623764,746.7731804
243.7217094,629.4258991
326.5322904,605.3621216
400.0930001,419.9024462
596.9913534,704.5032779
633.4523874,590.9770842
956.8811884,923.7964847
575.3304908,806.3907633
377.4432174,599.2162802
608.799312,617.7535517
670.4294761,533.6633196
485.7885621,278.0662603
770.6982821,358.9057023
768.7759901,302.6384478
500.9088559,736.3906728
690.1873717,191.8810858
211.071508,800.4402166
800.8708724,288.4355212
531.6557609,175.7221608
776.1772144,673.4348592
420.6560628,553.777784
595.1664658,484.269869
505.5778572,781.8384458
349.2781293,271.4512893
582.1403974,625.5043957
721.4595296,530.3646618
597.3209435,892.3315425
206.5652869,514.7829084
520.8308799,397.528751
702.9949468,277.8045231
690.9313277,388.2069822
915.4545354,521.835898
851.6799007,146.782637
568.2327304,539.4143091
643.7451243,293.3177028
761.3348722,839.3458964
695.4170702,877.007473
496.8099148,573.9980549
625.5723204,536.4315245
670.0717073,417.7417717
922.4802388,667.4018027
843.5515288,743.5429082
573.0144164,683.285493
721.8722475,489.517275
597.3867237,345.6147086
478.3519235,597.4825715
348.4718237,466.6086347
801.0932907,152.7250559
557.9028264,431.8632123
868.6152098,432.0206266
623.3183859,799.9703976
592.6422797,478.4318148
214.9870855,411.0137442
406.7683351,261.8422928
615.6017432,486.1483094
752.1339729,471.5584497
99.37057887,622.3203824
709.3131721,579.2833624
439.0056538,640.5137412
661.306716,363.0769499
679.7802722,522.9993092
569.4830636,408.2031666
650.4767417,607.90367
274.030594,628.4202992
799.2643733,278.9080734
528.3460174,463.011947
503.011111,440.0762074
604.0212962,465.3966871
441.8337232,566.845924
436.6386001,527.6524106
711.8301226,199.4276716
210.3317466,670.7624944
355.4367654,591.892381
471.3105504,264.5697129
467.8608123,349.7073953
627.8960199,697.8305564
703.4836618,265.2205771
450.5528586,385.3577719
236.7083202,644.4504136
626.396483,848.1365018
786.8194357,476.2451693
714.7222794,214.9031588
535.9534808,506.6390929
761.1926905,306.3146366
634.914997,434.172066
762.9956164,910.6895448
346.0498957,938.8612824
574.1304178,386.0226977
806.0745045,479.3392346
557.7188036,468.0745888
538.173469,310.7217756
780.9292087,297.8270337
566.4425081,470.3883525
482.0885267,525.2940804
459.5151755,342.2349408
790.9226764,538.5450415
651.7558978,608.3550398
578.036932,613.1168101
814.662469,161.1546784
788.1297217,116.3980529
767.4439072,379.1420197
675.1791784,254.5857345
642.4111239,909.3661703
765.4184133,710.505704
516.1312581,756.3262859
387.6890797,583.0731719
544.4057951,356.9051792
459.3577434,781.0475301
660.0817301,400.3791941
265.5271506,708.1252472
484.3985939,506.6996642
473.8213138,667.3575078
674.3025385,849.5718464
531.8574159,646.2123081
546.0508845,256.0593148
944.6708784,469.7960746
645.242489,370.198534
573.6467214,629.1293528
358.3264503,266.4699246
664.4404364,175.1799446
721.0652228,632.8858366
582.1471836,269.3563469
554.3154159,728.4508021
269.224025,658.6577906
775.1611791,452.0188585
902.4113741,442.756679
221.5257367,787.2109851
525.1886275,804.3612186
348.4051896,382.3916188
291.1751834,668.8213307
595.2243512,726.335927
775.5069484,684.9928337
735.5502456,574.9501875
465.0904935,837.9179482
523.407094,341.3169279
478.2443621,745.8597015
696.8526397,576.1156672
360.9597558,666.0600835
789.1661756,291.7913655
494.9092848,721.6851029
605.991901,493.0951791
381.359499,582.0098213
547.7238529,544.0688731
456.0619619,857.4970705
637.5219963,471.0486607
645.9982947,828.0331738
517.8683439,770.8931624
952.685487,866.4770787
954.547227,491.3787914
606.575998,591.2365022
603.4661269,670.1702583
710.0042013,544.9727201
637.5317338,383.1300073
604.3924428,847.3939972
953.4265966,505.4787322
595.7180697,380.6315838
431.4583079,518.1009349
286.6525134,584.2085017
226.7344773,549.9978573
476.4455559,521.7993547
557.8222902,441.4960069
286.5711233,333.2220875
441.510395,533.6811629
569.2219203,201.9105292
652.9321215,468.216061
713.734228,478.8453459
593.0420094,540.3972392
781.9095749,292.5272886
815.8260041,409.1007453
975.919981,516.188542
751.4848447,320.1121598
356.6120453,550.5652506
205.7317164,687.3890027
571.7390205,485.4685908
410.0966247,356.1072223
527.8809868,490.1751596
345.3764688,272.4381475
622.6939907,593.0945502
527.0612285,388.6875825
816.6476949,751.6585379
710.7615501,148.2008904
465.6050951,623.9394048
601.2737031,625.8846638
465.3736435,510.4009464
510.7274989,383.3261378
871.59009,450.2128989
608.6330414,766.5166328
563.7734138,526.403857
235.593742,822.0440362
628.4705443,446.4000017
403.3626553,980.7788102
608.4530933,493.9914416
573.4393736,459.6245321
469.9192638,626.721713
676.0202692,531.3559285
639.6712907,625.5192304
533.9502181,477.4114012
620.2780401,476.2090021
779.0213431,330.859286
446.380542,231.6900692
560.0997294,483.1968237
541.4708684,481.3849093
618.5356961,704.9369297
749.1333859,266.9101789
224.7998561,518.245186
317.599081,543.1960954
208.4296935,657.4857502
816.2361454,344.1366987
463.7595492,510.4583627
628.9267363,598.1621229
690.6421854,611.7616979
784.4912719,170.3099023
925.8068955,982.1370356
624.2896139,443.7088951
440.8972953,584.9779385
507.2968164,197.723068
525.2853877,575.0147077
715.3469591,504.4296731
522.7646022,471.6091799
426.4614991,352.9707216
422.1906995,510.51323
644.6986601,476.7736165
734.3512062,462.0323181
423.4641929,579.5332737
392.8354856,297.9491373
836.4923287,336.4326778
486.3560306,496.326914
726.6584577,398.7188645
658.5308543,640.5666863
797.7854947,818.7061607
946.3655538,891.8774356
443.8966989,221.9615181
549.0312176,552.6968618
520.7652046,363.079875
395.2661023,421.598546
856.9316059,730.112239
679.614451,18.82646325
584.2252448,736.4649922
809.0032441,432.8866765
619.4547164,550.8406524
773.4982927,625.2125087
656.747703,129.7889193
273.1172364,859.9646338
808.395972,433.2523397
577.3898861,549.9892073
539.4919045,472.8797139
745.3059697,843.6929448
509.2199773,506.3096805
730.1392957,513.9112381
477.5929569,410.8400118
480.9513277,521.2500137
420.0357274,483.2044291
716.1011619,474.7244525
783.5051381,894.0808171
630.8744206,736.707131
911.1461193,641.7257306
359.4161906,943.1676505
517.6245481,562.451969
549.8808623,723.9327376
802.259747,678.5665551
745.365458,490.580939
463.6138769,350.5116621
313.7971769,656.8037333
564.6647048,504.6117839
610.2929466,562.4661559
590.0316549,697.2636854
651.7045739,357.3700046
456.9712298,325.5056347
271.1002814,589.2747163
368.2416589,525.9249283
395.6478702,663.5603019
753.3145111,383.6259645
392.3131839,488.9251643
712.6393195,207.4329191
158.1091854,510.0380203
775.9507663,423.7974144
404.2016038,915.4862288
446.0538581,576.0863949
716.8298376,210.8563132
442.8093256,535.4894209
581.3409829,346.2153858
629.3539555,727.771585
465.8339102,431.5241888
432.3202518,639.8502362
235.0018849,760.7427854
603.9689837,494.0846281
770.8950984,258.5082408
652.0269284,577.5314342
351.2876089,653.5889643
808.12211,436.1516117
495.2241639,446.0875969
723.4615039,500.974395
620.917311,896.4530836
806.7655787,342.0401266
698.3530455,499.2318482
650.1992544,565.8690531
436.7377872,720.6953405
399.1535312,788.6601196
762.4310842,857.6266542
779.198295,496.5983668
759.8181374,481.5064906
404.7254186,450.7053042
880.556242,676.1625091
579.7493596,587.8077593
569.7665432,570.6568572
346.0863887,593.5623217
701.6075852,269.9076728
568.0930505,451.0701734
771.0510923,303.7261188
642.3642493,587.2711635
523.8308677,522.2105874
749.5104498,624.4783198
537.745261,333.5564518
383.12352,831.4055452
406.2174502,836.1342823
573.8483914,731.2584755
497.3809037,424.9541187
674.1425597,548.6957737
312.3836141,718.4840612
580.852957,677.6292989
624.4323948,435.867915
721.2242129,528.298323
242.538265,671.4586147
496.9512576,225.4307324
314.4579751,458.9621554
452.8714198,754.7802875
587.9603201,388.5101101
475.3878145,521.3049854
661.3779043,429.697586
593.7747748,616.7034061
148.8534417,434.5720369
564.2820082,194.747638
494.2106604,580.134118
959.0720542,468.9039491
565.894125,454.2275053
530.0719275,336.6557405
253.6542506,730.2198214
505.0948349,380.2381527
675.4774289,390.9046703
878.2937535,438.9105188
864.944207,599.7735817
614.9036581,877.3108307
801.2475318,670.8686351
699.3227006,273.0595723
500.3625102,734.9708315
556.2747551,486.211367
277.7542539,672.544447
629.7638272,458.9777422
514.478184,432.1905562
499.9298829,426.6380791
654.6501818,125.5270133
332.3180721,469.7616833
434.7994359,503.0056739
524.1818503,554.3435267
577.7271164,381.7035635
613.3823991,654.841237
545.44923,300.5897643
686.4827972,336.9009089
184.6630405,721.292424
492.3962143,420.5342343
591.3377313,962.8985875
510.2943024,376.142499
748.0342677,528.799441
409.0234681,931.0704058
515.6614188,553.1145507
314.7439415,465.8735474
809.1642116,245.7895713
918.7028731,668.5975994
580.8644921,483.2552429
434.2736137,638.7083457
706.1041738,475.4972114
93.58255007,618.7818006
395.7173806,263.9060407
628.0563133,940.4594319
581.0451442,467.1828603
477.1734526,665.8962548
652.7210286,685.1137882
479.8783508,586.265689
980.517839,605.9013709
481.27533,381.4515837
859.5375416,742.504484
525.3427788,218.3945624
808.0201215,425.3316496
236.8058295,329.1432744
848.7685537,67.27137498
616.3827614,547.1484172
694.6110642,421.8549762
745.7761236,528.6831041
676.9614459,533.3841778
218.8373622,534.9682448
560.4333644,654.2203763
493.9443936,558.5428138
449.086324,742.5383947
440.8962317,821.0173962
588.819897,636.5919662
871.946166,449.5213335
595.5687872,635.6306612
447.7883073,223.520596
652.362331,498.0521189
488.864502,512.3907093
747.038741,440.6031293
507.093858,462.7212301
752.3772143,272.3426626
495.7684423,556.8795383
599.2348613,689.6802011
631.5009729,693.8147799
508.7625419,562.3191259
667.4261626,414.0099636
493.718335,410.2942854
616.5543502,527.8231134
212.7873362,644.066134
411.1371084,538.1772262
555.8064138,464.7404114
368.4125436,779.9691569
691.3407949,242.5497714
621.4922848,436.0044145
623.1917691,562.1164347
745.7025535,517.31261
686.9923204,652.4423935
554.4207601,396.3427118
559.8125796,680.8802352
442.5410214,219.4677748
716.5818323,187.0765457
784.5936949,633.3266759
552.6284105,564.9012292
717.3366193,281.2084441
359.5595108,992.2608356
633.3506984,592.7213652
425.638505,384.4372517
495.9043621,339.1713179
646.942153,468.8881743
315.9398199,648.0209213
593.316141,602.984381
492.6108277,845.8842078
760.2177773,478.6296378
931.298786,516.6286082
321.7952768,531.1703912
361.5581894,774.6692238
448.22841,437.2264747
876.912489,617.0895661
221.6048048,785.1572662
812.4971452,238.8189243
746.4076645,556.3287765
492.7202616,339.7788482
570.8717435,627.5757908
694.3944285,330.1514442
570.3357494,490.5399453
711.1773541,491.493812
571.0231683,505.0802448
760.9113232,312.6078632
724.110692,459.0866827
753.7874215,555.1516171
333.9858871,608.0242902
606.8372313,690.2733356
485.0517669,727.8856236
819.5782771,321.699925
269.4526154,705.8103343
678.0333741,430.2031544
817.8757069,241.6411189
396.0629402,443.0524941
656.5701818,584.7321851
683.2331412,632.0818414
742.1405202,421.1004785
791.8803918,671.8214363
558.9076711,520.0056388
521.5761243,490.2313849
634.1179045,750.6676472
774.0810714,548.3113269
153.5595502,717.5380296
513.0500001,716.9572851
624.7166084,606.4001697
522.9335694,569.5537666
310.4322745,711.0661814
682.4666543,429.9103898
417.1858012,239.8020425
808.5212405,374.7245799
421.2497175,590.3672137
437.0512731,422.7631272
429.1329155,500.8464411
587.9627319,461.9830505
523.0829119,583.2053463
404.6241341,376.6215741
512.9142301,418.7461598
525.8591182,199.5735524
602.7591882,551.1902065
588.2628551,455.3893076
433.385214,564.2388107
493.1276914,838.0313182
471.223947,455.2488801
817.1881682,288.142297
429.6261097,258.0697416
484.9091208,573.3984851
533.6798167,567.8329285
421.3698027,274.4575587
910.6954702,862.0209435
737.3040797,441.7698626
485.4909258,419.8872146
374.8540001,339.7109641
774.5419374,309.6609324
499.8274899,749.0612865
624.8096984,591.9711508
378.7681544,338.9046288
465.2078222,376.3397161
542.7493803,614.3878873
466.835534,282.7785122
887.0960467,540.5414904
500.1783975,217.1328039
880.352984,534.5652234
924.6834786,852.8470823
832.9836416,397.4285441
235.2486768,631.1463612
747.3500248,325.253258
616.9871423,485.7486101
815.1048637,723.3139037
360.9871555,732.689892
632.181995,598.9819139
493.5687978,428.6660568
734.4122975,511.1127789
399.8744618,670.6153181
812.161458,438.0629181
794.4710622,332.5796644
761.0285621,316.6683525
342.7059513,277.2614502
386.3435142,619.846154
634.4016687,462.2356362
531.7849094,610.5380498
500.9993243,750.4195119
749.1330413,392.4546386
434.610095,550.3264549
680.2019487,400.0903157
674.3379828,354.7531966
815.6354797,373.2436659
716.4863304,541.2928958
775.6191537,477.5278008
579.3728499,348.9177959
465.8465838,495.0019307
833.5225269,815.5907419
773.3612493,573.0280581
468.5949709,496.5940627
854.8209766,143.0419907
905.6259452,845.6685833
502.8811535,225.5246293
756.0325024,354.223642
445.4205195,219.2797093
438.8580491,254.5947606
549.3045253,538.2719589
163.1728679,533.5912358
528.6525972,486.1313227
861.7978579,788.6436553
232.9341304,765.5525698
488.284974,724.2933027
151.1652017,520.1123855
716.0523398,469.1166694
478.0765934,231.8849461
634.3475884,515.4347756
560.0340541,686.1940837
633.8857038,702.3496865
541.9292026,473.8412696
671.3838359,841.3598334
727.3193009,971.5086492
595.4817943,510.4431311
592.6196289,560.7635163
754.7003297,526.4396691
628.0063977,483.2578964
447.7552,528.8647343
420.8088059,439.3404933
822.7437866,297.0182538
515.9921774,702.1374468
888.7088077,435.7107933
878.9597649,685.1370639
636.077843,534.3638067
770.0116872,683.8021143
657.2035653,471.3499709
565.9142591,450.4854591
522.7012938,600.1084265
816.1684327,342.2368839
686.7071779,615.4431519
904.5696868,624.4951603
646.429439,921.225058
641.7391651,627.876119
484.4726284,401.4211911
569.6128863,516.8778509
650.9851413,534.657031
780.3163337,478.2672549
729.9960803,443.0087632
675.6335727,385.5542368
810.0363124,431.4320678
489.8688523,406.0425339
601.0656213,722.1263183
798.0170961,42.00613857
511.0078925,393.477079
534.4606102,585.7547299
766.5773643,330.2791892
502.7715248,411.705623
643.7286155,613.1694835
416.7136399,653.7336124
484.3060731,747.6273
572.2773366,350.6529254
326.9635095,598.3162568
489.6009377,620.3933847
786.1005125,663.9112558
486.4122831,379.1520278
766.6557133,477.2007076
825.5061357,381.8468744
460.4197844,763.4017991
737.9157712,296.3447824
706.6470589,154.7075686
665.67889,497.2683071
717.7533072,467.5925259
561.0523065,584.1478678
687.6236216,430.3290398
588.040242,409.8288123
541.5842423,468.8288566
481.8506484,414.51198
714.8667531,516.9480751
491.513672,281.7012255
597.3965211,581.6785076
871.0297373,730.4859464
789.4777889,906.846059
674.7729171,69.04559687
640.1564553,470.0420579
500.1937378,457.4444891
519.3129017,393.5649376
692.9345604,619.0050304
911.6629231,455.738987
332.0172599,666.6505854
751.9308797,474.613151
593.2087444,226.2672384
461.0311762,547.1860888
860.4710033,580.0106563
384.9985929,640.1951728
455.2258447,414.306301
455.2143396,412.45239
774.4996319,764.9483198
783.0715221,184.6219993
384.4753325,445.9268814
441.8322401,333.9905841
547.7239727,342.1941978
817.7849089,544.7405476
511.3502462,536.5643049
656.8088242,639.4221213
874.9125371,588.5825449
805.3904413,202.1476116
787.7413473,331.050799
768.8293513,313.2744605
827.5537112,739.1362496
684.5393674,392.7439348
626.6969806,470.6796545
746.4450713,319.0858541
829.2561167,741.4747934
779.5549702,309.7870058
428.2590769,438.0357143
889.7406925,529.2645798
970.2103461,682.2602111
786.7923057,538.4284121
671.5910338,396.4689942
892.8038539,509.1180851
820.1163086,310.759886
460.1763182,915.65643
647.4776378,602.8943076
621.9072499,439.6956469
618.0097091,805.3958192
445.9868195,564.0766954
442.9086026,581.7029743
483.2666381,492.6352638
579.5273907,704.2651717
752.2515264,632.6713195
857.6836365,528.154051
402.6606752,259.8648991
512.8619325,185.3163645
706.3059636,296.2670155
446.1573747,529.4932212
817.0732813,402.8489094
735.1768369,489.5123441
745.4425786,777.1569496
751.6116262,430.5167711
488.5763484,719.5171156
472.193617,490.7854271
551.7605792,405.4050417
514.0572716,436.0376566
715.721716,184.9512445
702.2087153,414.2485922
687.5045101,547.3422494
630.7891205,602.476556
507.9865123,425.7486908
846.2396336,261.8318668
382.0347236,602.2104102
769.7901677,465.4972283
773.7394368,636.5701113
472.6002828,382.8215723
629.1052761,464.1528138
354.4728629,352.6919768
443.8274282,219.077812
958.0731868,493.7098552
654.4761212,500.1897893
590.5195011,703.3035533
778.4343847,276.4303139
591.9318055,409.4498606
574.6092905,528.0385707
355.0583831,304.5166375
691.9663884,618.1824606
645.0088952,670.5449268
909.2956447,854.5043822
383.0526164,319.9718786
443.4743783,367.2940385
734.6490373,511.7139576
686.3768238,613.948824
869.5902579,439.555867
615.8638004,239.8685894
773.1394153,468.7678675
653.2957028,251.3726787
559.9052501,434.1693498
547.0724176,596.3206855
771.8845579,467.9798979
706.8979256,462.2927599
565.1980623,298.5856475
836.3207099,431.7098515
425.7234306,827.2423835
336.1405896,541.3296063
603.8307868,588.219389
434.2743478,583.4943291
611.6896562,486.292665
496.4945113,556.0709046
560.2399337,430.9875094
607.5250546,505.3486681
467.9523294,210.9253465
651.4523141,881.0546737
712.0166921,398.5985369
712.8372593,522.659032
496.4879947,545.1439869
616.1531674,855.7555684
424.6793365,550.4014847
916.0289849,863.838938
747.1067534,713.6536963
544.6973942,408.7846841
557.7904113,416.3263181
648.098842,867.1679755
455.154312,493.33199
852.3591551,626.6574018
81.42293473,608.0621916
857.6050028,570.1462743
604.376024,656.0770871
430.0334646,402.680505
626.9617942,592.0324742
357.5033514,306.8764721
545.4370358,297.9053856
791.2304995,264.3406954
217.7146345,524.2626556
638.6173693,344.7551775
654.3224193,500.7409063
803.9783616,443.7600433
554.3460663,460.5170964
766.7137335,363.8049333
946.290141,663.0493846
540.4214862,722.6110347
271.3097863,582.8503181
516.6198533,498.9470233
457.2537656,531.8467668
741.1904449,405.7365644
219.1340847,515.8181985
584.3957101,992.5330824
390.4774653,348.1590985
407.2446761,857.4040093
919.4419004,514.310415
878.3400588,439.061832
602.8663301,678.9562462
784.6527188,402.7370856
520.944838,641.0535965
710.8456367,273.3225213
792.3512948,559.2488796
601.7989111,188.5841412
530.6214941,544.8050887
585.3893942,505.1737239
603.4565243,536.1661099
762.0990372,264.2705548
360.2873176,722.6272901
638.5246089,311.3418005
550.6587945,363.9198077
792.4751851,385.9027043
601.0080655,342.1019097
770.3784744,545.1956156
634.3145859,640.9221533
710.8684073,162.2267417
675.6740505,430.8032466
684.213837,466.9518161
452.7729667,414.7658194
546.5150162,515.4188127
859.8887189,953.093732
650.9940848,853.3999543
453.9530704,498.9989445
454.9725363,959.6776339
706.7103074,536.7868661
640.958791,398.9851148
736.8844856,406.238748
752.9609668,646.1893458
757.949701,358.0911139
556.3841891,303.9736273
640.7701842,524.0343695
605.8750217,565.4958054
483.2611851,707.0665559
641.7855153,545.6050723
400.8669774,460.1882272
793.2458067,303.2802023
633.1196513,925.2717992
584.1979051,982.7923502
464.1927158,454.1129234
588.2459119,605.0694615
417.8658346,333.9187511
457.3622558,558.2932786
344.268602,544.108655
456.9137189,632.2745662
678.0080418,432.648612
875.2551155,514.4129829
853.6046646,634.1332619
454.2536729,579.2347633
695.5152387,546.6489707
533.5062654,345.3288598
688.8362634,72.66472453
519.2516756,541.0201684
352.9939393,303.4602446
711.7023073,492.2798803
749.9519008,470.8758268
751.0690706,441.6115917
415.7429062,445.5014827
498.0600982,673.2309979
455.949442,408.3377856
684.3192112,764.0148872
461.5078018,572.8978058
466.8773451,629.6455979
485.0654143,268.3908004
320.3031852,305.8166526
441.7936499,816.440014
570.3643925,362.5997762
745.3876894,446.1065267
392.3149666,518.9443777
621.4927792,469.1822343
865.8631974,434.0582781
521.604243,387.0600145
450.9116311,589.5394204
477.136705,624.8166121
724.5853851,478.6330644
443.1550799,934.7151075
641.1655246,469.5189804
597.4761434,513.7478482
766.3707207,767.3042264
474.7103877,460.3848383
601.4966757,625.8966568
547.3739339,302.5431928
801.6423029,331.8281128
601.2344237,757.4811515
515.4720179,484.2778505
346.4568461,583.1770979
512.5895836,365.414637
304.7330662,667.5542651
813.6357076,638.9486459
481.6374582,594.5285994
634.4165894,970.1487732
924.9583593,735.8514235
948.6392179,895.7915844
403.6703137,297.4273762
572.5011181,365.135746
781.0396463,677.0895482
581.7010138,292.7107365
432.0024664,410.466012
726.2909215,557.1797619
466.3657396,393.0240586
780.1600702,652.355099
578.0894094,405.8303987
461.8133929,437.4528596
715.2251062,475.5002619
773.695064,550.3849367
445.5030781,404.8756961
818.291376,850.9309285
825.4027839,192.3607876
668.1975183,517.1456264
599.1481381,546.5515845
593.7584608,472.342157
527.0588616,747.7027686
508.1998373,452.0822923
713.6831439,202.5781294
614.0471222,558.5164667
368.3905819,585.0567292
719.5106468,533.8145493
628.6756449,576.6942178
582.7072067,735.7941326
528.6144264,199.3333985
352.0530622,457.8880236
544.5809493,875.3226976
455.8748981,271.4185278
436.3848722,255.5870721
643.1639934,475.8099714
527.4543817,548.5415144
456.6421041,517.6918334
526.9057739,440.1760591
506.6478979,306.904052
682.5274609,632.1770964
544.2836276,423.8517384
555.7214134,445.0536858
893.8526369,846.7646745
458.0931336,500.3781055
583.1023224,675.201225
597.6253361,535.0786688
512.7380722,755.9326876
248.4795013,742.3430163
720.6725341,203.9232334
415.0725204,236.6392156
531.0161903,482.4255483
530.8215912,410.0151019
529.2299978,514.4608089
334.0322374,317.9798801
920.8017725,514.5529926
486.8291357,574.8061453
634.0641538,900.3273878
807.4716635,684.8350434
530.5136631,634.4511827
709.3827125,188.0959983
481.7675505,356.573364
418.7541145,825.913911
400.2146733,432.9327475
784.9634033,303.9869576
912.7823101,525.6042077
574.1668209,462.0363924
874.3379378,587.6048801
810.3153577,325.9186852
807.9832989,430.6940762
402.4375229,406.7461133
751.7327152,388.2215661
933.1359428,857.3998097
502.914141,985.861907
566.2185019,386.5364565
778.7734876,542.4270138
580.7132171,531.98686
253.3956989,460.320339
730.301926,446.5730863
765.3491875,365.8505871
770.6503888,664.5348327
550.4463534,771.4145057
600.1793039,532.3436434
526.6110738,547.4492886
719.5390951,540.7008895
736.0365936,455.4067749
717.6129081,919.9984012
195.1125203,714.1824778
520.7922597,564.6248246
791.0803781,619.8759486
343.8570974,571.2542123
568.8207824,340.8271552
771.555567,561.4500254
868.4416586,730.5146545
780.5386621,473.3374354
857.6510984,718.381932
425.3405391,413.8993515
494.8599085,573.1266561
529.5305854,343.1252276
771.4213251,452.7166921
582.2558535,592.0096999
352.9681126,456.6110544
576.7430799,522.861765
436.0360169,500.8999711
491.7111924,680.6257064
575.0885677,537.1219616
416.8932883,361.0919509
514.9204289,345.3682656
548.9431311,333.939436
809.8757644,378.4208686
771.4556308,671.9160646
770.0138744,634.8707729
430.8080261,524.2323178
796.6643249,488.9023691
589.7103042,292.6853714
907.5433536,650.2030119
286.0135271,634.9805283
503.2905457,583.8441757
615.3670108,740.9695593
700.6999352,193.5347084
338.3256279,538.8581149
202.7961755,735.1047401
764.3330773,327.7561737
383.442354,504.8611937
376.8411435,332.1066904
487.4930199,400.0756065
648.8159226,539.1360449
701.4964285,570.0229379
447.6862588,495.1078625
579.339458,802.3325932
568.7499686,309.7444033
709.4224562,432.9283597
538.5485855,489.3469693
818.7396732,494.4349135
565.8179033,490.3623894
807.0560392,413.3177086
332.9907649,587.3379612
806.3511978,632.7051884
459.4424742,480.9113921
518.1888257,394.7733123
567.8714261,448.7930784
693.6556409,469.4141351
477.4682127,332.4717895
906.7225317,585.7577804
431.0899477,383.375113
881.4557724,431.9082595
436.9221696,875.6380485
586.0099692,546.7955201
642.1028363,277.5576832
514.3266094,347.4376758
676.983108,200.7844135
437.688252,274.9259987
572.0177662,492.7115681
793.3848125,58.50396171
666.5251491,552.7076848
555.4631913,464.7244276
468.4805335,495.1848563
238.9749883,763.4747186
662.7532813,509.7210816
777.3158665,652.65526
551.959358,398.0083066
435.1566954,426.3289338
711.9867007,500.3622889
839.5871592,721.7497903
813.9993488,586.781767
684.8923274,620.9601303
500.3286688,534.6528104
252.4671659,672.3283837
673.0071433,431.8080108
658.7282998,361.3905657
889.9162063,607.5321565
644.5410333,590.1660687
782.7752041,623.8368578
599.7352313,577.4059876
737.6443062,487.0667193
772.1392746,925.2886187
371.2699752,572.6734477
372.9718114,622.6492516
727.4965374,511.5738016
198.6824484,763.7771152
269.5704385,660.8583514
832.6702306,802.6113589
776.3289388,192.9477584
508.6106078,199.0172537
601.7931285,791.9725465
841.2714979,223.9915016
830.5759903,192.7131623
661.1927579,212.7763532
465.4139415,347.4317419
603.9188733,244.3857346
367.7645988,341.5339523
674.150859,332.6421997
643.066574,610.4753264
722.4291696,299.9591045
793.3721238,442.1957419
398.8018295,411.302121
725.3559018,817.0245821
946.1588203,890.1975912
648.7189376,303.9947301
886.4800407,520.6743255
548.7150352,619.316307
325.1250195,328.8298667
494.4621862,675.6725693
665.1991484,517.5851912
586.4431808,670.8544064
505.2013476,541.2583582
658.1065113,586.8659483
531.2805695,515.0289335
496.7173491,636.4663315
782.3230269,485.3082514
220.023638,521.3607928
474.8598051,669.4847939
423.6203067,425.0233818
598.1743634,573.7535551
776.4500726,637.6214896
651.0670108,563.6619525
717.5666777,397.3948633
465.6310866,387.5273472
756.2102183,381.5752544
705.321268,148.4414204
420.3917435,275.6528538
797.3727168,319.8162403
583.2048951,588.3719976
615.8666167,590.6939099
787.032536,987.823881
820.5355881,374.9644622
357.685921,276.6575971
643.1475895,594.4789138
711.6163482,228.4598805
792.3120603,373.1432082
616.2810126,894.0095064
661.2809193,325.3291653
491.9413557,290.1716118
426.9843402,649.8828555
562.934645,737.4109611
467.6939125,627.505483
726.7696444,208.169469
479.555532,527.4397113
365.2178668,336.8998433
666.5667954,842.3235621
419.893321,363.9192226
511.2267604,540.7987354
511.5592717,414.3665171
816.1282844,266.6842537
739.1402777,528.444768
450.6484803,501.4850406
649.4070906,724.6170529
459.7820864,552.8160821
602.0372538,506.3955542
572.4091816,505.8386497
522.9698377,593.9657819
721.5279164,303.3144891
544.3009752,545.3393235
531.5924525,536.5153924
458.2547453,556.1675178
240.9835541,644.0154037
629.8680928,550.9638217
446.0880141,565.3555868
385.4024124,298.0752526
734.6591493,359.4697735
881.449855,439.9778392
614.6071004,635.4998031
632.3722947,430.7237664
856.1480859,820.3445517
230.4324153,786.0989101
381.9869951,585.5546296
709.4553988,159.2178397
440.5894422,508.55696
366.5704582,296.7572687
461.2903122,430.1913703
51.49554838,632.9882791
902.4589677,568.2191721
516.7564322,484.8701283
792.5976372,455.013887
357.5290432,255.6425034
442.6765967,280.5039663
738.9749958,699.2573345
493.8753776,622.5006337
564.4697911,188.676701
585.5033523,472.7617681
498.5116311,618.7570205
802.6920448,600.6750677
376.8159759,339.5707664
666.3840759,893.9662144
794.4812191,714.9830464
621.9497651,429.3612787
481.324976,698.9955346
509.4221267,419.7018862
509.6597504,449.2767501
538.2389346,546.5160023
730.6395308,348.1807237
604.3915889,275.8203807
286.267315,604.5318628
251.3278246,550.8491144
545.5844907,371.9588196
816.9174971,299.4331646
500.7040399,476.5606664
561.0873313,568.5809908
779.074944,287.0385795
630.2039149,444.6051785
670.9908475,918.0194823
462.3915876,461.2568639
582.5325019,482.1115764
225.1761111,552.5048682
469.1470992,764.1276304
437.7182284,470.6182892
864.9446714,610.8510396
460.4412068,558.626034
808.8958476,629.4254813
449.3798107,573.4327092
524.3973625,559.9479459
566.8128158,490.9346927
721.6476121,382.5390248
795.3902773,449.0111266
467.6220801,632.3276784
417.020729,695.088636
416.0556131,546.8269654
549.980409,508.2178111
566.3664062,724.4369897
619.206022,633.1154182
557.1111569,550.2522399
874.4344284,331.3155658
550.5392936,614.2626078
350.4252606,575.1421811
909.5347515,642.8045426
472.6750664,445.7905282
395.7767041,264.4185877
484.1649251,432.8522852
795.2010262,654.1581962
568.2855523,329.0415004
798.0479114,675.8281866
725.2523403,515.1022918
807.0503915,336.8345083
338.0829407,270.3117807
828.6006666,571.8091946
378.6049698,246.6933555
308.0578803,387.0505705
324.2740414,881.0831312
770.307421,462.1630718
731.5379677,827.4651955
882.0837479,556.1646762
620.0121179,473.7541213
615.2738758,542.3576462
559.8761576,437.9658453
581.9357162,632.2752348
604.2635939,843.3114231
333.9885088,262.8608678
567.4031298,352.1423433
712.529496,176.4527142
607.1593311,652.4028415
750.9053767,764.6280589
494.2070351,383.0199176
518.7336884,581.6946167
738.5105345,480.4229149
598.0260546,576.6661782
164.7004787,659.0650116
879.3136837,533.7448474
477.5903652,515.5175988
656.3198844,638.2318616
639.8923008,505.7318821
273.3335426,423.3869966
968.6907799,659.4590905
905.0650383,572.1154357
226.1774353,668.5711478
262.6865274,684.1951276
418.1758,584.4508703
427.8777135,511.9169622
966.4373847,928.4098042
632.9718218,971.1571102
613.6293707,853.9796123
553.3311247,282.6361624
539.7206896,512.3366569
934.5533706,596.9569658
872.4980845,728.5223844
796.7729499,448.8642429
494.716768,350.7195559
529.1976845,547.9945553
527.3994625,739.6959958
885.9979023,547.1968282
147.8725062,697.5974437
787.0400414,341.9905246
481.7137099,843.2134101
660.7066046,508.0601879
856.3750583,581.2596904
571.3215836,592.1923748
383.3347777,298.7927682
459.0799116,497.2127504
566.2085397,292.9489473
831.5225151,724.7818009
395.5641282,671.4768132
722.2514986,541.0456798
484.4306226,447.879892
526.1855773,569.0966092
778.4456951,420.3897325
585.3163933,470.8548912
981.4903553,603.8419271
569.9650074,509.8410749
877.9832487,436.1044334
890.4387327,608.3327251
648.9651153,386.6763617
844.3040837,962.1237183
723.6345758,518.4601419
434.4163497,417.6847733
767.2078715,482.8380346
584.1378325,499.4577315
712.1632781,6.130191941
588.3235568,166.1129971
354.4698068,573.2360563
714.2024944,552.1353396
484.9971173,488.8325837
784.5908186,530.5132588
758.1958187,308.343826
420.4925336,565.159122
336.3787975,821.3173483
448.6890661,827.9053035
722.2421207,510.3949081
391.2352035,661.668573
634.1091408,481.6324596
408.1921447,427.834022
592.1473027,535.3308366
477.2632169,318.8317431
761.8541479,634.6681026
174.3321178,530.6828333
570.073153,459.3928612
500.2269799,563.3895803
623.7859331,452.3274189
407.1108985,667.4119571
768.3994804,482.2293968
699.8735855,478.0637906
715.0085004,467.8240089
368.3102704,340.167432
711.0954247,207.5712782
402.3884761,392.019754
385.2488304,598.0449084
825.1434382,408.810091
187.2833577,431.1337455
697.2901807,620.1109835
714.7029543,295.7054725
690.5360173,253.6214416
516.7668138,553.4148579
726.4639185,654.7820447
913.8607699,413.3498852
767.8392177,440.9623363
649.6466767,582.6450152
604.683982,492.3861047
503.0679327,948.3676066
684.9924583,621.7789602
614.9178747,596.0614138
285.7335231,675.3009095
531.3462299,478.3234385
672.9533926,384.3808383
284.6037394,627.956226
791.0215639,431.5330269
369.0789296,346.6779337
793.8038972,306.6623728
485.615655,493.2562289
460.5002756,365.6306585
727.7293373,207.6883464
568.5911733,521.6697501
440.0081465,423.6689173
921.5175797,515.5652367
331.590505,763.069378
734.1128185,409.399005
133.9330952,670.5077148
797.4800085,287.472482
938.5801348,871.5291272
284.4949946,718.4375306
763.0717932,323.2562032
646.7200793,628.6963487
296.1142116,669.9634301
773.0729909,671.6665294
835.1284568,568.542776
621.0902181,554.9202805
758.8825784,422.7558353
446.6537898,318.0606975
451.3415469,835.6384296
445.2700685,263.4023736
704.2298799,436.2001063
500.8603934,475.1199103
452.7474546,235.7431412
733.5262796,523.4742263
848.7887476,354.1835049
482.8311944,495.5205578
376.7076056,741.6679779
749.0429325,426.3509559
621.2539421,569.0778674
912.7271812,587.990079
392.4128204,843.0642489
558.0966466,415.4936147
555.3064184,358.8798357
155.5437125,666.959668
565.0968827,205.5202755
171.670394,626.1053028
613.259108,537.9105999
725.7454747,75.70342112
282.3442171,637.4671677
870.5636731,717.044308
744.4796649,568.0017298
579.9891255,629.8489369
657.8638991,483.7445141
549.9731284,720.2408367
515.9205098,567.6446331
667.3479035,369.2356201
927.1724452,612.2596192
826.3086062,451.2069654
376.857068,574.6427554
326.8116053,615.8812123
699.8431747,536.7260232
473.3469952,392.333496
929.9887248,851.9035161
778.8413051,304.6626019
446.5088965,501.9460633
745.1760422,369.2669609
659.3124718,546.7447481
866.9779554,510.0876641
650.5015347,536.4177345
730.6912891,405.5648379
553.8225812,458.6013814
430.2618003,496.9224513
859.8086022,725.0687569
474.749757,468.5212992
628.9507204,137.1419236
496.6381612,448.6661901
587.9141645,539.0062523
706.8199511,580.8903917
633.6820413,777.0154565
599.298739,497.2005066
663.4298092,324.1333269
577.050978,388.8490292
510.6994851,431.1815506
477.0334731,228.617629
841.1844152,168.8032679
654.2379582,789.1129102
478.1578637,312.199681
469.8206759,630.9769539
449.762777,488.551854
597.4778363,289.748992
226.4970933,411.3198181
753.6190086,472.156139
586.6877705,456.2995481
415.8500781,914.6361626
776.4026737,453.8658119
749.1476625,470.6191041
443.6608429,576.7780021
552.0767766,776.3707769
750.8844636,470.0684886
839.5022187,422.5477744
822.6103835,402.5635831
224.1066098,773.4188733
772.8239969,306.0461088
898.6155222,567.9094208
442.2013942,532.0954453
618.2082632,919.3538469
714.9171931,478.3271367
436.5514275,518.2781565
500.8249341,565.5555618
504.438486,731.830549
368.9537959,595.3101755
546.1702955,444.6321942
154.0728036,724.0312521
485.9124824,603.5431869
708.0183313,568.570126
877.2968635,527.5891023
863.0962342,791.523872
590.5012696,741.3909882
552.6369945,452.5581078
542.3510888,749.0622685
809.0022404,748.9220081
542.4326137,560.5120171
567.5982683,681.8359197
421.361848,233.9045453
588.6185865,621.926429
377.9333406,597.9612704
483.8948083,433.8296785
606.3561714,495.1222793
403.6291168,648.3300875
441.0808537,547.5830301
456.6586727,870.5881938
521.6127221,545.5867693
908.6738263,443.2339989
872.7526813,726.7743217
547.7885994,754.891589
456.7744435,506.6017974
708.498747,811.2940894
245.0894313,795.6447654
465.9518381,542.338591
635.2872371,510.0031276
763.7950609,353.2160571
669.4220997,435.4585419
674.7973656,409.2191299
579.9219072,463.8770985
818.8857499,577.6562123
575.8576613,391.1445735
719.5760375,194.1439938
819.7356642,333.2539924
794.9115694,166.5081416
581.3635438,402.4181619
627.8948514,476.3028781
287.1350264,665.6907221
562.4506789,566.4255816
409.2877574,853.9393081
463.4679051,406.4337712
651.6335055,514.9147277
566.1921209,316.2227494
437.2796238,504.5114307
562.4492857,971.1117915
574.6548168,238.6899257
975.5016452,594.5528363
458.8132553,479.0005036
925.867028,688.9498358
896.3851373,477.5768804
472.9214388,650.0032668
782.7025777,682.6485859
414.926234,449.0186484
408.5023199,587.9098466
770.0114026,290.9488838
843.1279199,247.7868976
648.8869461,424.4344051
314.4579601,458.3097451
786.66873,546.9670586
514.3572599,675.541544
484.0562402,578.5567371
811.3048023,315.2111947
637.3547969,514.0722669
732.6152889,793.5236639
515.2057362,283.4710805
386.3595436,830.06696
645.1249056,552.9429495
759.0076222,459.8611967
607.0072471,665.9804152
463.2159599,390.1212347
398.6848753,370.3105041
585.7692295,536.8433213
694.5451492,190.6251984
222.0546449,394.9264642
690.4665968,564.3979174
828.2470774,412.6922513
483.2367216,584.5400662
821.1934351,372.1017336
625.1278733,539.5865371
479.003149,328.6256293
576.7588546,806.6987595
447.6753529,538.9161789
806.2159971,534.8708795
699.6247113,791.7053978
548.6736136,740.1901353
668.4169105,710.1611645
737.5192474,404.5148594
665.4427793,493.1609112
863.2745344,383.8867406
439.5523141,484.4573704
692.1357301,469.5565475
594.6958325,754.6900888
968.914112,588.7105824
575.0350567,371.7995876
619.8326792,739.8294448
723.7708551,517.9322797
405.7296191,413.748686
572.5698645,594.5555943
855.2593416,670.2889145
644.2738227,536.8419841
648.3032834,301.3475006
832.5865335,538.0314708
816.9789329,301.2381631
380.4483286,311.2059487
684.7711486,436.2408493
867.4448885,804.3928937
970.8216631,599.7304568
312.7829094,385.1166778
468.8005509,682.3131979
506.6964952,667.1326273
469.5825129,247.5443828
395.4024716,845.4267371
410.3303234,614.4868405
374.0719332,801.9803021
706.6469691,570.2111706
526.812639,491.1660503
646.6252665,470.7587586
596.7963198,292.5952562
577.1366676,529.7887856
581.0341035,958.9266254
772.4269338,668.7871066
669.2313806,353.8600473
701.0049271,198.750899
785.8618252,556.8954594
193.3181184,513.3576138
711.1194237,209.6846281
709.6889627,405.2787384
83.14541433,614.6439205
517.887624,443.8508897
477.0327091,203.4620853
231.2411328,764.257214
640.1314076,854.8843577
696.7432357,487.4755701
649.06616,930.9422638
507.3148381,440.7737485
232.8098357,785.5520345
789.4240082,323.9247018
466.438351,273.308606
638.1346466,606.6919732
752.0970605,347.7222918
443.4805953,506.2436769
791.5170801,622.169696
713.0352591,499.4491442
783.0944575,330.4680905
719.8742431,411.6935673
476.7237024,435.2807144
162.5965459,718.6161103
739.5916459,565.0335082
875.0132673,346.4721085
489.3191509,597.8528313
823.3513434,610.239811
878.7848055,588.1126005
616.6547807,674.7344982
175.8618858,706.8980053
843.1879175,796.4160409
528.650395,492.4872727
566.2796231,904.2328238
692.1014094,465.1287862
693.7937628,544.7781566
645.5655626,514.4660533
486.5313496,574.0776605
705.7849353,906.5820653
525.090474,487.8230348
479.2287132,841.3838195
462.0665815,264.4558832
500.0641099,309.287434
448.2449486,639.9938814
699.0878184,548.6936007
737.3935444,368.7169513
435.4428865,521.8770798
972.181595,915.1884288
903.7646845,540.0124164
502.9674872,345.577225
482.4259817,967.5104027
428.3627433,895.0444413
491.3958789,411.130499
555.4325408,199.3089109
336.1594652,566.3806599
720.0744301,202.90119
718.680447,513.1630503
583.2747351,355.3787374
865.645498,743.6977316
557.1411183,417.4766079
602.0362501,495.3789811
875.0153196,549.3093215
634.3817743,534.6421963
489.5690737,277.1438805
653.9357528,574.683185
467.0316462,636.9397443
410.8796353,352.1684606
392.9160667,592.1760149
355.441694,348.3186231
575.6939823,191.9477998
488.6893777,569.8506472
302.9208673,710.9663924
513.2756542,437.883816
619.5634612,567.2908376
684.2505697,471.534756
577.5623288,332.2264957
208.9596503,536.0944649
683.6044975,329.3849535
338.1351484,400.6570613
667.6840851,494.184835
614.4911049,589.6657864
544.8229623,738.8616836
370.1788867,778.6123732
650.6129461,481.31293
827.6490633,464.7960517
174.6437761,547.1824951
661.2743877,305.7133743
510.146413,636.4675643
699.0569582,433.0641697
795.2244111,347.2125655
461.3480627,401.6291893
492.4082139,239.2135046
523.9887043,300.3556279
521.268346,197.7280407
308.2649883,717.7737748
375.5641746,407.5832879
692.9965655,527.2465477
328.2143521,684.3812499
536.1674649,542.5049269
864.1259768,792.270639
523.7569979,336.6766135
693.6769883,475.5789481
409.860529,655.3854172
518.1905485,472.3843416
370.5352023,452.0178765
491.8987806,798.3659173
397.5005769,926.369729
957.6226426,901.7005732
327.100463,654.4054122
631.9894482,638.862417
718.5840912,910.5957523
191.2946319,520.2173562
645.646683,468.3211988
958.8855147,663.9010178
513.0855343,786.4632988
755.7120655,489.5981969
521.1735482,750.9313693
614.1671774,563.8314016
455.3524465,494.2084033
542.7367067,616.8149583
642.937785,480.8544982
958.4118403,923.6978657
851.947306,148.3092041
456.9328643,409.5319734
692.392634,394.2055638
222.5202747,653.2196446
651.2738492,356.1004109
448.2887072,524.6217373
693.5925871,486.249749
471.2908807,442.5507701
514.1949442,735.4180225
665.0418811,695.0183073
778.7198867,316.7723829
672.0019391,433.2003349
705.68046,508.5278549
447.7209841,420.3046319
527.7631188,626.2089989
789.6624409,253.1171269
643.6475251,599.5651029
425.3203002,371.7429653
296.0034893,663.007785
946.365449,637.2973425
461.9200854,282.0945312
519.5309906,751.9934245
253.191617,810.2216292
599.0490558,336.4719164
764.5166807,457.0059899
632.3933426,443.1754752
557.3297851,701.2770591
642.8464777,499.3148594
568.3697138,473.6098911
275.5191502,676.4194198
230.0303636,560.3232203
397.5601551,809.6913434
963.5989037,908.1548078
658.8645642,547.8853641
588.6704796,608.3754949
454.2223783,658.5879215
574.9088294,319.6850687
917.9176004,856.5874151
586.4882876,599.6315245
718.8424632,525.2942266
611.1666354,507.1804943
570.630105,392.0107906
691.2686479,191.3432364
358.8904583,506.9614641
655.0693714,419.392511
890.0027347,446.8429513
829.2816288,686.1047416
810.1169834,620.4455567
178.9073101,706.2889079
707.1517583,253.2557993
650.140635,813.1211101
544.0688644,719.2553993
789.6917431,480.6062584
333.5551025,336.914281
725.0955225,297.7639969
804.4742524,478.6752699
700.3796181,798.5457507
621.7149278,356.1733095
452.5413652,225.7858651
427.1096536,574.3859492
306.0522058,312.9217723
868.7551145,549.7776989
601.1994288,312.1517714
487.4465648,653.2055622
474.9028446,621.8058088
711.1369961,402.3983545
889.0648238,532.2113853
629.8590894,569.7974097
486.0798167,263.5895198
550.5756067,560.4826612
638.2366651,958.0324315
565.725038,708.100279
279.5250912,673.9878775
852.7875729,411.7228395
581.5601503,473.8466811
626.3818618,536.3625539
807.3622445,244.0051114
584.3435473,741.8825159
666.3974537,317.673639
631.333339,477.7566929
464.8133657,553.0434907
555.9204468,399.8784521
868.6385797,728.6655491
590.2219996,331.870966
205.8873657,514.1609195
493.5772619,726.1640333
538.1833413,670.6430861
635.0037725,567.9120535
451.1929235,513.7938982
716.2206329,394.0552744
574.7806696,460.5583617
652.0516615,544.1163857
532.193987,488.6577858
465.008609,672.8583562
227.3262444,409.6659866
583.3177297,481.9382202
684.9696877,404.3549379
711.2429245,532.3972988
461.5928772,538.8443877
561.6858548,601.6300627
441.1407914,435.9009064
775.6267789,297.9878327
623.6123819,916.5067678
662.5469673,522.0366879
535.722089,475.3936406
298.5454875,319.3693418
721.7943929,214.6437199
493.2540985,446.1743273
633.141568,428.4818567
561.8025993,326.4386704
511.2126935,417.9004814
837.314364,384.7611272
522.5791862,757.9049832
488.0472755,276.1797549
493.4729813,567.0463378
969.3513384,580.7023053
727.4041815,567.1519562
587.3773316,474.0778715
785.7493502,536.0321177
663.4210455,736.1476983
571.4445451,569.4047308
658.6201392,542.3364807
695.573993,195.2534153
588.9472179,381.9074874
431.8211252,560.8557209
411.1561189,567.4506964
538.9427424,812.5978446
977.2920922,534.4979661
415.6122147,658.7310444
651.8717884,496.0098916
596.8060273,576.9992053
839.8205134,352.8219783
464.720036,300.5070456
845.7632028,622.2703208
838.6748952,351.726702
724.0391442,399.6835334
633.8087779,516.7029276
494.9081613,581.8671581
647.6747836,762.7233341
740.4640613,450.3633973
647.8115274,585.527969
419.9878641,433.7027275
556.9530657,479.9508184
768.8972887,441.0916065
587.0833655,381.8774839
458.5956308,613.0901496
701.9495044,195.877222
730.8813641,514.5614546
230.8664808,721.4959718
755.847401,341.7874782
594.1941292,216.3054493
456.1161471,546.9021414
328.5505487,610.2403542
557.2056102,424.0652318
903.1131444,704.3218776
589.0621647,478.5319591
628.438246,479.6529139
752.6952544,625.0887336
566.6204637,361.9316328
379.6632356,343.4978903
466.6358114,783.3938673
808.2341056,686.2685493
829.6844895,722.7548261
920.5628904,598.0047923
578.9609859,981.3248082
707.995231,256.8911824
565.9083267,539.4841573
535.1796233,304.73245
204.1663543,363.9668397
481.1908988,415.7427112
384.388055,842.1768873
472.4573071,321.6726377
786.5984406,296.3828092
632.2049904,554.6931017
508.1911185,406.576894
233.209865,508.5272698
657.4245455,498.0010543
439.7823725,322.1147933
565.2680671,513.8517742
556.7853569,431.7875557
378.2814468,733.1019187
487.4554184,593.0750354
621.8852283,438.8617316
340.472046,275.295193
633.0424558,565.7675508
847.0251161,632.9423335
465.7134355,492.3873583
404.8301486,421.0358329
699.2508232,631.5515973
701.7249439,553.1252274
763.7549576,347.4209189
430.6877612,413.9269523
460.2177398,621.4479599
146.2099794,432.0128958
817.6357312,435.5655602
160.438293,435.6777601
855.0306164,401.4866306
544.3260529,467.6689974
734.9277979,512.6850409
432.3578683,226.7716786
928.0414,862.6021895
786.8244243,287.7858688
562.8883098,453.9723287
434.9260527,536.7112304
502.423823,314.3108162
704.4338569,254.5476659
514.8209272,757.4375878
767.9357382,309.2914038
581.0705065,709.1528692
669.1399235,870.7998484
693.1911047,874.0146801
563.6902859,720.0993018
237.9181457,517.5849195
498.5502214,715.9905059
959.5460282,586.2154601
324.3459487,430.8817866
569.0669151,420.3317521
766.012847,218.1803795
430.897386,577.8657567
634.7545688,599.6858067
605.3879246,387.1052497
458.4665872,635.1065182
869.3479303,357.1986751
174.4710787,555.7069547
877.8812153,444.0288635
422.6948746,470.3467528
732.0659021,502.2464542
825.7490026,467.0625744
564.2476874,507.8757161
747.0896155,447.5619294
836.2869884,466.084429
454.6899106,573.7324314
720.2887438,165.9918755
487.9653461,408.1275309
789.0971296,258.5846705
856.8014686,467.9342657
701.1858339,551.2362565
517.7276902,556.1138832
547.4086292,542.9132554
595.7511021,538.0761418
764.8016134,300.9652686
553.7798712,547.1453249
747.4450473,392.2338533
373.1795186,570.979291
603.9867358,588.3601926
932.1125221,852.6342366
792.5170411,588.7927579
385.8973594,859.2810289
534.4301245,815.6410751
566.8664916,492.7491353
435.4287597,573.0556588
979.0921118,565.6483514
300.6513229,665.0986949
572.3355216,575.0112393
488.4404736,381.307249
640.7892846,475.5987764
872.5258587,513.9654785
843.2572931,596.9194196
294.0826504,663.1907733
417.4623747,526.19799
469.5287023,663.5866699
702.2877384,275.5762361
658.1311096,882.0105254
519.6894563,586.8120422
702.521602,67.61917396
465.3975676,628.5896229
370.1020058,602.3544106
974.3027107,571.7470772
787.0076681,505.7996617
582.2416668,550.7669389
729.6382666,433.9693957
459.8774085,556.4437344
832.4992111,307.3360114
451.3009492,529.0195368
630.8021238,430.8656983
697.0891248,195.2143229
691.579617,466.9435213
870.1067172,806.0730723
607.7972987,566.9801043
821.7533683,408.6059582
627.0359786,542.5538185
75.02812812,610.9994904
454.0541452,338.0890375
691.1556036,466.1929098
719.2394664,525.6855057
644.7446808,513.5672209
792.4374487,526.8719837
675.9605412,542.2611166
638.6872243,870.3249104
357.696003,531.8567749
714.1617769,498.8459806
550.5138264,296.3233453
782.1020917,148.3384764
687.6368645,396.998298
596.2848042,509.5462836
547.9647423,618.3914199
856.1252104,413.2583074
724.0689258,474.3557388
771.9028793,327.0428995
302.1867087,675.3643223
726.4964116,524.4521001
560.8407043,512.0656637
455.0454323,389.2318463
898.9268958,844.0335772
579.9767964,768.4867345
710.5996538,474.8053326
451.3193305,500.4431898
501.2782797,625.0156678
459.3452945,981.7956928
320.8622345,430.9431518
322.438218,667.9624682
657.4121864,912.787872
811.9000749,440.2853339
696.2926915,508.4365279
505.5690336,542.4468002
788.5330168,592.6568868
569.8712282,369.1221248
795.3939625,208.2648076
806.3887095,319.2467158
606.0127241,505.3508201
734.5395135,635.8871123
506.6637474,388.4954845
327.2048934,592.3444402
477.3566814,594.2836191
695.3009999,381.4463185
551.9251421,385.7060097
353.6125968,576.3187762
649.3576543,570.4292396
965.1632771,921.0663902
874.9837853,498.4996233
571.9060252,475.9525301
477.4835229,352.1640102
505.8923618,327.4966094
458.6787137,551.2527418
558.5692873,167.1246772
547.8024715,702.4830937
540.0196292,542.7024365
204.4849785,740.1015871
457.0228083,578.4508262
556.3217645,582.5337763
675.2837886,561.4005279
524.8620035,473.9960303
817.5902349,511.6836406
897.55835,441.9338793
625.6158842,555.3815748
583.8049916,481.2558272
897.2753498,671.4923791
607.7522817,527.8652563
297.5571066,573.3651594
572.4927889,982.8022121
501.3753096,532.2673599
680.003095,380.2527575
836.6566219,561.9156657
895.5089168,606.5836595
477.1709359,512.690912
207.6694835,356.7185554
637.9646457,564.1771112
720.0030321,204.9180939
372.8744968,723.1650768
608.3781749,320.2119489
598.3758237,276.6472547
834.2992457,531.6780281
629.031676,588.2218962
795.8491657,677.1936413
561.1069261,523.5965598
520.6063044,470.9353952
776.0338492,533.1423106
669.4023552,551.7262381
104.8648064,570.2572624
305.4937706,314.170117
814.1803005,561.3751837
597.8234108,84.73959194
640.293229,666.621334
808.2388845,441.1053338
466.2711965,396.1265441
716.1042479,414.6469543
545.0425493,187.4380093
622.0253876,568.0628861
285.2412127,673.2268609
437.44549,318.9883007
524.8239675,542.979071
276.8130622,720.8569544
614.3679786,521.8338086
566.7033818,635.6023083
715.0233762,546.5371886
657.0274823,480.5898567
412.0115462,424.9443404
566.6740347,292.3799869
353.3963057,793.3400279
166.0187644,696.4679851
510.0088753,502.8528354
573.0844512,798.1373804
413.6367412,568.5340424
489.8964168,563.5415831
679.5853735,569.1482588
569.4537764,547.584618
814.9101447,439.3673001
398.8814519,824.0612954
514.4464699,667.7600068
534.6970055,505.6118887
497.7462977,414.0287889
694.6527405,504.6506255
516.562672,423.4620473
922.0250805,662.0285322
444.7322168,817.2391619
711.4413138,395.6402398
728.6285981,517.5177458
610.4715764,557.2350889
898.3129872,568.9608619
490.1037345,615.5065438
526.4128044,373.1757818
629.6239825,394.369476
574.5307468,951.552978
698.1397355,488.4676309
415.4993801,891.9655032
665.5044548,519.1963157
556.6115809,462.3412963
231.6167736,786.3840066
427.3845493,637.5238736
472.26109,466.5445115
436.8049157,548.6089598
481.723747,433.3120961
813.1880696,754.7423443
256.3153902,429.8469979
974.3618096,610.7455675
778.6973108,442.4692423
489.2100466,681.4614184
752.7617237,302.1232891
335.023929,520.0153336
826.8076729,387.9921726
688.6390127,536.1786462
439.1558202,531.8904976
535.1598638,323.7692725
501.10735,409.6315326
501.755145,227.6333408
527.1506932,337.9236836
436.8471313,907.5906739
690.5053069,563.609112
391.9016044,364.4502815
556.9107453,374.5859701
730.6910644,503.3294031
460.6685387,548.6242959
815.7538421,306.5421705
675.9403921,411.1750029
769.5584315,301.3797398
597.9860861,573.0922858
702.5346052,229.3359177
510.3857894,381.333826
832.1581457,343.0753749
732.5302735,457.5370279
454.0904583,767.4138773
755.1075647,530.8348151
262.8519291,720.8626167
525.583818,550.8859294
788.7805877,336.933566
956.0664337,867.5686986
898.5537568,900.9540778
577.4224841,538.8370957
486.7289449,510.2554417
490.1629981,428.7518052
656.7899485,511.5299454
205.441915,361.5584478
693.5007106,558.6181361
648.4213463,479.2724161
580.031446,647.7920292
444.9122847,810.1119574
487.3216409,503.111731
486.8447007,365.4200903
879.7395398,446.2474139
711.0468723,190.5264332
597.7491515,580.19751
323.6322538,563.8250081
485.0746574,312.8942342
488.1870003,245.2682698
496.4225291,586.6549831
405.3851082,430.8581138
429.6940322,543.8359067
764.7857788,546.1810739
536.0889362,426.9027206
434.7715868,570.5547072
351.3991851,500.1087211
414.5865918,430.8505085
701.0847741,422.8966807
328.4775178,324.4516655
565.9684592,503.3325999
810.6978297,271.6955593
781.9321358,439.575152
643.4319679,957.7547522
606.8732599,182.7118838
545.1050337,785.8223591
584.7527149,504.2882009
642.3905854,561.6226086
270.1560786,361.4811406
696.3856617,569.4128794
471.7162574,675.3299729
612.9999571,592.2123911
607.5315563,650.4361246
455.308628,691.6339847
681.8787222,379.7463324
264.7327396,716.634705
931.3365523,451.4090716
360.9125217,713.7562433
747.7240776,388.8761286
215.2320048,513.3916917
536.7998148,550.0567153
899.6178351,447.5509601
585.8537805,265.6811819
465.2781715,231.4774952
414.7397094,352.0257556
449.0354197,407.8359363
539.3389217,402.4763304
386.7629286,951.1110522
416.9030857,512.3706929
384.122702,333.7982354
427.7744217,518.470756
865.552423,581.407995
423.130528,371.3164801
473.6912215,367.4002629
827.5225663,253.6258711
786.9423373,625.0845757
581.3813109,299.2894567
713.5896944,807.4612177
598.8291094,672.4375959
663.4018702,904.2009189
505.9875491,438.5962753
667.2593077,319.5638635
615.7281353,591.0469742
373.4859935,449.785557
766.8916741,301.266913
445.6949058,576.580994
552.8831571,435.6138459
728.9452149,969.0941563
689.2313641,193.5211692
608.237686,562.2255841
645.1749711,478.9304883
697.2190823,507.6052871
583.8583079,255.7310725
548.3270952,352.9260506
496.0969239,581.3020005
661.3569014,584.0356051
471.1390964,636.7799064
865.3930135,724.6525097
705.4825051,275.6706136
809.1843906,204.0837817
508.1218778,550.6361435
185.236711,518.5443232
451.1719805,409.3055259
168.1120909,736.2982802
796.7346742,819.751438
429.3385704,493.5472175
505.1607499,492.7141381
822.9218021,453.9477576
531.5083209,473.6786528
562.7489144,373.4427424
494.3411272,493.4233797
390.8737794,462.5646934
529.2123806,332.8045658
443.9207878,516.7904519
512.4140998,439.236024
721.2402123,192.0589133
456.8336172,488.2986205
607.4066772,560.6855196
847.5874312,634.1373571
733.8199311,509.3035389
336.4561728,858.1026996
792.7285235,291.1116887
415.8863014,648.3325112
750.4852432,174.5978629
503.3537792,552.2291321
579.983328,403.7252809
632.4233639,931.2768788
452.3388113,818.5120568
505.6619738,540.349852
627.1674941,728.0593141
724.0508292,534.9606812
746.4174319,971.154603
805.7354616,460.2813511
423.4584703,888.1301242
417.8441426,965.4782045
598.1166428,662.7632852
788.9027552,430.9977474
768.8736642,459.7754275
612.2097108,526.1493491
715.1705765,651.7121327
586.9561495,480.0524252
483.3555035,402.8244845
521.1242168,394.9204886
167.0362677,543.0891816
488.084877,739.9807162
634.786163,551.547742
476.1435153,756.2511307
766.8454587,311.6955125
489.7049336,581.8449062
715.33854,541.1129162
594.4465838,500.5589417
499.996517,243.8234394
833.4106661,197.7340581
438.0938691,511.4024094
723.9392979,395.0981489
714.2217446,404.7634753
623.0766724,568.6142956
759.3970752,474.0997265
461.350984,617.4518028
642.4791212,371.5552759
372.4255855,587.3896943
730.4846605,467.2836731
746.7991249,386.2661737
954.8608328,885.8408481
462.8472252,478.6072187
859.9830973,415.3722215
399.0129074,241.3914374
477.270108,219.6525182
547.9145121,307.1435372
651.619184,359.3772764
712.7136536,460.074502
840.133445,355.7927281
249.9514438,734.5274849
157.8303199,701.0837701
497.3056707,582.5468559
381.0279464,329.1715019
794.6394901,446.7160629
694.1991702,406.406045
748.5392817,894.367606
795.5255379,548.8619007
759.5971873,534.8002165
720.7202475,424.7447205
616.1680881,694.8135267
495.6105009,346.9999915
549.931572,508.35757
909.2605899,509.9185075
189.2167654,746.4369984
486.1624052,218.295045
930.9984232,737.5647398
502.9796515,416.0427468
443.8479817,580.5985047
799.5428793,816.3510272
464.6561883,407.1648051
664.6738356,433.7152011
756.3948553,94.55823732
438.5589147,590.1090912
356.1335771,369.204948
733.2393695,295.5539921
465.5938446,633.2213291
646.3684526,512.3926106
855.6370796,414.4187726
792.2376662,372.28234
519.0188158,547.9756046
784.6211245,307.0597947
440.4843227,600.8297239
456.737606,481.3173595
563.6375539,421.5214268
731.6900516,262.1413464
589.7371646,399.068544
460.978624,532.0200395
579.8200834,472.475397
215.6848261,522.2663948
504.1602646,613.0434518
497.1499015,550.0350693
654.5017232,410.0415535
763.7076336,712.6106546
628.1273817,521.9181362
459.6054491,367.3162278
953.2088523,870.4464708
587.1283525,467.7561874
657.8506412,846.2709321
731.6289904,509.2361354
520.7910463,451.334794
818.1603699,309.3032297
776.5401964,692.0070652
283.040954,604.3607213
521.3876073,334.7393778
457.0613686,686.9081518
487.9416616,494.1838739
447.276522,495.0840017
551.8485009,672.5265619
475.4847695,708.0761257
616.6095391,531.4408411
414.7395147,435.5541521
499.7332913,207.182966
821.2023785,661.166849
685.0446361,437.2644597
371.5801054,854.1585054
679.3606182,568.1408411
567.6670296,446.1946988
600.6061187,394.4845802
504.6870455,201.940094
878.9375336,859.2971799
702.8011266,410.7144398
569.7187997,336.6291844
719.570225,288.736518
656.1662575,651.1494405
449.4117645,928.8242337
725.358104,325.0710218
340.1940793,598.5741287
416.3628221,882.9359557
695.9935871,552.7372287
550.9472926,397.0231199
411.258437,454.6433764
762.335043,450.1634223
525.5830241,563.949619
446.5626922,843.4482778
707.0577695,257.94605
969.6699327,552.54722
373.5396394,459.8344526
661.2006827,715.8545079
779.1091898,549.7541724
525.0283191,417.8364
177.3003765,476.4701543
772.2818158,563.2577819
905.4583563,429.9693941
728.1004689,510.8006457
665.0806512,583.2820268
479.7267013,754.778219
557.5034263,500.189246
546.630757,802.2247183
826.7411586,279.1675958
486.5345105,299.8481581
524.3385033,596.3300878
554.5806489,696.1010682
473.572934,217.6178336
886.2384622,841.5754788
138.3000559,491.6129279
814.5730343,162.5671024
293.0025577,672.8478883
442.0696091,517.0814823
618.7773496,399.1968531
649.9111758,496.5761985
920.1884631,940.7338517
658.7829494,581.6349857
550.9394128,453.081248
500.6270991,430.2942516
562.2428218,428.2708706
435.5796751,713.4015494
479.5271136,329.3671728
426.2176435,574.2430144
837.3651335,401.011818
671.2758401,579.6797813
531.2878202,377.6756059
662.9077023,524.0224391
523.5187451,561.9444156
488.4275902,259.6895162
430.3335727,459.9498284
563.8023565,735.1146229
396.2652244,591.2075016
728.4069588,160.6429672
724.6525285,505.5105536
405.0596527,427.2603815
858.4389029,520.7628318
706.238955,541.6027515
545.9555174,987.457194
798.992279,441.5087313
342.6778775,279.4834063
650.7077289,537.7627341
462.2387396,945.6982087
821.1652115,373.1877957
770.7207531,514.812327
427.2237615,579.4494058
728.9132611,461.9228553
795.6838688,456.573153
591.7697744,311.0804603
606.1706955,560.2318933
892.3163523,594.669215
464.5272495,546.9307451
576.5461588,713.5982232
475.1529173,657.8690896
550.0978726,508.4885118
595.8311739,251.2979414
770.4417678,640.0497516
445.3908428,276.6768404
426.5968796,516.8762838
777.4394423,286.4089016
919.3381741,852.4204299
542.0774815,167.4615278
432.101279,396.8728096
210.784448,387.8450172
469.0420846,857.293063
525.7035437,577.9159855
437.938804,991.371301
527.8966716,341.4402016
531.6557609,175.7221608
736.5611125,573.124525
582.08407,651.051323
958.4246937,637.4554253
642.6595187,552.7516454
468.1808448,662.0304126
220.5497299,693.5458343
863.0432925,591.4217262
944.835621,983.2482957
482.2847138,271.3393819
526.6989356,549.3166761
398.9544228,820.6217294
497.9107857,572.4742249
498.1916286,653.0092227
499.524086,723.1129466
459.7694127,811.0303464
513.5044393,825.7495182
661.9094041,580.2406349
572.5765159,361.1686731
737.0057693,358.2718457
600.3072989,560.4663222
560.7814556,758.733069
562.3751612,579.9865239
638.3307438,903.9844795
317.4159121,479.5533965
427.4260907,583.2730633
780.3545045,449.0265463
754.8169394,263.8789414
455.5208594,896.9037429
541.2492891,455.2285295
886.1684274,497.7669388
742.6256399,443.3791067
653.3476709,252.2885814
417.260435,439.3385292
480.8568594,488.7464175
593.5583488,376.5337154
823.2740131,684.726667
380.869226,605.7666683
394.1636435,658.6502688
462.8529478,457.9556988
580.6967983,476.5586397
539.04545,805.0068802
580.1285508,730.1231456
481.8462291,605.6541967
555.9628422,396.3604507
405.9133872,595.8350081
836.4172155,359.678503
476.8769548,786.7822851
751.8279624,467.3119634
763.5432655,581.6092654
625.4645792,728.6476013
429.3803066,564.0135751
827.2925978,673.0183612
771.1534254,282.8197358
711.5658932,480.9719425
548.4302972,318.7460784
616.604176,374.3662505
646.719555,252.2913603
434.3276641,536.991584
573.3425085,505.9085396
637.5846156,458.0290153
443.0524322,485.8134437
495.1283924,234.1828096
649.7414445,355.8089835
973.550036,600.8864089
424.3487876,349.8574967
752.6532036,911.7449557
924.9032903,866.2699789
473.8660761,236.9345292
597.7839966,191.6113044
659.2921729,411.8987657
600.5214928,935.0904654
717.7281246,485.4441032
827.6839233,399.2627732
463.3852417,279.1680137
721.1602903,629.4461453
582.8087608,367.4086831
632.8916302,972.1159915
271.8679668,590.9861731
505.4530681,610.4947159
466.8480578,511.9953768
625.3843876,536.4764253
486.8842647,268.7060259
390.6648737,303.628649
511.7641776,285.5013565
371.0934727,637.3469236
569.3303954,483.0319295
370.9133449,291.1189806
472.9638791,596.4531943
438.3279873,440.3269126
696.6312401,629.1367701
774.0851162,647.7013708
751.6191166,507.8071216
574.3233391,754.7688795
764.0910194,233.4525487
447.2313253,229.8806203
784.2412892,678.5456612
268.235719,719.0559257
578.9020968,390.9739961
700.5873404,791.8169082
501.5849644,621.6301124
717.2040402,511.820558
251.5556509,738.2658956
560.8410938,457.7741104
803.1094217,464.1460859
411.3609349,985.4006753
734.0815838,518.9514189
823.2510477,510.147922
762.7279115,312.7187259
744.0355474,293.0417995
99.08262007,624.5889527
532.0534532,549.0066115
377.9779531,755.2672813
611.8218308,387.3424993
976.7282341,593.6721606
349.9166063,288.1779628
711.5080977,460.096754
305.0929773,643.3763236
593.8779168,539.3862696
469.6298819,790.6659289
510.6474571,222.0233221
423.2631221,323.8216325
732.2748228,583.1392382
468.2949527,867.1553347
483.1384333,265.6066327
587.3496023,533.821883
442.5067456,498.2540997
491.8302589,559.6400751
704.0553249,577.3409032
617.4737151,661.4350216
266.4672188,350.3488364
592.1518269,389.5226886
709.335014,152.0831343
783.5921759,609.0670185
582.9392426,387.1677432
519.1087449,607.6307755
685.586188,385.7549222
663.4603249,841.6340442
827.6397153,752.4657508
673.6251117,63.98625636
644.0342216,855.8130265
760.3612323,54.89626299
608.3109116,686.9082562
794.2327494,673.9355593
866.9602932,678.4377445
373.9164636,334.0451797
766.1162137,945.2298314
216.8616191,523.1103391
623.9904795,561.2146772
482.7420293,665.142572
555.0854982,656.1865291
480.7990939,603.8848222
330.381833,540.9265849
465.8810094,775.0200523
896.8965631,857.2842667
205.3302939,454.216536
749.5224943,569.7655257
531.4849211,543.9618131
399.1925109,277.2840782
409.3621814,990.7969709
455.7286865,777.947343
835.0388723,249.3164735
424.3149912,423.3447283
692.8799408,626.6907901
901.5563812,513.610492
494.779582,201.3087864
421.1812108,243.3173277
337.3786836,477.6489433
623.5209248,830.910946
556.2486438,996.6404366
725.3353783,506.3437584
628.7196133,852.3831762
184.4233045,538.3788101
547.2909709,552.9016842
485.3993488,584.0374856
662.0949999,878.6171976
717.5856433,165.9070674
759.7520277,476.9405374
557.575783,578.7010718
957.6001566,909.3411604
743.0712255,661.3683702
705.0390917,416.5786322
649.9085242,496.6908639
858.0454051,719.9824843
660.6140689,520.1535046
459.8247514,533.2550121
502.9992612,457.3752678
854.7224636,356.3945545
368.3326366,848.6136128
836.7476595,108.9122682
790.9060178,691.2652919
896.1322184,541.9821002
957.6402749,869.3890123
747.0654216,468.8756171
701.3884027,441.2492715
633.4119245,510.5015921
805.8174808,596.4659396
908.000714,450.7915749
213.999214,380.0664679
490.3731472,383.6745009
647.2645375,657.7671277
556.4587779,413.9853506
561.9961498,458.2014522
591.5420379,641.2020054
669.8999987,368.3071603
718.090867,478.8643593
492.8671323,397.0449749
741.755112,866.5731904
503.1239155,311.1924513
824.384127,407.5441329
570.8081205,484.0829736
612.7647153,389.6610895
275.1372325,713.8086869
899.9749148,571.4738066
354.585263,283.4331164
453.5471537,400.071762
777.9548379,646.2521318
591.1454092,533.9613076
706.9591067,423.997682
724.7243759,888.1073081
574.4352898,343.9821261
964.5786558,915.660567
626.7838536,445.8868906
673.855305,549.6022741
482.6877393,486.0245343
296.1799618,847.341094
374.4346157,577.7672631
346.8927392,509.5107223
446.9953195,635.7306592
796.851194,534.0965326
670.7464825,331.1601574
448.8936874,495.3198933
959.3031613,983.0049451
478.7102016,600.4190553
270.786436,393.3262463
620.2469552,726.8790625
519.7104293,414.5743482
608.2380755,540.5501822
517.0318971,809.8178974
497.0887353,378.8232005
457.9916844,616.8405324
358.7807397,499.9543156
381.3807266,661.49319
438.8768348,640.5099386
671.8850747,434.4764684
703.7424232,229.2587149
609.6597728,509.6517767
536.0885766,355.2264422
871.4801617,683.3651195
705.3296122,157.1188438
758.3310644,877.6204357
311.4976861,660.425807
584.8196037,858.051823
565.6003238,398.5685333
755.4171406,295.2740772
565.2731755,470.200078
728.3100637,213.7814517
698.4444877,335.4418707
569.053028,361.6319941
727.1072043,437.6698839
367.4524163,406.8021088
450.6146989,357.3924655
961.6500659,569.9810875
424.4801233,511.3077812
582.4434867,900.6286353
587.3429958,634.0820511
480.7296434,410.8001882
886.3157775,906.9006337
637.3936118,518.7499604
857.0505825,503.6151474
559.1243668,711.3258711
443.3354474,812.4140623
542.9504961,762.6194708
618.929883,688.534884
434.9572725,497.1741595
366.192825,472.8155906
533.9616184,475.7101615
820.3490486,723.2968334
611.7054458,597.6913428
407.3633681,881.9649142
573.0638677,570.9103413
558.8791179,302.3878888
921.8142723,698.887388
740.2896711,440.8623593
686.2124407,472.8779588
240.6291859,406.467473
949.2780993,508.1336507
714.5827343,679.1999729
631.7865498,604.569806
523.952466,767.3544134
794.2511906,593.2980981
599.0986569,399.0138648
431.4591917,297.7985971
753.2310087,697.4401549
427.6785902,353.0338419
626.5169577,436.5579761
325.9256474,306.0619464
858.6253975,578.394162
856.762399,474.2431
767.8782573,857.8378074
740.7897864,861.2580883
581.7655356,595.4633274
897.9925203,532.1896975
553.6267536,265.3088536
609.7652219,563.3943232
518.3807583,449.6690739
283.5246804,708.1714435
701.8896716,553.0908361
503.6529885,439.8953502
614.3127298,971.7413022
653.8267832,953.8589065
443.6087251,499.7188002
488.1946105,727.7449453
983.4883897,567.7557884
781.461098,463.1637199
561.7279206,485.8425071
748.4135638,242.5421242
544.1673325,315.8769144
560.3393456,443.5399893
597.2589534,314.5186472
839.6230979,344.2343148
501.4095255,325.6000331
395.2509269,416.836713
477.1830253,489.9921922
943.184809,968.1235117
764.2293061,361.3438053
402.7018871,849.7890589
730.6592155,471.8388033
416.1986038,383.8343389
781.8521689,551.9956643
468.755489,420.3891893
536.5645281,402.8356
750.1476834,359.4170583
673.2717173,312.3522688
515.4085747,768.0897723
579.6154322,183.766835
586.7905829,461.5979142
488.4583605,422.543115
734.4843845,509.8230435
749.9074081,494.854441
362.7684343,853.7459564
444.5796235,429.856421
730.0346556,507.3553758
597.8355601,406.9048229
425.7172885,585.8302194
675.0219411,425.5382688
474.9038034,601.2027835
850.9692318,411.3101443
556.8951354,363.226508
702.4559266,471.2058451
656.3433142,897.5028113
566.1649309,504.3330182
472.5710405,640.8159498
791.8453969,582.1060793
740.2607434,286.5254893
612.3422299,402.5984549
271.5305717,710.9095821
696.8938216,161.334261
660.4556781,955.2082311
313.7892971,597.8774652
829.1323163,531.9791502
458.6014883,513.7094453
764.3207482,352.068588
811.122742,552.3580889
608.5166114,747.5931594
760.0618583,523.5606642
476.1861204,373.8870292
714.3645705,465.5703568
545.3658625,738.7986051
583.7290095,652.6408851
475.0009232,363.0060362
746.7401759,516.0864964
591.0844079,529.507032
575.4828145,625.6722778
579.9045146,607.4771221
660.6373189,461.1535647
919.7917894,678.3633833
562.5449074,650.8970846
389.8684553,746.6470443
417.3773892,882.3159308
937.7821135,894.818934
461.7992661,402.2355915
622.2377988,558.7857466
440.7882059,418.4008054
922.2737899,952.3403626
770.4851069,473.5455381
496.0099909,741.5137396
628.9487579,622.0581229
545.027269,542.7686491
892.2720394,591.1771637
937.6086371,854.0806759
605.1479339,665.5118707
692.0631187,239.4847277
592.5384185,381.5445404
472.6424085,514.7777894
574.8740742,349.9642433
597.1311681,286.6383161
544.9275126,178.2591753
630.2227756,450.9788046
599.5948772,324.6821247
536.5704155,404.1725137
545.0730949,463.4415245
426.6651167,564.722169
764.7898985,361.5366973
469.8537982,686.536304
316.1955852,832.0685696
594.4388987,537.8286751
685.2152961,547.7702808
577.4369405,536.8537891
317.0337248,440.5440415
210.6715835,730.726936
414.2212428,293.7485339
739.061704,572.8478278
512.2202796,206.1403213
503.3934481,484.3343265
512.9993653,727.8016303
612.564858,296.2020565
697.3719453,525.1489935
403.6469738,984.8849943
412.7790069,714.8032131
697.9297812,500.0471888
574.9263868,370.7628141
213.7867878,527.7678909
744.9498787,581.231442
713.3792756,197.0869339
825.6462201,685.2213915
778.1996972,955.7098506
392.0999937,659.280657
751.4806501,672.6510683
210.9918856,540.2807143
479.460884,927.1881201
668.6221459,581.1419745
620.2790288,568.7824911
451.9949746,507.9035049
631.4244815,566.9959001
457.0668066,391.0169539
812.4602178,608.9998866
503.8748975,702.9638402
564.5273319,594.1024067
458.9250262,864.5802935
645.8961714,731.4387894
483.7832171,675.9357691
592.7399088,549.9715938
869.8902013,727.1241264
336.2653487,525.4940972
153.0167549,544.7171256
316.0891174,545.663596
655.0585105,517.5144237
378.9673976,254.1748988
826.2131193,556.0077216
892.6252841,423.7455559
440.1177302,318.6638402
455.4010289,454.7168601
705.9809726,274.10813
641.741547,533.5531464
794.5429545,641.2155447
495.2202689,371.2491393
694.5818219,578.2607548
510.1435367,230.2885309
774.8840513,442.8095613
399.7581967,228.8922369
873.6651851,512.7986198
660.3684755,360.5899344
514.2221641,504.1884745
502.2358753,747.3733562
699.2589278,746.3684875
419.5864116,580.9298602
337.7103111,542.4240677
566.9845694,572.4770873
559.2185803,400.4461171
721.459185,193.8763437
811.2730282,623.6444464
240.8216428,518.8468452
698.5966166,785.544471
956.9597471,869.5148768
454.5222767,346.2378675
719.7231629,605.0586385
539.1916016,560.7363334
491.8530445,279.4014607
494.4857658,225.9809301
501.6286031,552.2227804
817.3204626,763.696653
631.0792665,577.497628
303.0957668,525.149871
740.4692896,528.7164089
626.130381,563.1631537
533.9423682,481.357225
787.5603656,601.6024828
457.6282379,401.344051
665.0402782,469.810763
536.8432288,340.1422131
441.3260576,569.3943256
193.7480792,539.5752753
483.7511135,577.3621105
474.1860636,921.1317252
501.0027549,440.4890907
646.5731337,783.2399215
763.7869264,545.2615775
741.0494167,488.4085222
464.0678667,389.9003031
621.7040069,629.1102976
477.6720849,323.7126084
770.6716464,448.6607995
742.9566681,609.6610932
704.1876493,409.5090111
417.3666181,644.8678517
846.2536406,616.5269366
707.0188796,263.3685256
471.2049814,772.6437116
488.5841084,517.7944848
580.2216707,380.1822825
449.9111158,624.0682154
405.4319977,452.5049121
443.6131743,600.5288943
835.6991761,469.409225
796.5485392,765.6456728
486.3943063,276.9569851
540.6532524,467.1224771
583.4206171,556.9256928
554.9753751,772.334817
723.874102,74.52851834
709.3826376,230.1275229
649.3613845,881.3541035
378.5499307,244.3552505
155.887744,625.8319904
740.5111905,434.753479
582.229862,523.0567464
476.3251412,308.3544401
610.9208922,620.7002318
801.5676392,369.8821384
594.0623291,627.5797189
455.0524882,866.4410786
543.1675363,300.4822446
739.9977874,321.0734648
370.1378845,549.42733
625.8737468,463.3120454
311.8591701,264.7564203
812.1775622,558.8853058
566.76296,310.1443115
555.2750338,570.3579707
483.3346953,584.2845971
520.6225135,484.5806859
672.794073,252.7052883
526.1769185,347.962968
642.1707887,603.8293908
586.562472,605.514772
647.9334102,605.9175218
225.7018883,656.4592147
865.7220943,435.2611368
641.7691265,558.4938386
479.6290722,738.8153201
583.8174705,706.7908407
597.7031758,386.1447804
415.9870165,585.4839875
706.2741596,209.9955912
436.4785015,908.962355
531.2753862,432.2623893
521.2110748,378.1375271
408.2762613,408.6095101
299.7554477,414.6711076
692.6870045,539.3176333
858.3457979,581.619378
642.517307,505.9348867
742.6544477,428.1806719
803.5155931,796.5549223
812.7467535,252.8629532
948.2864826,507.0047979
715.335439,396.1797816
700.6076242,207.7058972
368.4592983,934.9488052
530.0617556,358.3995907
566.6523127,391.4277896
571.16538,355.8180097
416.0237791,327.9475195
586.8621307,886.4189182
456.5146634,785.6127103
521.1612341,560.413419
228.8735848,412.1988223
650.0631399,516.6279187
570.1340644,411.4438649
569.5245451,510.6710203
525.2195326,744.3366654
410.3394916,599.0779838
311.8930714,459.7093403
901.203586,865.0445966
557.987737,455.3370939
406.2523852,727.177155
427.1651571,488.7127575
781.6303199,456.0018107
522.5432925,473.9379454
775.2338954,438.1176809
596.1423528,572.1634916
810.6196305,324.4381054
394.998772,808.7038793
749.9482754,884.0559704
207.0303923,759.2229461
310.1192231,407.0492203
615.8566995,631.1173187
582.5560216,606.2153218
699.3490067,507.7495173
619.6691949,376.3693435
981.6330014,589.3424332
221.8459939,806.6057819
566.606277,712.5979093
686.1721277,381.4608815
520.2817178,703.1866104
405.1694312,853.5817308
723.7021536,207.4632779
593.3576075,531.5713859
799.758002,316.4553188
478.2317035,371.617644
514.050021,899.0867321
164.7936586,659.8942466
849.8562715,412.8654822
790.1710952,409.168922
734.5004888,476.7628144
825.7172286,497.9558401
926.0263026,947.6034768
795.9477986,444.3560403
368.1852416,344.5215007
549.042528,474.7883667
632.1242744,925.8238564
755.0998197,317.7085317
450.8665392,526.3093333
507.9280576,669.524534
249.4840314,435.423879
242.7185426,381.847543
473.3989932,639.5712616
624.9445097,478.60421
412.078465,854.4292479
528.3697168,373.715825
572.7811372,359.0023155
212.4155604,736.4718454
444.4164539,268.4391279
630.3355652,451.1933635
446.8291387,864.8520807
751.8156782,263.774493
762.2037522,152.0670251
642.0423592,450.8703447
430.9720497,487.5552384
705.9753848,548.5828007
941.8237835,488.4645386
462.091015,232.2981219
817.6074027,579.6109361
694.691166,544.6218079
447.0495047,789.2072041
455.7082379,784.1984267
946.8488758,897.8380949
270.0479929,673.7228391
743.6863775,492.0313063
340.1903791,429.6608755
467.6525508,436.0192283
403.0536786,288.2495033
690.1507889,537.9384096
927.9070382,890.1753602
703.1285895,548.0898939
414.896767,572.949727
480.7552454,608.2901853
829.8925862,657.2279411
771.8773822,131.0668287
647.7416874,607.0420913
756.3870054,148.7477242
492.9034305,506.6492473
433.292873,761.607937
762.8890588,362.7437766
511.6906823,557.6836797
648.5234097,490.1343748
485.4879896,414.2634268
534.9600514,554.4369013
598.0464283,625.0420985
498.1120662,584.8409584
326.8239195,598.1819512
760.5068746,601.2621847
423.402023,582.8571922
643.9673178,291.1782982
298.4907031,317.5003245
508.0710633,343.5609897
641.9744218,546.9575519
592.7746191,542.1837258
516.0976564,221.5056144
601.3504192,575.5907093
680.390211,437.6276784
453.5421052,926.5123086
345.342178,591.6676468
634.551895,623.5660945
210.8047619,646.5911971
557.601355,446.6953153
884.3431204,547.1876558
435.0112029,259.6865075
778.7290099,775.5776673
277.1107135,841.3839867
522.8619018,574.9338067
952.3686154,877.3611849
520.8391343,196.4521998
576.9002124,389.2159043
777.3368994,479.472997
784.7236973,283.5566617
430.7769412,996.8157778
646.9494486,480.0995199
473.1499992,347.9169389
488.1744315,824.5545573
810.5944779,443.6441033
812.0174636,209.3775094
638.1743454,481.6630691
557.4535855,390.0438856
801.3922753,455.9148714
427.1348811,386.429292
721.8608772,542.7449763
397.0456284,423.4991966
513.9566613,420.1318189
744.1114545,863.3707278
502.0171722,751.5530866
687.7505829,872.8463171
585.1611933,545.144551
638.0855399,890.3588708
729.8190535,439.8580756
365.1767448,535.188654
735.9529115,424.7783805
543.6880403,553.8339467
619.7323685,441.8560706
500.6110398,422.6233265
537.2721409,310.3928438
656.713532,538.1068767
551.1426258,259.7886993
213.6365914,524.3755451
787.7201496,158.6583443
741.7802496,369.743257
611.5601032,536.0449674
695.961094,231.5731681
436.4115678,573.2564696
545.936417,356.1286385
548.7555579,551.5801066
460.3093317,610.9413637
672.7276786,331.5731034
248.2867597,739.5131119
401.3728902,448.2614972
441.3712693,290.8276577
952.2599905,547.7606696
496.9765,554.9009746
624.1900222,592.0006947
763.3927245,315.8367356
486.1579709,580.5256896
545.9693595,202.2649933
388.5479076,745.0493336
661.7086929,509.8484505
692.4708781,413.6231558
369.5793295,604.1551885
598.0281219,542.1632081
509.4247932,444.6725402
496.0927742,806.436291
633.9601428,430.6010151
768.7341191,473.7799879
669.4666223,427.9914363
798.623035,812.3410383
684.4083763,331.8930926
372.2214586,778.8409101
525.3095965,552.3278138
649.351647,563.4675353
914.051579,984.6221079
528.458747,577.4030624
443.9742239,576.9189938
862.8261474,405.7033014
734.7916385,504.6272453
515.157738,376.609372
290.5796261,680.2441011
904.8460805,461.5379488
280.5224905,606.486524
409.8565142,409.1044227
524.4930591,438.9605595
768.0072111,560.5760358
447.668327,629.0326561
960.6005638,598.4627645
564.2015469,432.5780117
953.3730257,874.6567898
504.3539499,693.4655602
412.7777635,863.3719397
619.3927263,662.1004697
205.4324472,362.7114329
495.0302988,422.6930075
639.0186271,528.6382032
586.4262676,195.201703
809.6383355,295.5620989
774.6813776,883.6037857
721.3728962,535.9972041
556.7909747,466.2248356
613.1660929,285.1458059
570.2432886,405.8921191
394.0921257,603.2497328
579.4292373,594.978235
550.595561,458.3314329
658.6804815,632.8003181
594.3515313,576.758926
727.0180692,315.7159482
750.0383243,389.0522428
420.835876,275.1019876
233.1056893,763.9080779
458.8948551,913.5633471
921.153564,495.0965171
509.8358783,433.4161475
401.7060608,364.8692449
856.6039632,724.2676451
518.6202995,370.8758916
658.1132077,500.4463657
851.4554151,423.6130053
528.614696,807.7509945
713.0754822,435.1864413
810.0484168,443.982709
475.4276331,520.6953865
453.3116123,383.9213617
667.3311251,622.0424734
624.074656,594.8784042
603.9458535,295.8163143
516.8583458,808.3399502
404.2664402,445.2256213
489.4731674,413.8673213
472.0425517,402.7936661
704.2933231,540.6044017
438.333695,641.5416767
443.2210698,566.3098715
523.725134,544.5184251
484.1572849,430.6890826
894.9815966,848.3485117
606.6909149,692.7321235
791.3078748,586.6991736
244.3176562,705.057926
379.4344955,607.8939126
275.1550595,360.6380947
503.2333195,416.5649885
445.0959629,524.9605519
581.6452257,465.1982792
729.4263797,341.0115852
484.872463,356.7537197
450.8626592,458.5170329
722.6803658,144.3235148
487.7733386,715.5818432
950.6605023,638.8142566
500.3760977,209.0202455
502.4500392,382.6568035
635.3287037,289.0186058
589.3556514,298.5225272
435.9350021,486.2459255
569.7880405,711.2057941
640.1906412,782.2046314
817.2369752,852.8292807
675.6919075,559.6731082
585.0952034,480.7586372
606.9664397,507.0285751
771.7225567,426.066925
493.4690414,602.8906929
493.2646748,587.4180473
838.6215939,572.9602784
638.8297955,859.7925103
637.5922558,571.1498057
357.0271902,379.1485177
712.5195039,524.8928976
844.6757097,599.0874905
786.2553828,301.5882186
729.9452209,468.6744093
915.0309565,511.5596356
811.838684,751.7325021
417.4547945,246.8702428
563.0922269,460.4777115
416.7608141,362.6726331
718.3613134,488.3822168
636.1688656,528.280208
701.0456596,496.2905796
453.6169787,515.1863686
879.4033881,926.3092204
502.3009963,208.3555287
544.7111165,498.9912346
697.7474212,489.2842042
531.781284,720.5286912
433.9092684,638.8958471
207.193532,519.9912012
776.8456077,308.1932023
793.948356,447.9305178
810.91484,334.0628141
502.5352793,385.6050924
917.1391588,471.2205126
506.567901,234.8817088
648.7433861,624.9349966
568.2257045,240.1975839
686.5973995,721.6752828
549.3221276,507.4669698
470.0317688,428.8725716
449.3884995,509.974712
571.8783409,396.2461405
870.0802763,524.2334669
789.8377899,582.6553785
814.8364247,607.9606475
958.269284,471.6929434
708.9529615,154.001064
674.0928538,380.3947729
636.4922388,203.0256964
488.1435863,605.3894716
726.289034,340.3394093
523.852365,367.9235075
474.0282271,777.85167
453.7459924,493.8703409
774.8613406,416.2327554
369.9092043,785.5670363
589.5563027,668.8261781
813.4599092,499.5354567
536.8885005,446.4924361
616.2053151,527.8257669
697.7897866,432.9004456
378.3746267,398.2632742
655.1375186,124.6241693
721.5468969,418.5309114
534.2541164,317.5040436
596.0525735,292.344948
523.5841058,338.1698967
700.6540494,413.8062903
640.3411522,534.6244783
502.1175878,273.2075634
527.0247955,578.5822484
221.9479375,636.7732203
313.6944843,322.2665662
532.3305061,486.1416861
810.8071138,757.0222599
570.6897431,370.8345844
730.2650736,446.7516451
969.4812809,925.1292196
742.3809902,311.7113291
535.8410807,474.2494935
71.29140503,620.4030168
489.6287868,436.0849185
619.0465376,548.3596126
468.9391223,675.7672184
596.2966239,828.8939376
707.8566597,533.7541869
373.1595194,623.601029
663.4174951,405.2347151
403.1218108,851.6437429
658.2362891,500.4728591
429.670917,499.5285408
421.4352833,402.0323152
682.3631078,574.5706926
763.2236525,690.0267255
789.6478497,571.7201242
747.2332803,544.155708
565.6431236,420.553206
520.9319546,676.9742977
678.7492563,523.5066118
255.4933998,721.9764676
935.9189952,893.2601277
773.6031575,358.0023151
575.7991767,545.9103314
821.7509863,411.8562258
822.2582774,732.321638
978.3359915,605.4663819
470.036293,492.7408613
958.2021106,905.5320241
728.5798359,208.9387386
329.8411051,322.9018018
816.3137154,527.4950173
668.6238687,375.2440845
469.11934,859.0041646
667.2827675,461.1788254
793.9606252,602.5877322
684.6706881,563.7782895
671.7827866,333.2824081
627.2973317,527.6935924
583.3162766,282.232953
506.4179143,542.2780615
816.6892513,425.4045273
701.4710512,463.0867679
529.3824114,391.1408544
563.5737212,453.9974013
891.8015409,620.0533583
887.2581227,447.6857046
586.806043,440.7235405
664.4845396,583.5558197
378.877873,328.3253429
606.185841,466.5507587
706.8264677,202.5936744
490.5585932,747.26849
625.590477,443.7102323
440.7452263,541.5577462
617.258877,482.9126674
474.5377952,460.9658126
544.9970979,800.4018764
716.5203665,151.8655458
364.7558773,313.6516362
733.7201597,510.3081987
496.2855157,661.4220465
630.6177864,600.0260839
811.3822974,620.6462421
614.9763593,590.7128398
773.2286403,303.0538175
780.9015094,333.9344006
755.4488847,443.1735112
699.7486765,336.1275441
456.9463768,578.5811829
486.475157,494.0968093
761.8665219,306.8726067
497.2651479,907.2389678
468.1908369,483.2737967
809.613902,334.7522902
760.6184658,367.1825072
927.0573785,863.2931072
582.4190831,290.835075
355.0201524,401.5768294
794.1306111,563.8936653
198.9475467,542.0517812
303.0350801,643.664199
701.5289066,494.8002633
905.9449141,842.20804
663.901626,561.7783096
349.3291236,851.1963848
487.1048403,934.6329111
402.5479755,469.9293773
491.4318625,367.2145583
914.4800117,859.0443643
805.1245191,565.7351236
746.1050247,520.3755017
663.2729764,371.4516424
811.9982883,329.5096271
307.9304096,663.7382757
648.4512477,489.9126075
570.3745944,489.6883539
735.0108808,451.1165787
417.8403974,849.964212
805.2728279,647.7916949
768.0094133,682.9140004
539.4784968,559.1328978
803.9534187,463.9466542
835.4380028,728.1218285
638.7619479,529.2697824
429.9334236,772.739092
691.2112119,440.1979767
627.7992747,552.4073148
703.8051324,487.0589886
808.3248437,413.1799973
755.2258672,343.1742864
570.4854515,522.5308065
562.2869699,779.6599489
643.791894,480.4346572
883.4268865,442.1508619
488.9657864,406.239333
526.6033438,474.4538563
517.9291355,464.3703187
165.9407,554.1114797
503.5582357,809.0024523
425.6849751,886.2791174
407.1020599,669.3010325
766.8441404,352.0939113
368.8674322,538.5791612
737.4640585,582.3744816
186.871988,702.2628308
461.5834693,546.3581701
550.2714089,735.0793332
501.4858821,617.7139996
486.8711566,693.9970787
781.9290648,676.5076336
613.6788819,765.3216719
413.1259597,371.9017586
413.5126262,304.2740181
795.1342273,592.9360077
434.4783548,837.6602226
775.3987429,281.2091963
493.6366154,377.5533143
630.0469622,484.8486704
733.0962739,453.7027772
703.0012237,548.1311593
572.8214202,742.6194419
479.34375,407.4248708
218.3428647,407.3282368
478.8044901,234.2803212
566.4076481,457.9468816
283.2584436,620.2664755
436.9670966,269.48919
173.944897,757.2680134
459.718763,428.4342187
326.0620016,494.8675206
885.5956258,583.8467247
601.7031395,936.1674179
701.8545419,509.585376
447.6012284,632.7451374
450.7292562,269.2147284
860.2644346,480.9767272
668.5007724,255.1989898
438.9304957,532.300205
813.4801031,722.598958
538.7003399,605.9343205
791.1283912,347.7935607
443.2645288,523.1702417
447.6725815,644.6981101
837.3403854,720.7320092
463.3735118,381.8810776
258.4454944,733.5089726
670.8512125,435.7761284
446.0617529,633.5485685
629.9317008,393.6243806
940.9600719,484.2667767
782.0811038,472.1373764
629.3200992,787.766636
432.443438,356.6983719
647.3209997,530.9211276
582.0907663,301.9791007
541.6746957,340.946877
649.3964543,502.7825276
276.9936694,341.8770501
511.4135096,394.1676833
636.271708,536.0080062
817.296149,583.318382
602.8518887,575.3164566
606.0303564,660.0005754
929.2255186,896.7611424
183.7646486,742.2797498
417.7728794,956.9820978
557.877569,552.048463
539.5478873,616.9641822
687.7510473,379.5066591
576.517261,384.7715742
695.255114,488.3940218
775.1093909,533.5642828
657.7348405,208.8267685
879.6954666,505.6201209
782.5412956,333.2949026
571.3545112,525.8876119
499.5366847,603.4959459
715.7036943,744.5914032
759.8327436,296.3812213
556.8026596,671.744735
629.1575288,707.9606036
609.8317511,551.3080687
822.0284437,397.5887999
466.6010712,494.6384196
536.9449327,390.9212183
636.9550522,542.3491215
747.2707769,428.2086905
662.1545481,429.2798762
856.6496094,587.5664354
863.8850424,789.5641546
578.1116857,406.4835612
812.6375742,453.4622681
441.8949642,543.64454
579.0878274,481.3516881
670.8535195,556.8390251
501.6742493,607.1074891
580.2085027,629.8608672
777.6825489,663.6451309
585.9205195,276.6351363
788.7434805,530.2856412
687.469665,436.0022207
881.1636789,682.0985972
844.7293705,723.6255981
496.8930875,608.3300716
669.4551621,522.5866348
540.7693677,408.3431345
912.576086,451.4693713
441.8640591,636.0143976
595.89628,246.1199657
402.0873642,424.6000516
633.4961909,556.6220425
878.8306314,603.2828496
465.9597629,436.2558511
571.5789369,715.4413947
443.7347426,735.5392695
696.476894,302.0339679
800.8002684,199.4203796
585.3151349,461.3232437
509.4960564,536.8511565
351.1105821,594.7381229
514.8404021,503.7389225
698.2963586,324.0475159
469.5949169,438.4579998
614.0404558,289.3907461
457.0652786,630.955872
720.290122,358.852235
644.0704749,588.1393029
227.5184017,542.1170327
565.3998971,413.3622334
857.2593384,723.4218622
613.0191923,290.6775563
753.0240955,342.4200812
712.6628991,466.9618661
497.8834459,414.9681136
956.3326255,903.3521273
563.5416326,646.8785084
890.8509713,848.7293021
488.2215458,278.2246774
763.8376959,345.4947361
420.2619358,910.2780196
751.5194201,305.8009195
604.3885628,569.3973761
760.1555475,505.8230628
477.9696613,383.4428927
823.2380594,657.1566304
604.4994649,569.5069435
659.4360475,678.0810239
792.3222772,170.2824896
468.4127908,414.7474955
665.308867,374.7676004
465.5349855,392.8782613
524.9207578,420.8668435
781.5136353,543.0266045
557.0205387,479.0271014
836.376483,246.2932592
471.1353212,659.542833
399.9610202,435.7070742
751.1638984,619.1156007
961.5436431,554.058075
129.8990054,471.2104418
534.2188219,326.5646185
536.995148,310.2224336
776.6694948,225.311136
783.7570234,547.5958798
507.3440355,222.3214982
504.2024352,353.7879008
858.1607115,499.1697934
750.2854158,321.8351709
681.2606339,466.0965892
904.9143925,641.1574598
181.2179914,656.227481
765.1972384,463.9052426
589.200751,760.7504744
200.8178108,757.146056
772.7380377,550.7587694
564.7780937,566.4371777
484.5258848,245.2819553
281.735342,667.3523261
654.0517482,608.0694209
462.6435627,514.5396205
747.9620308,508.061546
238.3791314,824.1417785
774.5983097,421.2498277
469.6519484,386.3687207
396.2483861,922.7545712
957.7948906,901.9260387
559.4127151,308.3069066
344.1846052,272.9046026
493.5625658,243.3412094
527.9737772,610.9507659
432.8113637,226.8121291
632.2838936,881.5488341
548.9893016,456.7059752
475.4258804,386.4990774
697.3208761,879.2773805
603.1823627,652.4285827
588.6899245,464.6276473
704.4471298,494.3581704
638.0040599,535.414015
682.8780989,442.2198534
681.8724153,264.9685346
832.9186554,359.6656742
913.6297827,722.6416232
516.8714839,394.1116878
802.1595861,322.0936069
446.0724042,323.0799009
560.0753559,471.4864913
500.2667087,665.0908597
772.6882419,482.7048363
525.9669042,590.9966618
478.3605074,755.154162
519.5463009,948.9456766
813.4962373,619.776682
411.2350222,316.0876498
426.8101148,522.7064401
378.9769553,739.8651315
788.0189844,322.8226977
908.0972046,637.2062035
733.7596488,427.0983079
835.9957038,287.6202642
811.2908552,607.3945079
769.3578101,491.2741132
578.2074123,524.0996836
422.7625574,644.9869258
504.6566497,670.0769255
593.185779,413.0235024
471.6935317,612.3609961
591.3815948,515.8698272
397.0506919,422.7817228
738.8766626,582.0189728
698.5822651,478.5192556
480.6158501,447.4257851
319.3561959,441.4835333
266.1444299,430.4132838
934.8013609,888.0987416
457.1839706,218.9842494
855.0131789,784.3912142
788.884314,342.1088882
462.449443,891.241803
566.8565444,453.6395315
716.4232317,470.6896208
736.2522706,456.2365322
507.4850787,728.0488672
494.5140343,424.1767631
975.2374758,585.2054516
569.8014632,460.3388092
597.1121127,679.4773179
479.7191361,248.1931576
968.4852599,529.3606498
603.2349449,640.2720412
552.8451362,788.935793
499.7401525,626.6534737
890.1069853,440.2917274
587.3143378,514.0836123
796.9264271,333.0055019
708.2455434,205.7782518
502.2280104,461.3459553
397.9765134,584.8971211
598.0308034,637.710978
631.8935119,601.0701494
837.2454828,570.7920195
790.5442791,364.4267133
414.3644132,440.0366344
509.28769,785.0246321
640.578686,657.8032322
668.8483094,558.0055077
610.9888745,506.7566835
359.555511,266.5848199
545.5785284,433.7387485
680.9071796,387.697444
464.7717643,710.7935794
691.9880655,237.303807
574.3152496,838.793087
591.5254393,348.8954395
551.8518715,482.2047421
978.1588299,947.3721819
505.7557679,278.6830466
783.7717644,448.3409983
917.2361139,450.1695233
504.9361145,405.1365349
550.1027113,761.800035
535.5274899,463.2432837
696.3443599,646.8202146
688.4973852,436.0832679
476.9705092,203.9180308
446.4103236,529.4666025
708.6437151,266.5507629
486.4308292,416.138963
677.1409745,430.311489
529.1184966,515.4607884
702.3009514,419.4032086
662.5879994,578.9004617
923.7207896,876.9499313
208.4496028,527.2832164
624.8008449,562.7035309
639.10553,880.7022363
277.3652953,581.5266093
480.7940904,802.7503448
669.9754114,38.37255237
586.7446072,235.8933679
350.9025453,588.9054384
726.3398784,313.681201
439.0006802,639.1395112
786.889081,256.7664043
435.8884121,394.388176
218.1878145,520.6925031
610.1173729,561.5142531
725.7154534,546.250734
550.317864,459.8319871
472.1957742,386.1792762
933.1381599,872.7703053
567.3205563,522.6799258
572.2195111,360.9176335
477.8568866,201.5294881
522.2438435,355.9790176
889.2164733,435.6007036
395.9480383,826.8315269
673.047741,931.1415702
458.635045,516.0851801
765.9420333,128.8348436
512.407718,501.170045
489.048345,606.3755358
429.0973214,550.0007616
674.027523,539.198601
578.4784878,987.8940008
443.6467611,639.7962674
266.8208829,431.4295396
792.5912105,301.4293209
750.2884719,57.34809322
596.7285471,257.1812099
475.2059489,793.9097822
754.3849862,147.9912833
299.2902524,317.6277979
456.5801739,641.8048347
386.8903393,487.126434
171.1667133,525.8234678
633.8755469,433.6981308
575.9459275,710.2334154
459.4233888,497.6723315
721.6669522,294.0922795
568.6103636,562.1339228
408.6500894,655.2708144
809.923388,583.1653973
620.3290194,438.5234603
686.8818078,543.3062686
602.9280955,843.7834778
759.0773723,529.1126398
729.1544053,302.0554886
744.3990088,322.5042963
556.3572987,297.1857806
345.7941155,575.7279818
778.0019671,305.3434488
580.9702707,481.4055316
668.9042922,306.3870546
807.806362,293.6491837
221.4082432,381.5467761
514.1757089,198.7089024
453.3945304,583.0555792
389.9282283,734.2209513
563.9534068,706.5342016
460.370423,438.397345
530.7661027,544.000007
675.8235428,223.8780062
458.3594004,647.817645
485.0881849,462.2245206
675.0084585,394.4325546
516.9026138,502.2729893
760.4835497,332.0453879
590.3525113,527.7451793
590.2070938,556.0324599
535.6479496,558.6360422
444.0908486,761.8527293
704.7713569,433.025349
512.5542441,430.1608653
755.1744085,312.1269286
650.0069024,542.0913123
559.4629753,605.8391072
784.9363632,269.2219159
458.8285955,554.8489489
537.5149329,354.5492308
463.3822306,894.0498733
703.6584864,537.7539796
212.3376608,709.1779418
503.7680552,659.9972951
712.5505739,485.8557747
894.6565606,677.9112196
711.5447854,189.1735775
585.2244418,984.5933998
628.9430502,725.121096
387.0866762,337.3036169
507.642316,323.0203535
792.1667776,299.923773
900.8269115,516.7537832
834.7483518,402.8849095
750.6353497,482.0354811
483.4902698,401.3988765
690.8391066,441.9425084
496.3036124,517.9666501
752.984876,151.1233545
735.1018136,477.3454811
294.7203184,527.7670761
450.5735769,990.3891857
621.1372125,568.7237794
436.5683556,502.2245365
805.3150135,535.8992537
436.6016877,631.9641881
636.5895533,539.3737542
617.608751,675.1949568
463.3959379,268.6535823
619.0693981,391.6927445
256.0563891,665.5679916
601.0431803,662.6049934
757.3803599,315.505986
467.0429566,340.5445033
720.5633398,306.0888785
648.9138364,970.7903187
357.8262901,652.5609243
795.3849442,591.8290517
682.8643466,442.9629848
925.4722569,595.0435491
605.3741273,560.1990273
547.0476845,286.1359862
498.8671229,563.988983
559.8949135,489.513535
760.7500711,164.4796834
497.0066861,634.606821
768.1249593,788.7507362
656.6283818,476.5699015
574.5030924,452.4287331
874.2368332,403.9092721
580.5151574,396.0492995
631.7391209,555.6101117
531.3602218,646.1334129
757.2022545,299.0398379
633.9531019,448.5966136
441.6928448,777.8865836
643.8142302,928.3871344
516.9982355,561.9213279
471.7931682,284.2849794
710.206935,533.2885885
157.0574811,714.6032172
537.8310554,525.655523
464.3764989,814.9966462
781.1007525,188.3712747
866.2797654,614.3566092
721.3075505,527.3493872
631.2142425,450.7179032
441.7209935,961.3241943
710.4130393,527.7242228
772.2912537,767.1558592
534.3183536,808.6366638
480.2453327,370.4523315
425.2991026,266.8961591
875.9115244,443.6853896
422.0881567,794.5398988
636.7903095,484.4224986
493.4946584,430.706529
490.1787878,389.8184619
692.3387185,547.6377302
514.2178796,667.7378176
435.3049593,579.2167946
730.8977979,445.252637
598.4442105,518.3792618
596.7090273,631.0074589
679.174573,541.3213532
785.8959662,505.8742737
666.0066974,580.4938056
490.2191008,390.5278289
473.2194197,922.4011518
447.9329309,514.8623468
578.9039843,480.5570325
898.9302964,848.6167678
945.268488,894.8930236
384.5024625,836.357742
430.3053941,403.1012026
843.8738084,401.004714
503.9436289,656.4004403
656.1413596,509.090944
272.7801859,658.0341719
918.5570211,441.0351514
587.1616995,356.9970703
555.9322367,736.3067631
686.0820937,443.2974953
738.4727233,869.6094215
631.7581014,645.3324264
886.1700304,968.122279
724.0988872,325.210154
576.3156209,487.4722062
562.3842695,758.4349974
653.7209746,490.6784924
665.4863732,478.0365242
526.5686186,303.0872894
499.244801,563.5753475
744.6414713,776.6421461
777.8727587,587.042167
559.0886828,397.4606162
832.6250039,749.7390829
469.8878194,501.4498763
522.8084207,568.6571698
525.6965627,542.8295755
884.0167211,585.215021
689.6744629,535.9420861
614.0287259,795.0842671
651.6170717,604.3462837
235.3468902,514.6287119
482.0933355,265.3996373
586.4607831,480.6635702
651.5868707,611.1717393
876.5011792,679.897326
691.5011332,431.2737342
616.0323181,818.9580569
291.4455249,803.5050932
501.9437219,667.101976
567.3014109,476.5200488
700.5848536,415.4272141
475.8633914,225.6159146
621.6068721,627.0570802
581.2755772,837.4666411
433.0343662,492.6200113
591.7792272,353.7407434
598.2715281,498.2472883
658.8880988,652.5067884
945.0494554,888.3186703
485.1191201,282.3998739
614.7593042,264.4510776
631.9049122,622.0480103
534.8944659,401.4332886
558.4669392,365.3973369
604.2148018,713.9270505
730.7591816,431.8403127
565.5332103,434.44191
926.1702521,461.1860965
506.4835747,216.1084621
950.2408183,571.6359429
591.0643637,458.2152213
367.3793854,506.1959344
383.2170445,668.7116589
669.5261855,240.3145059
284.481482,633.2876879
673.1959599,559.4501709
689.4068928,466.4674132
590.7009622,459.4941128
578.1477891,368.9858342
455.8682916,538.6323778
612.0529379,263.4592467
794.7514857,345.4227777
429.3609965,247.6995823
766.8142989,309.4471047
807.3489866,40.47390922
550.9653743,552.1100999
516.4728028,601.3348326
718.4250113,622.1843426
979.3909616,588.995073
340.660578,577.7644215
562.9923806,508.6922686
559.7816445,756.2408301
934.8370599,870.6096517
211.2291797,750.0754738
539.3144432,457.313213
594.4519918,507.5444233
900.1996851,901.2107169
652.8597798,499.4162782
851.0987399,763.7483026
793.307632,441.6006433
151.6639838,437.2606989
610.6743999,502.6403241
297.7612634,545.5702214
403.6029156,854.1705821
458.26273,436.1974319
714.9756777,547.0485864
223.7114192,550.4541581
470.7672307,297.9110478
469.757008,666.9575787
554.3278199,456.041321
775.2842305,425.6484421
563.7619985,416.5317464
821.2108277,869.0041477
597.3275949,533.8919192
708.5274949,529.5468139
568.0695907,358.3392493
739.9831512,618.8215407
599.3391868,908.2859793
821.1365085,265.3433911
456.196893,620.1113178
612.5080362,598.3470126
389.6059038,371.5830856
625.1732947,669.9637226
462.4218486,251.6040154
474.8306677,363.231836
456.6574593,926.1712375
790.3429387,261.4351553
800.6300129,612.8406144
704.9429607,566.6094475
816.4222954,473.472138
764.9051449,302.0710545
799.0397229,319.3718282
488.3267851,312.433316
637.2337379,914.3456754
483.5833598,346.8092934
558.1927027,440.503988
292.5748591,678.9067905
854.4506241,362.2807272
461.6182095,320.7360083
587.5047423,764.9087051
566.4578184,413.4151784
724.1005501,522.7621431
166.3384972,543.4485975
550.3539225,587.8798431
675.7902107,540.5171908
505.7035003,796.0387189
507.7495478,553.224912
86.7318811,536.1441714
862.7052233,408.3007617
594.9975585,539.2782275
377.4820923,241.084465
752.7658434,555.1275474
717.3018192,470.3212205
467.4638241,758.6601077
640.9861458,535.629535
721.225666,315.5976891
541.5756883,462.533666
733.4631959,584.7665763
573.1361196,475.3037553
649.3331309,547.9991729
768.8066106,304.3345267
492.7111384,278.2189525
720.1533184,145.9026091
391.9452132,489.5949584
411.8600165,603.5867506
276.3607053,601.6000382
877.9917728,366.653663
968.5598337,928.4660505
855.905998,569.3910871
520.3538199,585.8590111
417.6629961,894.0764712
496.3527491,430.4614233
744.9101649,364.6410632
562.3697832,574.5852765
740.1815255,490.4625962
482.2405058,294.0526438
457.2288377,557.0971895
739.3256488,357.2692545
441.333533,761.91025
914.615527,415.2633019
634.940524,531.2928709
526.2718811,402.5888855
963.7662231,559.0148476
450.1679298,433.2309235
747.0091841,557.2356112
585.1719045,468.1772611
546.3884893,995.9731289
591.1292451,344.9179824
597.7575257,181.5675696
590.1256737,564.758378
911.3417971,478.5667473
623.1640548,677.8514632
398.5918752,232.4840563
471.7369307,364.131525
344.9945961,557.649372
299.8861842,671.4361329
664.9789023,249.8029031
836.1112049,393.4825949
469.0885697,746.2757815
626.9474877,524.9007537
455.0637687,773.1341737
380.5624215,735.2914893
611.5401788,674.899476
635.7051534,551.8753157
572.407354,743.3423481
708.1563334,582.4028137
915.0953135,595.6814174
204.1538304,752.4932262
791.5186531,152.4691063
763.421083,535.3595865
406.3144951,296.4310531
554.2159141,463.7988511
593.5422745,275.9594084
401.1335887,425.97775
229.0385971,723.4848989
414.2388301,232.388446
642.051887,670.1121107
748.0098492,469.3770485
788.7249943,692.2702859
485.7916032,655.6534017
499.0853316,534.7548142
430.2066414,569.0955227
322.5999645,902.2892991
655.1924828,571.6719638
634.0796887,179.5654377
500.0273173,542.9122943
433.7603753,642.7254176
962.933851,588.6051939
708.0773102,504.1711326
517.2165191,567.1678773
774.6379935,290.5978881
235.077852,658.7203676
511.8986742,995.1921378
794.5005292,472.1761762
603.244937,574.9229628
697.3072586,549.9264631
618.7699192,525.6688951
419.4610982,401.4817415
399.7677244,436.1840598
647.2239698,601.8152031
772.9663734,359.9262623
497.8900674,572.5575078
564.2019064,605.8192581
670.0286378,392.1896001
801.4897097,815.8679196
597.3988281,562.7170074
386.7974591,596.5385248
507.1906332,695.8468737
860.699369,621.9349745
595.2691434,505.7225217
695.4240512,620.3764607
450.7117737,483.5293075
791.5752202,596.4697422
530.1335131,411.1050712
854.0259515,688.4711995
416.8400469,593.6979018
494.3674932,583.9608051
445.3601174,324.5839445
564.2512828,211.2628239
464.3722144,827.7683443
622.4268851,741.0053296
761.6082998,870.0943677
654.4359879,502.7270126
552.540384,264.0849338
508.7775076,506.8544876
731.0561288,575.4823747
838.2782065,540.3462792
905.9545916,416.4396672
793.5008079,456.708169
605.687029,574.3519967
289.259333,807.1417926
645.8905986,513.5764351
669.4551471,554.0263163
874.0044977,587.6568013
809.2920868,320.6578862
608.6458648,930.5972855
448.9587036,228.1872576
583.7172197,753.4185311
714.1684134,419.4888316
220.6502503,661.0089125
806.5733015,426.0189736
568.6962778,389.036259
681.7394767,562.8541755
706.0593366,556.1254375
518.1450222,614.6658799
567.3824565,420.4124441
786.6535995,661.5804636
734.5311393,487.8699624
668.9480208,909.1688279
613.7738145,716.0705085
438.7597308,782.1571397
576.7233054,391.1164504
627.9379059,948.2575378
953.2024705,865.2389929
753.5793697,137.5940038
738.2801166,280.8129445
284.8993983,673.4183321
421.5543498,378.9397672
805.6048899,480.8721535
600.3510575,532.7588668
476.4353092,738.1996203
520.8980833,406.5870066
809.4196474,206.6549576
852.2733158,523.6737835
441.9259443,636.2954825
607.8457013,562.7630783
656.9726829,572.8793775
905.0075124,548.0968098
780.5474108,542.1283989
223.3528265,548.6848253
695.6855092,379.6823137
790.393139,296.3693745
429.8746693,233.6690508
477.6884288,596.3450269
702.3418187,462.565153
524.0166133,406.190337
491.5810552,302.1632173
773.0074804,359.7947146
503.7557261,507.5240309
333.205558,316.5381629
494.0087806,368.4172708
739.1717971,517.9085652
380.6909258,330.7200912
344.7329134,684.3187773
777.7040462,432.8136107
449.3142103,454.5778324
525.2326258,478.7899145
869.145676,523.2748363
165.1391882,540.4191569
332.5875447,591.0079236
605.7480304,839.0670053
359.8956775,759.5498513
562.1389757,418.1265319
801.7444263,258.9853309
609.1475232,489.6750236
594.2387866,615.7816322
699.3592834,570.632495
886.1910932,654.1642763
565.6227349,700.637979
534.9805899,392.4663391
324.1610571,732.3329415
445.7656147,316.2432254
212.2182647,526.9257226
708.5516738,533.3496612
475.6623356,592.5014366
678.7323581,352.7199745
685.2768068,332.1301333
578.265013,184.2352333
608.6211767,381.8078656
341.1068976,574.3323982
501.2697707,372.9507968
513.4075142,303.6491667
268.4491639,286.7021886
765.5263641,447.2705856
616.6713044,167.4286827
477.7856385,400.6081071
222.7306635,533.660102
800.8478471,610.7408872
702.8455144,148.5840209
747.9999619,346.7201393
739.2443336,156.4602698
761.8367852,273.4849919
695.1303399,410.1390233
775.7035699,459.8018791
520.9265916,402.2473965
505.5413792,420.4502411
571.9153882,678.5541859
816.5055731,528.1323005
654.2509764,607.9476516
235.6765103,766.3380322
313.5828632,545.4943349
442.6574663,430.4245665
674.9884892,531.5945989
771.5409159,416.4235581
89.05255458,627.239567
597.0282658,555.6917231
462.6551578,342.9847792
600.8706027,872.3896403
820.4661975,317.2852642
189.2847627,483.8677669
663.6053379,691.2610504
553.7332963,462.0204922
626.5254966,536.0704997
575.8900196,757.5296879
507.279274,686.3492205
684.4915341,632.9001489
605.9606513,493.6993456
424.8033616,814.1795506
702.5128532,498.2138582
424.491973,516.8808178
543.7906581,543.2911833
798.3337729,458.9101297
681.8937628,561.717404
415.4710517,646.8692524
453.5206529,278.6112345
720.9370181,358.0387122
458.2188965,349.6821137
958.6320114,549.0610399
881.590269,546.3665904
431.2165196,519.0287888
576.6392338,518.9128906
522.0959542,541.7905454
637.796098,929.9882299
630.4926677,467.7331624
633.8938533,452.224454
853.1361285,403.1002833
817.7259299,546.2880086
428.0383365,413.416244
523.8320212,414.6509659
440.5213849,802.778844
843.4967594,906.8536853
727.1770742,340.556162
588.197,165.0561655
419.8859955,836.507342
438.0820344,582.2779312
539.7473402,555.6342023
568.4926304,518.7042865
580.026787,361.5937166
693.8361881,429.1482032
670.8650546,428.4028361
774.0495221,578.6622092
481.1080107,483.1749479
507.3322906,502.2286944
565.5628421,445.2309074
655.1327547,572.5652385
539.2986536,457.4585297
791.9351312,369.4061975
670.2755346,331.7191931
389.8134762,342.9288255
399.6661853,346.9323372
642.9940075,280.3348515
611.5851509,592.8257091
808.2659396,553.8407372
600.8789769,579.1289986
217.6041519,648.1303005
720.4163942,473.3025426
579.9130086,613.9691537
429.7439628,257.3619626
445.2966292,538.9350043
532.7038997,818.4871723
481.1474698,401.6075015
314.9258969,408.1809773
39.60158559,616.7080445
564.7096619,200.5146531
698.4104815,192.2013049
828.442126,739.3827761
456.6510026,554.140731
611.0721671,503.5479737
395.1406091,591.7575739
270.1323192,724.1376645
701.4888483,552.1423182
545.9671724,549.1421081
471.5100332,428.1326787
626.0550131,395.0771297
890.505966,846.3196356
955.3682587,573.3881635
279.6163535,652.9043356
572.9283674,601.1108506
892.4451712,681.262509
539.0106199,445.359906
782.0051367,458.2288232
191.8668043,516.8698485
450.990085,614.4442798
731.8952272,441.4541984
619.7016581,642.474775
623.1658525,264.340779
650.3005988,788.3765692
552.2630765,297.7781839
550.5869921,396.0914633
399.8209808,857.1731114
481.7952348,517.225232
658.5766803,499.0797828
829.9832344,640.9154463
747.0280448,358.3157437
664.4630123,870.2286733
408.8408535,235.7493466
615.8332248,552.7434759
205.5487722,362.7799647
335.2742563,552.1294476
816.5866935,243.739864
421.0788178,370.9931687
574.3359529,401.1790105
591.4658312,855.7603531
668.92155,877.2598706
402.6896778,883.2341736
805.8894481,508.9024815
380.8566123,294.5398257
474.2103922,370.0088596
659.6438746,673.4301163
479.0671315,851.1993726
604.0710921,341.7375001
618.4662906,233.4851223
721.8335374,209.22722
435.5897571,900.6035
424.1873257,644.9751834
548.0330992,380.5657891
414.0754657,396.7683404
588.7136839,556.0074918
794.2506963,620.274457
374.0958574,330.4222912
632.816532,590.4784944
368.7161123,608.7847008
424.5029688,385.0369051
527.7390148,490.6175241
436.9491648,765.9286382
493.0298226,405.3611647
717.5918753,490.9628785
396.5571381,844.8495863
244.265823,411.7347072
577.4261244,481.7319352
412.3372414,457.0009336
603.6567562,903.0449877
515.3613406,372.2681113
633.5745549,878.343927
721.0237713,911.0984374
635.7631586,870.9487171
415.5114396,570.8967395
645.061028,479.6959344
570.3349854,540.3263882
401.1905153,449.5090479
685.2297974,615.8534862
635.4369391,485.0044758
489.5508572,411.2815406
692.6209097,185.5912022
520.5455428,600.1144648
163.4998215,710.2135871
675.1178325,529.6594735
797.55253,443.6978632
599.5360031,326.3262615
589.181426,762.7576418
420.8160715,655.1724044
431.0872212,504.7565573
712.5280579,191.0523313
612.5513903,593.1145456
635.9106285,296.602696
914.4450468,514.2210938
770.8292133,437.9523897
495.9231029,693.4266976
963.4860392,707.3111811
467.6472926,321.3872904
573.0198245,384.275993
733.1022063,658.8942462
654.0977689,642.5183596
761.1392544,640.4346789
602.369945,216.5388127
717.7120354,167.9494409
578.8430579,186.33425
625.3771819,589.1940451
532.2709578,421.1586261
857.5672365,575.3172506
498.6519702,561.2822479
631.0249166,477.8095543
767.879306,594.0907688
773.1701856,150.4691473
774.5211292,309.0943957
957.5133435,869.0462488
502.8197626,298.421986
474.5468585,512.8887559
412.7398474,426.0983075
550.8917143,522.7829534
594.5167683,503.2121051
662.409849,511.8553462
594.7488641,510.3537472
791.6763997,530.2590016
556.9093371,520.08631
505.7118595,796.633901
724.8448207,572.8241132
744.4210305,309.6481035
712.1737047,605.6488896
721.4768173,321.6152632
647.2269809,268.3547377
752.9795279,136.8251938
872.451929,404.631071
473.0336591,497.0903334
426.197884,272.3078743
692.2276816,513.9934553
732.3930654,505.5122251
443.6271663,445.8087267
836.9894778,239.518513
723.1889003,4.861726507
686.6428509,248.4187485
377.4941367,589.601893
494.0629059,431.2838886
630.0949903,784.572928
626.8298293,489.5189257
767.4562214,288.0987124
765.8407938,321.7799485
504.9267665,585.8429229
766.6527022,260.408557
605.8501987,305.7897413
701.9916002,319.3644735
703.1217134,436.9280479
662.9372741,584.9415205
558.8660547,462.306529
429.7598423,567.0320882
664.3446499,472.7367164
748.9961927,885.7369012
465.3424387,437.1521135
650.70692,350.6751147
628.2884241,593.8820393
284.1007029,703.5472382
874.8612582,611.8255495
834.7405918,372.5836083
594.842823,393.7292677
761.964945,360.9344113
773.4027908,455.571899
554.7662147,379.207104
663.7258426,562.0036706
646.7752682,569.5305953
486.3705469,526.2142245
466.4556687,539.002178
535.8878653,376.3334688
651.4972861,466.9895086
421.3033334,387.2477039
689.5050912,425.5267981
504.065287,533.8701896
470.3480411,537.4993045
834.5473409,384.7304969
817.9398392,495.9069268
461.1253748,435.3704117
736.167405,403.3440309
722.6190648,203.8654828
596.7174015,347.529755
581.908736,787.4094557
614.1455903,521.1227492
625.775848,554.5081493
598.7538014,757.983544
703.6024736,208.6368852
693.1287101,878.904676
695.4389271,472.6435089
820.2252032,867.9251894
722.0381287,532.2702433
659.7471514,625.2431809
777.5526813,493.7180247
765.1620188,487.3030079
726.060129,522.4007841
627.7256146,539.2251571
922.3477945,627.2589983
615.1834674,533.3758412
802.6156432,605.1349846
788.8461282,345.917941
982.5325618,566.2490913
563.8666536,485.1393664
779.4216121,422.7184562
476.5557389,711.0954746
499.5294341,620.1797243
671.9605924,376.1310283
562.8239078,383.0308033
498.7760852,670.8562869
472.2829169,540.07725
556.1643474,347.9374566
828.6656678,358.3880364
789.0621947,252.9740249
466.3029705,764.3146512
524.8950809,344.3999612
520.95492,542.8260862
530.1093942,638.2458604
637.6383064,556.9932217
878.1511673,724.2433246
496.8677103,511.6757009
377.9494898,506.3243062
504.0883124,451.1949933
724.4009129,340.1015119
481.3489002,318.3538173
555.8622169,423.1046581
877.5929269,691.685091
783.2085804,482.789331
767.0814495,767.6109689
387.8264227,481.6274451
205.8265741,528.4881227
710.2010476,228.4899676
657.311606,543.7362013
229.2901977,549.5205583
484.2690858,703.113461
473.3175282,495.4970522
414.9092908,523.1969232
687.0488275,155.2131579
563.8121688,730.3385821
811.9720571,544.2079217
558.0648426,459.6049964
491.9925147,361.3747073
475.392788,386.9500502
508.2678496,544.2112647
529.9635273,411.1058233
872.364322,693.2350175
632.1527827,723.9848469
672.2166723,413.1301655
772.5275291,470.1797901
668.9989552,514.7469083
810.1074408,330.5741059
769.3060218,460.2753337
712.7901151,159.7729265
607.4577015,207.5981059
815.7794741,335.2376542
594.5017726,572.8855203
773.0214873,291.6828638
742.7392234,427.3508518
612.3958009,229.3278318
520.067509,565.0502233
660.0252679,633.4735178
599.3763689,923.4256816
475.0417905,517.9894035
463.0920846,290.0982744
400.2390169,326.0252647
680.9753118,555.3164905
824.8371131,404.3139442
576.1927793,757.5484297
438.958929,564.5371749
642.5470437,509.0758378
799.4424937,329.8751231
481.2435859,428.3613409
397.0262883,604.7715152
493.9118706,695.1754708
512.8594757,354.5351275
775.9716793,494.7919475
462.9441503,792.3502028
476.3312233,412.9769718
422.5356898,413.7809252
794.7663765,281.8334417
718.6648221,622.0870191
579.7354575,853.9236168
431.8588765,904.7927371
644.1516402,537.1336413
517.3943848,404.5154026
788.3305678,411.5362366
733.2512641,443.03557
461.4457368,719.0966061
540.7951795,464.3583674
635.4286248,610.8777419
457.997422,392.7062214
722.2951374,401.4395359
578.1229661,343.9834215
439.9288537,651.355224
144.4291051,684.2827354
531.1831651,511.3431127
736.5231065,463.4521804
758.5874589,492.712383
463.0769241,963.3796683
613.2380152,549.4597154
706.462422,382.8033738
159.7403128,508.9200115
753.2381995,569.604852
556.2848221,369.6223652
884.4664864,852.8739517
533.3140033,355.7806306
529.353199,484.7779029
380.6100751,410.0293515
434.0294285,495.2419383
740.0540099,782.3340479
68.65436937,601.4517337
963.4884361,572.1720372
606.3874811,560.2956404
544.9468077,445.6620937
796.7184202,452.6445248
423.7245123,387.1236781
954.655103,494.9190239
773.9667089,635.929088
744.4855523,449.5449226
918.0865825,858.7209067
474.7768121,513.9265741
586.1534093,369.0961119
731.3880559,350.1836496
763.5521041,528.3258193
552.6263582,198.808963
616.0704889,949.8587169
756.687518,423.1081682
280.6968058,659.5737559
662.7794226,398.9263822
507.8715655,549.8587043
646.6616846,606.8265086
767.1926062,288.3187037
463.764358,428.3588964
337.8075807,490.0277953
434.4084699,518.0368326
802.2172618,200.6133347
481.88431,787.4430112
579.0529523,726.5200435
657.9094104,177.3748223
446.5997394,455.8435399
676.5687272,423.2554698
571.557934,385.3411613
681.0923109,543.7328374
497.1578263,510.7224192
500.5801796,566.8202873
840.0532384,565.4250171
390.7071642,391.588129
600.0822889,550.762802
855.5480943,597.252363
784.9990573,678.5077389
673.2615903,497.9266096
567.0353988,565.9776384
412.8715726,585.0533026
136.6116274,702.8716148
784.4565167,866.5297939
460.1990289,637.0168008
327.0347277,999.4842145
782.040626,634.9726931
760.1553677,304.2418416
225.640093,654.5619071
721.3948879,451.6804827
607.4074712,933.4197517
875.5474786,442.0436765
647.1726459,304.2624429
695.8653374,236.6540711
770.6434977,634.6143427
461.9192015,460.8286027
643.7218143,593.1203332
688.1649937,475.3007674
581.4872244,589.7651784
414.4409795,524.9162152
630.2788034,578.3780738
941.2545024,987.2585353
506.2185963,499.1941348
701.999525,429.7564231
703.1557195,544.2171359
513.6958625,612.8811066
727.88238,435.0233022
296.843846,661.5244054
731.9364091,319.1555978
293.9880623,674.9233786
691.4893733,65.40095783
521.7517878,567.010484
503.0054333,314.1715587
410.2936357,484.1547648
781.8514199,301.2487772
643.3981116,598.4527145
471.4929702,328.046034
503.0584799,327.3661273
419.9043618,525.7480828
853.1640226,469.7595313
677.8993419,330.6462105
533.3021535,507.5714181
506.6432688,384.6824619
839.2745871,721.2514929
635.9446646,295.3263954
668.7848961,531.3128454
147.2124271,666.9553639
328.9695136,419.0003335
825.8412237,545.8934701
587.0529697,556.6424976
950.6990476,895.0789162
635.2088132,602.0689171
670.9484072,434.9181852
754.2308049,445.2226543
527.7247233,302.6572523
621.3257745,550.4472422
354.007368,988.5928163
489.3767217,384.9169118
511.9706714,505.9279082
451.9237414,293.4842894
591.5262783,503.762261
696.871755,140.4701671
433.1860457,412.5813677
833.9306608,232.0794469
570.5376142,644.693618
517.0199575,771.2432388
566.4699378,663.08317
379.5157957,520.2796616
452.0809188,626.9311739
263.9076932,425.8533481
512.3399154,728.8615334
429.3987928,222.9212769
309.7326014,371.6527666
444.7868664,634.2591891
711.8501967,489.4502476
104.2415498,687.4354498
474.3980254,610.7004159
510.7617897,725.8574788
185.4375721,471.0979075
328.8261035,510.9284116
619.0761394,885.6638772
562.8731044,414.6010505
756.7920832,324.138822
782.2313002,690.8610377
399.8618181,493.0586985
848.7992042,353.9353905
629.5707411,585.8736368
728.2479837,212.4217638
854.5125692,722.0239802
847.244718,945.2485523
494.3057878,387.0945938
730.7677805,434.2168833
384.4814296,608.7383583
782.2880021,550.7089585
518.0851294,576.6162628
148.3201442,691.6534369
774.6716102,285.8639901
766.9278075,468.1236893
625.8098542,593.063105
385.54777,788.8620795
474.8745012,441.4557027
728.4228683,877.9804994
358.504376,525.028833
782.6227606,606.4513805
827.8168919,471.1142256
651.4541118,633.6781313
745.3602897,283.0323724
809.7703902,245.5512978
610.1865837,656.1006971
455.5831941,399.953273
253.9481867,724.596953
579.6073876,638.7772745
639.3257611,477.4419897
487.6973715,520.9740059
254.4648857,627.5351314
720.7702681,524.2962947
358.7194088,602.9904402
732.3564077,524.3556332
411.6010304,444.5646653
585.197102,592.9413774
554.8115163,351.494634
736.1107331,573.0888383
493.5929317,343.4974097
312.8038674,713.0630064
841.2507497,781.8754488
336.0365337,274.5714719
843.7009462,350.0890005
695.054223,413.3864703
615.1014331,594.7778839
542.1837844,566.303269
262.4620417,684.3364535
494.9559197,548.9394586
489.9752152,427.6186065
326.3757722,659.2075913
380.7011427,623.8280197
693.8122789,390.1206496
358.0077212,533.7378271
630.6846302,592.1522795
434.959175,365.4794288
709.4204938,562.8515638
811.6632452,354.8762195
817.4472592,386.0588023
506.8732074,420.0809006
788.8773929,447.7105473
613.7111653,595.3084622
445.3753827,728.0155624
963.1442398,547.8545248
551.4004285,385.8189618
553.8131134,274.791693
378.9766856,506.3682669
700.6208971,552.5679885
744.9891281,508.7692415
684.3293531,332.7514118
447.7716937,641.0618913
913.3065743,449.0163501
554.2782937,437.1735297
453.435188,223.8389347
643.6703107,481.3227084
767.2263876,496.039352
819.709508,359.5240557
333.4658176,577.2558026
782.5680211,554.1832918
787.9460135,585.1226702
502.6794685,539.5279925
592.3008098,870.0990479
556.9209471,487.4186762
861.8034307,413.6926905
573.330464,345.4081729
477.2323717,594.262182
762.231796,357.1901713
504.5153069,544.99142
469.1300512,338.5744851
326.9249193,598.6550297
459.6756786,778.2562167
501.4466327,249.0126143
703.0876623,463.1624245
220.1771002,707.2021152
443.6528132,500.9187547
963.3326669,546.7240214
894.7389993,847.3469234
387.5487106,449.7963801
571.2288382,591.9404159
414.3561439,604.6185932
627.2105785,593.5036309
843.8408509,353.9494938
286.0339158,353.4714635
584.9290676,349.4585078
74.4640153,613.0776551
489.3719129,978.2172037
469.7079163,498.3921872
286.0084936,716.2159087
783.8955798,299.7066441
599.9367366,308.8452575
446.1372107,544.1411867
179.7780626,539.6850307
393.7693967,418.1186549
783.9050027,472.9025926
697.7093703,506.1190451
456.995873,546.7993228
525.0559435,549.957574
223.7191942,518.7764747
245.8275299,745.5434313
215.404807,558.5768081
725.6794847,657.7642443
208.2775646,705.06737
831.453544,603.9663709
627.1820403,484.354907
575.840778,601.137929
566.6176923,476.0016933
287.5323293,666.8314843
529.1089838,297.740178
745.3440356,309.4897491
407.3362081,948.7056899
436.528537,571.9793123
435.6280777,354.727518
508.5471346,538.4765933
504.7582188,410.0165018
87.41040144,520.6395999
214.6922656,568.6901403
915.6914401,453.6243835
874.1220212,451.4251599
755.924986,762.4931466
471.2064346,240.8364342
659.6539266,504.570226
797.497461,332.5937469
393.4933176,431.3998495
535.7394666,356.5411666
531.9208741,508.6237158
905.9342478,422.5064463
433.4649112,727.9207043
515.4214581,767.688506
488.5372039,328.1704986
707.1721321,266.0990589
531.9652469,562.1748748
960.9786914,652.0566722
412.8010735,383.6991975
850.7506186,914.442017
548.5313569,560.5987474
491.2978302,593.480188
433.5974304,327.7564662
613.9940606,372.6794693
542.1616879,335.5807939
583.1256024,748.5503066
910.0593602,459.9791843
797.0404151,647.8653875
732.1177803,446.1503202
603.6245177,718.9682552
508.0990772,399.1459557
654.9857492,577.2772188
404.9307439,985.4055018
470.2367945,382.85471
563.9151311,557.9028353
746.9866831,880.321446
629.7049231,743.2564535
509.9518288,255.6247228
475.1144169,649.5371877
563.018462,517.9297098
403.1020962,431.004517
329.5826433,606.5704336
199.2848069,734.0315486
476.6790749,468.0041138
542.9528031,906.4079777
437.8556163,289.6279539
361.9303846,294.4781888
555.6366077,403.7962991
798.7599885,363.0395917
379.9152557,965.6346367
806.9709339,818.3855237
471.9527725,371.9696218
535.3237525,409.1120907
647.2217376,474.2152694
313.7821962,383.5542151
450.2403614,412.5941547
721.437478,305.9404695
616.8405563,528.0789376
661.7569007,514.851482
489.0533935,717.2550224
397.1578637,763.4945468
514.5834983,539.6378733
709.9708244,409.4520963
891.7502321,534.2096728
694.1366258,523.1418052
602.151182,775.4593664
379.8532956,342.3431292
599.7350366,552.503928
450.2272383,783.7725056
596.5753247,537.8179983
488.5363949,425.8508826
871.4121044,521.2173566
713.3118475,466.7384064
838.4860935,946.7898495
494.2061063,427.4552584
331.9476446,511.6083809
637.9343548,603.8052793
517.4180543,547.5577068
670.8071692,906.7740797
472.4571873,546.2736127
411.3865519,610.8287459
659.4582489,563.9535888
582.973818,407.8795627
663.0353377,157.5718015
939.9299398,577.2471943
681.8368811,703.2824714
571.5649749,177.7436823
423.9845921,376.1689924
571.9662626,523.3278022
225.8902405,659.5128504
877.5845527,616.2075742
482.3757065,399.6566222
627.9344903,588.8978749
627.3287911,763.2220284
657.985797,506.4241161
578.6002059,506.3093671
596.6752009,535.0239269
433.7407207,864.760482
573.0175324,463.4023277
758.5983498,698.5346163
390.2280518,662.2801568
871.1670354,724.3263359
811.1341423,220.482568
171.6863934,626.2058022
318.3846233,497.1698762
412.391037,651.7497416
597.8358597,574.0004995
818.8533766,434.5068481
660.974699,471.3494276
786.2527163,628.4789064
458.3160762,558.1872632
183.3213101,483.913608
490.3558595,576.1101512
486.0724162,783.5576333
799.4319622,675.8620347
666.8619,557.0136141
496.338877,377.6973773
556.7019145,448.3263726
348.5823812,279.3253653
724.8811339,448.1702955
580.1370149,347.2718413
818.5381679,358.3400432
398.6030358,605.3685151
526.2412156,791.0658371
275.5244833,801.4166697
513.118327,505.0837968
552.5593795,563.1338188
479.6433937,659.3741152
527.5795154,401.4541407
477.3325176,361.8198298
617.6446897,442.2662168
787.8400251,869.5016093
667.9288846,564.3552104
723.900468,534.0926464
595.2750758,246.8159815
467.7812199,324.4503074
863.7139779,668.3949499
788.2094489,884.3435115
706.6906228,526.3781367
731.7617942,517.1733734
588.4847041,315.3436826
452.4262087,634.278892
426.5061716,686.4817083
871.5418672,878.0381037
832.6812115,736.4775285
968.1568832,907.7733279
795.3669224,329.7490914
550.8204212,472.520862
696.4142598,497.0965597
595.0234901,534.8866125
658.0560864,509.2362399
462.8281848,472.6385989
972.8764293,600.1616014
346.3773436,358.1611083
696.0538544,576.8702693
567.1591094,464.1227266
426.8861717,463.6040578
190.0970157,658.0076367
705.2435182,505.5994987
588.6343162,470.7297788
755.6399335,639.9447809
405.0816594,284.0923173
627.8756612,477.7957017
523.537411,393.2838527
475.6707248,979.5952156
670.9545493,474.5346946
476.1208645,226.3831993
366.4265387,611.3674937
586.9752948,458.60579
655.2957596,304.429134
366.2181873,598.2247
649.0768862,882.662497
646.5472022,522.5045847
320.3515878,702.374968
639.6309477,626.3778839
384.9491866,345.7240043
486.2553903,619.5274184
533.9432821,477.7055656
610.1427502,287.988372
715.7154391,534.7583034
528.5644957,492.2600103
654.5544103,549.4569783
634.0858608,537.8301168
727.382025,540.5823378
544.2689165,994.2460853
554.5132209,200.5549991
526.4661806,389.2394934
773.3232883,283.0634207
498.5788195,813.9793666
490.6064265,565.7596738
745.3062843,355.0797674
496.2406336,498.1057952
451.8470253,862.4931654
655.4831081,556.2102039
800.8583186,452.6130169
189.2888075,667.6093831
587.6334264,703.9827286
812.1650384,515.1261734
642.8767686,477.08529
716.5940415,925.1703595
754.44798,762.8561145
580.3204235,363.7870482
471.7635065,333.7664976
603.4266678,618.2075123
950.1202238,868.2322036
543.5109536,557.4865045
431.5622289,572.7296313
933.8601542,889.8162367
582.1592581,366.1318183
495.0422234,450.842723
432.7325353,494.9381209
520.1483598,594.9128999
539.8122515,623.0545086
622.3466335,747.2592758
736.2057406,509.0909231
613.1547675,526.8866303
535.0032557,432.3772427
418.0081961,596.1763299
826.0102958,95.28166587
429.8100276,231.6596478
774.8275292,532.606676
664.6372827,696.7789691
747.3632977,707.7479879
512.1427696,729.4798868
683.7272793,557.9581831
848.247016,957.2177177
929.2993135,896.0704963
598.2154105,764.56427
384.1804975,240.9328593
865.7579131,680.1601497
445.7280281,516.3449324
257.7352449,609.8232922
559.2433134,460.3254162
500.1575145,444.1980619
764.3068911,366.2364756
395.9344957,926.7259691
621.4949814,549.1495881
538.0611289,538.728594
602.1103895,569.6633339
747.2740727,545.6054693
270.4901479,581.7325182
501.348644,412.9506873
425.0917548,680.4238927
958.3336111,901.5532507
948.0026884,885.196252
728.6349948,278.0591982
492.6327894,265.739434
880.9546684,614.8993478
905.0608886,975.7885656
604.7857758,643.3751536
674.7277953,557.8277428
428.1102887,361.003946
369.1660123,779.5482295
505.9954739,538.2833043
502.9648656,713.2870511
464.8445255,495.6934126
495.8034821,452.2548545
843.9195444,721.644548
452.1517475,692.0457397
724.8534945,493.0948657
516.1219251,553.2368215
668.3304569,844.9395553
477.3506592,570.3419242
517.0655437,980.3795288
404.5491408,584.8875935
830.011428,661.483955
745.841769,353.3578846
692.9983482,560.3484183
691.2197359,241.2732827
452.541545,616.9752559
620.0913657,712.0597048
822.1883775,310.1478635
706.4571637,129.0873248
750.0430732,131.574591
700.4498476,573.4132361
979.4771904,581.1380465
403.5887289,292.0359698
565.2669885,196.0648069
565.9661672,900.263766
332.550078,741.1971769
475.4011473,408.7489556
488.1596905,267.9999183
798.2551992,953.4023968
514.2040524,561.9088543
516.6216659,432.4169411
502.8739777,737.8248891
945.9107551,893.1525244
541.237724,515.2827519
290.9988007,297.1958932
842.5166029,573.5891832
247.770675,489.2702889
471.0215878,439.87945
538.1885396,554.4827215
600.2511662,737.4563635
811.8140858,417.5361345
562.0944231,358.9635156
534.680332,474.7143399
537.176669,701.1866305
829.2080886,198.8500194
898.5205596,570.5972679
645.0932814,669.6021755
577.2241698,191.9248584
631.7810219,478.4345519
843.6207096,469.7436728
691.4394577,552.4143561
857.2458258,289.2729675
540.5551888,675.4919629
511.2000198,373.654021
605.9979232,653.0239946
608.0779919,505.2605169
820.0233834,423.5702565
590.926826,291.9695064
456.7318084,329.5648495
609.0347635,594.9212784
767.3056654,310.9153362
440.1873305,570.4666814
688.3442676,473.039907
628.7872361,602.8259429
569.1081419,366.2305208
191.0997481,748.1989556
568.0812606,738.9779161
283.8651915,391.2633132
442.147314,577.5789468
398.2604574,492.4979285
566.4237823,562.0974213
202.3680125,705.7347613
436.0691991,642.586975
636.8545168,554.1520137
726.240152,441.9814964
376.5182947,453.5939203
620.614806,629.101564
588.4559711,300.7239655
580.0483442,731.7857735
365.3298175,358.9312137
541.3553523,356.607421
563.0280946,477.0273723
470.1002156,462.2881424
519.3218752,546.6614443
253.6519736,500.4245734
596.6559657,527.440944
565.7166638,477.2488679
631.0210815,598.1578606
535.3840798,528.5806825
900.4162459,850.0785013
728.6610163,794.4071811
711.4508715,406.0722658
703.3171065,570.9734617
653.1081296,540.0169503
883.6798354,448.1639647
674.5746926,16.85044859
206.105185,526.3613172
780.8900492,544.2423339
390.71428,887.9631406
769.8486374,290.7403423
790.6935168,161.9962825
696.9102255,384.159468
386.1768391,487.7531449
549.4767283,483.1235908
490.7936252,428.6175413
784.8840356,560.0304766
508.7761144,919.0180828
861.1560403,734.1754027
555.5509781,455.487446
920.8732753,856.1913514
640.6212312,891.5905004
505.0554057,691.3259467
422.4383303,599.0015332
435.2193296,563.0451871
587.6059818,989.5134828
570.3578909,718.45949
888.9689324,678.1564507
794.7168354,387.9621481
407.7623787,652.9872842
855.9688719,296.6089433
318.937246,341.4017987
555.4532141,243.0978797
618.1412995,438.9454951
517.94118,541.9110611
663.4659876,625.0644549
592.0870204,396.9016013
767.0390991,448.7359129
738.5899172,460.086516
542.1299139,479.8621867
554.6044383,200.0007062
516.9285154,485.2558705
516.9271072,674.0627611
564.8014636,399.4853135
751.8828666,766.2945312
769.4516341,433.4244632
483.4777759,229.7391481
635.4549609,508.5384898
186.6653444,755.9618137
374.6898267,428.2896959
566.2389206,189.5242181
192.4409991,478.806546
705.8387459,564.5264981
537.4682681,426.5407347
656.49402,458.6108463
720.0619212,422.8038284
775.7654102,304.6022813
692.9855397,144.0936825
466.6623872,243.5408083
332.62612,577.3307906
792.1464039,335.7920307
474.5700486,378.8046676
331.2733937,655.7483433
972.2473602,913.1781273
461.463489,540.169956
513.1207239,392.6142049
658.4585426,125.6710346
796.9556244,558.4480811
512.8849728,222.2835549
573.900644,392.0493397
856.4705452,598.8707586
672.0510158,396.0180632
473.9220589,595.4366669
759.934058,370.1468426
449.0471945,565.560451
618.7398979,481.4906531
827.5641378,349.8300421
630.0190682,450.9978598
433.8783183,500.4134788
543.859,389.1150497
574.5407539,888.2121326
650.7534949,534.2671936
970.2278286,547.1368629
721.6598513,285.2474754
974.8986276,594.611339
604.038569,589.4605671
752.2585972,318.8022828
788.7356905,322.4046745
458.1507343,556.4137726
808.2347947,512.6667796
579.2508322,590.5468799
363.8956113,608.6943767
588.3219689,484.1244061
705.3041001,266.7938002
969.1119171,927.287136
422.6826803,442.00262
454.3244417,645.5944562
590.3700537,529.5058202
610.7810025,558.3169513
505.524541,551.6453998
350.1950373,655.857054
723.4813683,393.4065204
668.1228845,513.3372632
694.0156568,200.6063561
899.2677514,534.5102517
572.9258956,798.193167
876.390427,680.516536
663.512218,433.6153703
428.3197487,881.7497702
605.2068829,276.5760276
409.6091531,655.6072263
658.467486,416.9896768
696.4589322,329.2078572
522.0255299,401.1251044
569.0558443,553.5719588
578.4553427,736.2022521
804.086672,591.4246722
763.4515387,945.8173454
450.3677871,520.5542068
433.9994222,229.9496536
710.6155632,543.1390343
517.632383,496.0634426
475.5033156,530.935607
298.8622691,675.6440701
512.8559852,557.7573305
751.7242511,483.7442007
373.8480019,420.1731887
600.719897,382.5392338
453.9872863,579.6994633
905.1308784,849.0773518
658.4352626,304.5885332
435.7627242,974.8953328
448.3241515,514.7740077
752.9505852,630.1904677
868.6406471,334.4775988
327.6824477,418.336327
794.6958475,453.1739749
581.5422634,591.0264355
552.6678846,329.0384917
617.3329415,595.0257058
587.076744,532.4954371
695.4988648,552.8928043
530.4883757,943.398235
413.2484567,656.1467472
754.572065,126.9111262
707.7550157,468.0889846
573.216431,805.928466
511.6587884,426.0737781
819.1162727,422.9943385
572.4784973,365.7405184
673.8632747,527.0942942
567.0324027,458.9989077
387.0518761,482.5925737
563.9174082,192.3476454
603.8412583,629.9846215
535.2059594,722.8140184
766.0592422,353.6841838
464.8388778,937.6371537
516.6827722,430.4204504
212.8631684,362.9694093
442.1043344,540.1185362
183.7386571,739.2136404
326.6257249,590.8797398
631.9328362,475.2330505
722.0973324,203.0160853
442.8282612,529.5082648
476.7738278,421.4700488
446.1816284,394.4999999
490.6514884,379.9348785
525.941452,563.3290718
888.2290062,843.4662674
568.0090687,430.4634918
727.9148432,470.0184478
447.1264155,634.8272928
551.0742689,390.4151693
650.2917152,495.9493622
504.2793461,806.0166799
805.0729556,561.119443
616.0811851,528.7426516
617.6440605,400.4616203
597.2830873,382.0141087
777.0120432,551.8171472
635.8291485,512.2551709
525.2125666,591.9453678
479.6940734,608.5863138
575.3229406,734.2766125
579.7367608,379.5173776
751.8271834,684.2247968
695.0173106,428.3497658
491.1678878,359.1699468
619.6983174,460.4485855
662.5024447,851.3197421
704.5100187,480.5308316
456.2653697,395.4734442
425.3629053,643.4574753
369.8843813,428.0380296
572.0408964,452.4040993
283.2280029,670.9676302
419.5541432,526.1006455
568.9734805,472.4253354
565.6771597,490.592953
794.4501642,575.0401564
747.2269135,473.464449
588.1344256,613.6128091
628.1190974,430.9145899
511.7345458,222.0501707
615.1375665,560.9938292
703.5610371,404.902294
653.8031587,470.6006548
615.7327193,395.3497527
421.8333502,356.0906953
790.6160966,618.8466551
431.1817494,425.8081338
793.3416831,344.155148
576.1250965,743.6648238
430.2240789,572.6196669
461.4305464,650.6741891
576.1727351,387.3733386
778.8294404,502.661009
348.6769393,391.994368
676.1075766,385.3797522
755.194228,674.989633
809.8234818,626.0936022
585.7240178,688.2894231
553.2076089,374.1905123
748.4600788,351.4825365
676.9971898,877.0166662
550.5472333,708.7678165
750.4104596,470.5624609
331.4892205,334.0202534
594.1382213,380.5849905
457.6570457,580.6395402
739.3959082,437.9319137
782.6632234,312.3921969
716.1272732,149.2720552
258.8940462,746.1197254
902.2583913,451.6670062
325.9789187,434.219307
702.0768703,569.0799359
610.4443265,316.3801636
565.9751706,353.8553044
180.8465003,708.2641286
399.9819033,248.6850614
518.0796465,484.0603037
289.0716849,384.4635989
70.36086457,595.208527
563.9151611,524.0749035
953.6648944,901.8509044
845.2871465,628.7430464
820.4182294,721.2439085
636.1482222,606.375703
430.6586687,636.4616722
657.9858269,404.91529
427.1741155,382.9374914
697.5578556,491.3112625
832.6495872,391.7982793
469.1824237,664.4224029
454.2510663,413.0571206
642.515749,511.2321872
424.5128561,481.1430213
227.8902074,704.9990262
691.7496778,544.3411617
865.4344201,416.1199287
482.3782832,488.6552367
491.3081669,598.7952692
625.3857958,164.0870253
743.0834347,359.277968
555.956026,553.6115108
823.0702607,191.7877738
714.7592667,507.1116908
276.788419,581.2822767
702.6483086,514.5547685
588.5534505,530.4328593
656.6104798,417.1729994
806.1644486,185.1480646
717.1693599,654.4212497
491.6100578,585.7160763
774.3997257,317.1049712
732.1038033,322.5472541
731.5192568,295.0973362
728.689989,320.8493574
406.194395,675.9835951
484.1300351,220.2058499
431.3008608,440.5476143
822.7874852,468.6407911
698.4827484,541.5097948
467.4277805,493.707933
555.2577162,381.8628791
516.5908656,557.2646119
461.9221377,809.9568206
409.9504431,779.3311424
436.9542432,537.2355824
462.9461727,905.0710432
532.9721889,484.6648045
710.2304397,565.2324385
795.9902688,412.012282
456.801978,322.8137342
527.9993492,570.9034464
569.7591427,360.2959371
690.7553346,74.91647528
451.6938627,295.8987406
591.9288393,582.6549815
457.3550201,631.9424167
303.3804748,567.0095437
912.907309,856.7764
863.6057274,365.9064364
466.7144001,284.9575106
439.6837547,568.1210755
833.5811464,406.3517419
669.1261862,482.5392317
332.3993873,320.6892688
558.9756235,194.8209754
586.6371657,545.233914
435.9871499,668.3331877
493.4836476,730.8072519
292.5083298,660.1304307
591.0735319,353.0285349
191.949228,513.0738336
521.4903598,316.324774
323.8292798,264.4381443
517.081633,638.1119309
776.6691352,312.4547113
803.9034881,316.3286812
205.9156942,530.3326942
574.5882427,981.0444337
671.1136592,558.6560794
548.7102713,303.6512561
738.7386904,529.4600627
597.9920484,532.1789163
273.9555108,707.7560947
571.5219354,559.1521202
888.883078,840.7778144
754.6401223,357.3788218
402.8108416,376.2077087
503.0847261,197.6214194
491.456266,626.7454484
584.5787591,692.7403139
713.8026149,467.9590458
784.8628379,460.2854463
270.4645609,624.9961947
508.1171739,454.1057151
484.8453929,354.9990336
593.2561583,449.9341332
871.5270662,703.3038458
517.8722538,413.0605681
562.9499553,583.5204673
581.9838642,699.8167672
558.3124584,682.8572528
407.5926026,841.4437222
577.9565007,577.0048675
780.2561263,205.3238942
471.2783569,676.4057552
551.649797,466.9929979
603.9398013,533.8654258
539.7145774,724.4679544
592.6912216,455.6981814
805.7928376,600.5412426
458.3203307,293.3691225
767.5533262,466.6353579
282.3306746,386.4164004
447.4388378,310.4933223
276.2568592,289.1549799
740.5974793,467.8638534
889.2107207,845.3287867
742.9359648,471.4500733
640.5933821,633.5594124
468.9496837,904.7409413
666.9613118,516.2203633
451.0313568,327.1698505
224.2487465,373.9930446
496.2166495,434.3651669
854.150486,139.7979285
340.9845803,828.2809749
214.4667762,780.9754673
415.4652541,235.2071095
551.6809569,562.3371991
497.7494886,788.7688721
722.0506675,271.9426499
358.6774029,499.1475624
571.7858202,596.4073114
515.212043,448.2939035
513.9945175,559.5866077
516.1807393,370.954933
537.1987805,479.5425735
446.5385883,757.9439293
812.0636191,484.5509122
532.1727894,548.6096702
535.8889889,470.0812129
447.2514893,904.8979794
665.5577561,445.6671291
809.2229509,362.1942893
655.7842799,611.531991
583.7788503,381.0954899
702.5933145,543.2664032
805.5854599,466.6958247
238.2324106,544.080908
784.9646767,675.2042546
729.9509884,513.9859753
559.879019,467.6567745
415.8036679,434.7290123
448.5389746,628.5545422
897.9406272,442.0267942
858.6936944,475.3288906
295.3527731,636.2701592
875.7335538,724.3432181
587.6397333,537.9001112
657.4350319,610.9895867
177.510975,475.5787392
476.2345679,590.6043589
497.43034,719.7770142
832.494597,197.4692495
648.9742236,858.9163686
208.8120906,543.9510945
717.7861598,468.4168509
284.0360013,603.0317264
845.822751,153.925094
803.1416901,470.7219227
476.2354368,315.5510958
633.5725025,550.4180326
619.3815058,547.2619962
437.9550281,577.372056
543.0188979,345.1753945
630.7248534,652.4122228
555.4090511,467.0207867
453.4649696,414.8935434
814.2949328,722.068108
648.303598,481.413325
486.4786625,334.3342461
779.0914826,58.41177806
499.7660241,507.1008051
508.0668837,420.2150391
575.5546619,543.3800866
592.7935097,567.1398169
632.0371767,637.9946955
668.5719756,555.998591
521.6801052,910.405284
701.2836128,547.1378658
491.9796613,413.0704717
558.8093379,265.2833004
238.5126243,674.28223
772.3203012,434.1768298
565.6326671,482.9339165
423.5071725,364.0987635
613.6246368,593.0485002
447.7254633,420.5905642
304.3917312,665.0532508
419.7895498,382.5910714
486.3607795,508.5189541
737.7683013,433.0549556
551.648254,252.3402101
471.9142421,782.4601213
663.6271049,510.9582062
761.9335905,297.4675341
477.9749195,341.090355
511.4838589,222.2193064
839.1373041,579.99555
816.1525981,294.0109188
575.4779607,740.978878
537.1012562,478.9707507
264.4093965,428.810496
387.5397372,338.1517399
369.4787492,523.8187659
873.1697587,550.9961444
482.2674411,512.015811
413.975125,857.1612855
939.120713,528.5867208
681.1277852,471.0611134
365.4508465,950.6369082
507.7732921,189.2164935
935.92689,863.4019432
871.0909185,808.2624341
852.7954677,281.8762741
831.5299006,543.1896601
705.0519601,539.3476995
486.2964674,332.9000716
749.3579164,305.6662796
496.0253461,267.1562039
545.1337367,370.6157423
455.1753448,916.1432984
444.9697956,750.1024686
483.2475976,329.6748765
682.6818669,442.9461026
441.0762696,648.7608559
475.4844848,451.6899058
591.193647,535.9083008
610.5831825,556.0916522
250.455544,697.0895979
618.4959523,562.0932216
975.7134722,597.6535667
492.0747887,724.6759317
865.7557409,432.6733921
569.2106398,339.8117143
590.3478523,367.4926972
298.9566924,675.0647673
466.7663382,439.5897986
440.3337967,336.2826182
771.2636084,476.4226417
872.6346035,496.3623917
518.2558194,411.3822907
576.1990712,526.0851841
720.1159266,505.6353734
513.6126747,619.9863517
787.8366844,649.1403509
467.2486714,358.273559
473.7335419,783.3543153
489.7560327,254.2378728
975.7653203,692.5974
737.3660099,180.2328289
467.8320194,543.144592
853.2321548,403.7945858
427.130312,644.9098902
420.8292545,252.7526546
572.6915676,520.5507802
657.7279643,579.2796224
635.3672939,207.9745503
398.492733,242.1427384
511.3241348,239.936766
717.6917215,392.6011044
629.1117628,591.4718087
602.2369314,348.9115695
585.4188612,237.7359754
708.0691308,410.165642
709.0594742,808.1311162
560.8067281,519.3080769
928.9201672,863.0476254
349.9539381,270.5369328
628.8481326,462.7803387
524.9365624,326.2119303
649.8236436,326.4008943
567.4651648,636.2097969
465.9693206,678.6456801
458.1056724,748.7562363
596.2346638,614.7676956
729.5748383,644.5703443
405.3146091,859.7602293
318.6767318,713.9049448
977.1724115,945.6028701
529.8241769,739.4638443
512.9619136,727.8599032
705.7776247,512.1448722
273.125281,371.6572379
776.7645472,662.4491671
666.6914347,420.2792458
521.1311678,199.6210859
576.8918382,482.2989316
710.1190882,387.0606622
393.4328256,589.1683248
659.4152393,589.159236
472.5562845,308.2064072
566.3875889,492.4079178
513.1309108,561.0067416
259.7434512,409.3475226
567.8766394,596.2123718
709.2156778,435.2915374
421.2509609,382.101257
749.0268133,532.2161491
313.3495989,659.6752164
591.7374161,704.3574389
725.8225503,514.4641101
543.8614568,557.4570233
707.6185266,330.2281038
446.4878037,350.8459636
691.3966279,568.9241723
340.9328969,278.2534483
606.7764846,283.6121558
753.7124881,348.4647546
559.145879,460.540393
634.7029004,316.1414305
645.3661546,539.1720659
807.4028721,445.6800624
666.2981467,572.1442901
577.9571299,523.2072239
576.5063101,370.5457061
546.9933645,320.8951985
539.3404048,291.8553216
539.2904142,611.7325719
612.2097108,526.1493491
547.8150703,548.7031283
354.1934281,964.7873703
779.0295075,590.803916
716.090211,212.0908679
512.4809886,395.1275466
497.9823484,509.4426711
326.1182541,598.8974401
636.9180798,627.8963024
432.717285,500.4245943
552.4284034,730.1103586
691.702983,239.5260348
508.5155403,489.516293
530.9616906,544.1700411
524.2977709,852.8682477
572.605189,387.9786752
598.0863518,402.9376247
439.3983576,339.7014365
562.0593833,483.4209938
403.6368768,353.547538
475.6118207,330.6065331
497.5253026,606.2898502
517.201853,377.3360809
981.0774726,581.9068564
713.7573882,547.121882
812.0252685,632.8585074
531.6557609,175.7221608
489.1641158,762.9534589
649.7794955,408.6714395
335.8149394,255.1971929
384.0044145,336.3814252
806.8989068,183.5471362
234.1977216,633.0718127
666.7691995,553.0336288
716.2968846,535.9829754
469.8062046,769.4993548
589.8385539,634.9096355
392.053254,589.681812
647.1579499,625.9006267
726.4284892,554.6212477
430.1194238,300.742958
506.649366,614.4028055
409.87527,466.8756999
598.5031745,535.9383043
641.1627681,609.900871
575.6160827,733.2553213
549.9399162,384.4272853
689.3900096,559.848721
705.9758492,463.7724413
293.0715588,673.3887674
679.0187439,398.5344346
554.0772079,450.0766292
544.7291083,547.8303088
919.2222236,851.3398837
621.7213396,568.8725436
840.0351267,362.6811369
332.406593,360.6908726
466.6561402,271.7100596
899.5967273,854.8106233
368.2915446,543.6162706
499.0460972,547.6411359
713.555059,331.550935
629.7625239,578.2357867
863.6365277,523.1031516
658.4664374,515.0369358
488.3443425,276.2118269
403.3994778,766.7212881
493.6138747,305.9485346
702.4395677,287.625216
779.2717902,459.0948104
496.682519,667.440519
553.2705578,715.8859949
545.9707378,416.2876436
699.3287078,270.5861796
647.1158092,869.7985108
832.8873757,417.4905859
925.7523807,462.1079748
498.238698,725.772002
732.0417533,510.5149851
577.4480561,428.7146977
737.2728001,477.1664835
566.6676229,256.5852129
547.7453202,408.7441292
310.9044209,628.3799114
923.4628072,852.125952
708.3401464,209.5232231
599.9770646,557.337406
753.673778,415.8999165
530.2819867,605.8692362
412.0612971,605.2912288
790.8702439,899.686072
574.9451426,466.3512225
788.9348738,539.248809
403.922933,421.2731661
519.4630532,583.9562921
539.4710064,529.1947108
203.1272338,522.4489026
199.4644554,496.1953245
471.3075542,202.214848
705.860438,497.2002559
593.0961046,547.099651
655.2084821,478.7919412
597.0611933,417.1643285
635.060804,452.2121684
604.0989861,275.5196138
841.3863249,356.6748454
740.2234564,465.385885
475.2208697,755.024056
574.1739667,383.051739
500.4993588,565.9452112
425.8162809,722.2361782
695.2083892,231.37873
495.3469157,573.0518562
972.767265,603.2037246
706.6515681,562.6945047
442.4876153,775.9131807
664.6304066,622.7225054
437.6547852,221.1921022
777.4640705,299.8704101
904.0977652,951.3437679
768.5973304,596.3297744
749.3016939,429.6732238
552.553612,550.2013216
688.9121556,619.9394241
468.1452057,501.0902096
723.2911884,307.2061979
698.8954064,421.6514701
387.9931278,398.2777119
546.9418459,255.6725279
142.4461263,695.8985233
475.6625004,274.9946768
525.2274724,185.6215818
491.6164695,558.0292849
383.3329051,314.7390564
547.4725818,400.5533652
849.6691028,623.8854569
779.4114552,478.093042
423.3697846,350.3660738
976.0199471,574.8379875
534.342053,469.4827714
387.51042,325.8021393
446.6778488,407.394512
394.4713019,847.7520133
804.1097722,245.1148045
690.4023296,552.75035
587.1521568,475.2124283
449.1116564,450.0015158
633.5366238,567.5019699
425.7056485,505.7581039
561.5205279,389.6708469
565.5774483,482.2273492
818.6144046,374.8992525
780.872342,306.865858
561.2686127,501.8472354
466.5939105,791.3989268
637.0799462,461.0967753
760.8453633,322.7751015
544.5820429,547.790318
741.6497379,481.6365131
656.650718,131.5258666
348.0397656,607.4511929
674.3467614,424.8525537
358.0891862,564.7009199
262.9675351,421.2634923
697.7334293,229.1922934
790.1618521,391.7694458
558.9660508,462.6439855
833.6949397,460.8058911
932.9516653,732.7380105
526.997276,198.5572339
329.4193987,313.4188787
631.562154,721.2887258
308.3744971,709.6864981
623.9821952,907.6633218
557.2319312,268.7239946
764.3335867,920.5271409
582.5918105,177.5300845
857.7275299,659.6795206
690.7152313,551.0593901
706.9742971,296.1599972
699.0096491,541.5506423
867.5347127,803.5935578
111.0444753,674.3368465
676.3712667,428.015109
501.9461488,511.8397385
412.0342869,239.4818025
732.2065858,571.5668887
506.0883392,626.9265772
874.0675364,601.1941126
524.6949988,459.6229442
276.3709072,583.4186098
182.2780699,483.9961805
774.2937223,317.6109575
609.1778291,657.3934412
295.0840795,574.7384493
729.1743296,557.0620251
678.3253328,384.8895408
782.6876569,695.9089284
445.4495371,539.0510278
596.0136687,413.3133836
760.96816,570.9186153
431.6032161,442.7789518
713.1013988,466.5332706
868.4056001,536.0823674
757.437676,626.2573891
649.5219175,760.7081017
817.6437459,383.4545305
623.094829,627.3386874
476.1947792,519.943208
542.3991019,446.0066959
450.9430606,357.4252479
813.4577669,268.5087044
372.5488466,596.7236234
550.973344,901.6315608
509.3015321,256.9321134
598.0941418,330.5055949
287.115986,347.8211406
905.8878826,867.7141198
214.158998,401.8598992
791.3895345,608.2856931
631.8302334,442.5554712
545.325115,487.5417409
305.8309859,644.9440934
730.2271275,443.0644662
297.5848658,691.4104623
783.8149987,309.9714985
418.0782458,683.4113994
646.526379,974.0893109
811.4008584,376.2566421
679.9106941,546.5135368
395.3578291,346.4908085
704.3747581,509.0161232
425.7139029,398.8687361
443.3236426,505.1879526
684.4294691,433.2022363
741.0454319,568.6144001
877.5110724,683.3277613
768.3696389,439.6295596
442.8653084,572.0292695
267.7168779,719.2383499
621.6949736,594.5147677
145.9912463,706.4931661
574.3925799,177.0652591
504.228262,447.8791816
586.5289003,385.000508
523.9012021,556.155065
441.4999534,237.9345296
482.473066,236.7249012
786.9808227,155.9849975
460.8633326,645.9703574
585.207259,354.0555301
600.2463874,679.8369427
302.9913964,300.4043732
462.5821869,642.2973445
642.9930338,173.4409497
721.5186434,325.0331413
948.4090696,639.9946127
760.5032643,505.5467417
978.2988844,598.717941
241.2848607,523.9631632
653.0584387,134.1756869
788.3725886,325.8313698
561.0065405,744.0859601
594.9290668,478.0988923
775.2900879,421.0218967
487.4880314,589.4903199
500.8892612,344.464168
703.2803439,556.4446746
219.8976804,672.5122705
473.2829528,705.9317485
618.2934284,592.8370963
404.9573796,395.5548467
472.3183013,782.4744754
565.9470818,415.4961638
711.168096,480.1975538
424.8770666,797.325759
499.8759824,671.0124893
483.9700863,369.1554087
604.2905442,788.330164
674.2658358,349.7709961
450.4738654,493.1205234
557.2312272,405.8824243
745.2483989,619.4146125
769.742619,596.7385834
760.8144731,563.6410169
479.9627221,799.4799145
620.1937587,570.5714014
631.828226,703.1335191
554.6965995,777.3126088
657.7683822,504.4272076
616.7617578,526.5943045
926.9481393,884.876221
693.4036207,241.1711954
412.1720793,387.6010607
469.9375702,624.4145727
788.4133061,318.1020673
487.1527036,402.1680416
608.8053492,640.0899305
539.6582051,287.5300655
826.2315755,494.4616994
952.0210035,897.7735329
756.4465087,558.2750801
718.5137719,465.8557876
511.00208,187.8350759
296.5852793,296.8121569
440.9763185,645.6862637
799.5608711,508.709694
834.326945,505.1740582
589.7015854,819.9553202
792.500817,437.4010219
767.1018232,667.4974339
331.1333093,264.4584949
883.9738015,444.5718528
223.797663,712.4567505
516.4605786,368.6381397
431.2251185,535.2385485
899.9607431,844.7504659
738.9330948,516.0605045
262.7346753,517.7349374
736.1840186,528.6939062
704.600622,505.3962016
593.7483039,506.2897478
946.8012821,523.0392582
682.681732,632.4360547
304.9492675,654.781585
668.7915775,322.8868
443.565371,569.3638206
167.8447755,744.4476535
652.3443842,491.680603
498.1193468,223.7998005
696.1451767,201.6912273
477.467179,404.4199595
556.2526586,363.2721193
536.2831907,549.6660004
604.8646491,245.5290459
691.7913241,251.3762725
434.8666842,583.5949748
426.7096692,352.7285201
447.7487882,422.3541302
569.3467843,435.583905
362.6497722,667.1274038
831.0288265,740.9325354
571.7790789,572.7162592
480.7649529,330.3863955
430.1788222,372.9765171
464.4884795,386.3080867
582.4007168,503.6980751
525.4685566,448.5324695
808.9742265,681.6726343
656.87796,475.1227519
602.5602297,344.1541451
625.5183,448.6538001
346.3401316,575.326235
532.9289396,419.2768427
519.4737793,379.621617
785.151366,632.3242518
376.5511323,453.2484614
900.5435069,855.8663476
907.0029701,548.3274988
508.9186407,341.6178202
560.7477641,452.4215039
693.1074825,577.5546682
395.2311674,461.9555541
690.1396882,624.1532951
544.2566174,545.636622
221.2791396,699.8279663
264.4941872,427.5792007
499.4095586,197.2938666
510.3089984,505.1719897
660.1560793,497.4366698
587.0885039,535.5554455
871.5370284,431.2840767
217.1759739,798.7696282
546.1226569,467.4193786
796.7618043,324.6649081
337.8111761,516.3525169
481.4586936,250.6816983
436.3511656,580.9268724
377.2055038,507.613373
676.9129534,335.2891158
699.3307752,272.5963139
623.8844911,440.5011464
521.1540134,547.4740896
613.539202,729.8926447
628.8373914,823.4902456
719.7131258,210.1883369
603.3545208,373.4006204
594.5512838,316.82748
385.2063901,949.0105729
558.1144886,361.3222011
480.9123629,644.9126064
580.354879,599.5018573
602.5139993,503.4032629
587.9437364,739.1642892
668.2462505,503.0386235
400.5390501,424.8914371
520.5125553,596.7764848
683.8038456,615.7542822
332.1271432,718.4180366
422.4672281,322.9345424
917.2990627,858.2086105
616.5777051,626.9443997
619.8324245,721.136535
42.02698906,550.5548664
829.1463232,464.2257333
529.7629658,376.0730061
665.6674597,952.0265161
365.9400109,609.3459931
745.0895886,690.1565808
301.7342619,342.2063162
698.0857301,363.2381877
527.2977437,622.5521161
875.4517071,435.4182377
589.8415949,237.3025743
619.5924189,626.8242182
711.2796572,416.2340718
650.5722286,306.5159697
201.1326749,718.7831775
482.4547147,281.1201467
676.4747084,26.53662699
813.9167153,317.8882815
931.7086277,608.7898825
448.3441208,265.7073828
349.0189334,422.0923094
612.1029134,559.8701999
540.0023115,398.2073414
567.6683329,652.0746618
640.0445496,500.4503146
532.728528,437.0780866
464.47648,410.1636989
904.6301489,510.7277053
212.4627196,571.9501027
500.8734416,342.839943
306.3353707,713.1241209
607.4414624,660.2403532
790.4120446,638.7119395
606.6983453,590.7679577
488.5079017,584.6134245
936.0078607,852.9550617
465.1378774,611.7092335
651.9844881,572.5625432
466.6979813,399.6613651
423.1994092,446.0682701
766.3683238,490.0683085
521.8076658,575.2570763
723.3352167,266.0945876
553.2879354,689.0527589
568.8183255,693.9478528
638.8780483,711.277857
699.770743,794.9952593
568.9509346,374.7660124
476.2702969,491.3301297
855.8529364,406.1846121
151.7796946,722.1354698
583.5341857,526.0996844
878.2146704,429.8910421
621.2508561,652.0362171
606.0988331,653.6239614
739.6356292,527.0508559
407.6823818,602.7471522
440.7768206,779.194225
523.2068471,603.956885
585.8783638,643.0506094
696.0741682,505.7738787
669.4576938,475.7963486
894.8394748,414.8400134
909.8209276,722.6705612
583.9736741,727.8782898
523.7205649,316.773156
379.6926876,751.0707104
225.1842756,680.7869024
927.9655828,694.0330371
269.9887143,300.5549761
611.4537103,530.8373642
454.3559161,318.8945082
500.6600267,517.2627991
780.2643208,186.4481424
674.0998348,177.4526937
517.1820486,565.9809188
403.6000692,884.8572285
738.9013807,885.5187695
204.7203251,683.6890368
764.7655249,459.2592032
720.1897514,504.9680448
478.560994,769.1977521
575.6749418,504.0556106
520.0001109,617.9974456
706.2455465,135.4241778
656.6120079,851.904143
380.7083484,825.5317834
592.7129735,245.9690703
547.5230667,560.7021093
975.2746578,910.0300096
567.5475886,377.042397
562.218613,588.7117107
696.312466,509.2789887
616.1111016,548.3858344
630.8301227,862.2983302
488.0725778,409.2067398
591.0210246,639.0266426
622.3868117,631.9474521
560.2910029,393.6794359
690.9005124,242.7179877
838.0401784,357.1956454
737.2026904,404.7694718
589.2172448,706.1509876
472.5768979,331.2136665
778.2348419,396.8451879
731.5016245,163.3189466
468.870286,904.9655919
576.8478698,954.4686307
485.5801508,273.3285388
668.2330225,575.7460759
913.625678,596.3035735
730.8200631,295.0317713
779.6228327,415.6000689
573.1977052,453.8143295
578.9175569,467.5353813
854.0976491,525.8338311
650.2418595,572.1842183
269.4949808,630.2011444
518.9380699,470.608699
712.7181029,188.4952588
561.9415152,420.7871544
428.6135799,598.2782091
765.4916838,302.5619972
314.2827909,437.5154993
520.7725002,454.7366465
812.5390912,557.5769749
712.6977292,477.656277
654.2229775,475.90414
446.5458239,225.5669185
415.7016644,428.1718755
736.6167957,488.0010922
685.3697919,545.5103396
846.3486931,238.8648281
584.2925681,210.6852553
932.4596845,858.6787847
359.07529,996.744676
153.4468355,434.4885869
614.4476309,646.9850043
701.5101059,793.9962618
391.4804973,320.8131693
421.0675374,410.4142579
677.2650146,180.430025
192.5906113,659.5667565
748.7164434,535.0536588
603.954018,264.2594183
721.088413,632.02641
793.6141069,603.6068713
360.4822763,614.6779566
573.6858659,748.8500706
328.8290996,829.6860443
494.180699,576.0864158
725.3818484,343.685914
484.1650449,378.7693779
387.0638157,488.90613
726.0821806,307.3887892
549.5214456,760.8300173
479.3205149,211.2812105
634.7170421,473.1794361
532.536101,411.7607619
537.2415653,472.3426166
836.4568993,721.7549302
401.7751966,455.0168539
520.6883986,590.0613487
789.2878937,330.2118484
861.1354868,611.9994072
805.3636259,315.1957541
357.3328112,989.2832117
580.5501523,466.2636355
521.0545866,355.6786686
395.7426081,921.4130818
769.018872,459.6256186
674.9764597,420.1127637
692.889124,487.5570352
807.8971749,206.7207523
817.4232002,322.017616
669.8324358,649.5726864
751.0914518,560.7282893
435.4609981,867.7187791
658.5116042,626.8437958
508.1702055,292.3204186
762.0776448,523.4746233
913.3204165,452.1654707
871.6985352,721.4314725
659.3891429,504.2693964
748.3587794,430.6650965
512.9071143,201.1978609
469.3143586,451.5715631
331.8341059,357.8389879
173.6197411,763.0865736
688.540994,557.0887275
428.9551247,224.1710215
931.145953,443.1397259
588.1308452,563.0174609
600.1494623,532.2635781
862.0510465,715.2873862
599.2362395,289.0195251
851.8262321,455.8368956
342.9287142,542.3854977
494.8080453,571.6806557
599.5258163,510.8606529
791.5247502,150.3454975
615.0063806,596.4139348
536.2743971,465.084157
397.9684988,921.8742299
471.9144069,661.9382917
686.1394248,531.4027099
426.3152427,882.8026947
464.1074008,674.612123
694.9550508,138.7403238
657.322482,531.9881972
796.0540267,656.536501
771.2666644,769.0931366
383.2241304,668.5679092
620.1505844,404.7997052
453.5747931,687.0294823
824.8820552,411.6979967
578.6185423,586.2709333
426.675693,362.9357075
425.6193148,482.1223995
613.2224802,235.4973877
423.1892673,760.4462182
776.2786037,427.6914842
708.2362404,418.3626742
566.5125728,503.6475746
656.196863,538.8715915
601.8702941,560.8405519
903.8920803,433.0612655
502.1327782,409.3012218
384.2667414,438.4797921
265.0300015,706.305017
497.1608374,648.4603189
503.3404015,958.275615
580.0563588,484.3841166
467.7071105,321.5283657
785.7930638,553.3564805
516.2157192,734.1135778
581.9522399,529.3882505
675.6916378,562.9105889
761.3763238,361.9917653
712.0181452,912.5737101
570.1793511,593.8488181
484.1491355,273.8417543
944.4708712,908.6992805
605.4083582,641.8201708
688.0774915,385.8747484
488.6626522,201.7885718
648.5036502,520.6056056
964.3113553,562.6878814
645.0250443,474.6439276
790.606464,540.6152874
578.2316211,404.4882824
555.6456561,566.9879604
872.7276786,457.8397171
832.9433735,741.2979897
260.5050544,711.0264831
335.1482538,419.3674593
570.1531049,540.5401114
464.0857986,691.1140413
507.7362,446.9922796
738.0199619,450.1762093
717.2632888,466.0008327
293.9787893,318.1136843
873.3919972,693.5505772
594.4822828,619.4098905
534.0897782,643.4866431
549.8568633,296.7718735
531.6557609,175.7221608
486.9870322,423.9722541
550.3051005,252.0766133
967.9356334,907.0088012
467.6034591,407.9974667
572.1812654,599.9055055
852.6195195,582.3848659
555.3641989,449.2583635
498.666097,720.1607924
632.7905106,450.5736729
502.3929628,410.0939135
508.6557746,419.6083444
764.535017,477.0047233
667.7139716,893.094544
468.6191048,646.3269109
901.8509315,444.5760734
709.8240436,457.0751276
498.3420647,456.8683621
782.1927399,588.5360352
776.3244446,437.5874786
483.6550124,454.4813028
685.2345313,154.2071818
765.06024,298.6739031
448.3188484,431.5514552
604.4498488,555.9566988
664.1731061,634.0800662
776.4319909,499.3997511
539.7357451,512.6419995
548.751633,254.9519409
474.1429941,448.1288839
606.1180084,851.9802592
829.1817825,608.8995752
238.1635144,524.6142364
552.2706567,470.3049233
386.074491,334.8166641
807.9562588,379.1800674
574.0622557,462.2253564
578.3676757,744.6371189
778.0331569,546.6539852
469.2289836,487.9016583
468.1491007,536.7319571
647.455721,578.7994818
489.2498502,357.7150038
471.4096626,199.6483315
623.4838476,743.9579853
514.1730124,436.8792608
967.0604615,912.3388006
617.3320427,728.8294404
452.7209088,757.6426609
374.9773361,536.3778691
520.8185209,576.6012193
521.7698246,586.2581463
595.0653312,336.6441653
673.6874014,435.2248024
513.132289,337.8310821
584.4070804,592.7360536
588.3700119,367.7086142
665.5007696,502.9463145
708.0771005,322.2893405
445.447335,547.0659492
570.101077,629.0834908
595.3067599,314.18094
713.9075247,199.6496896
605.6756437,276.8052331
706.1338655,261.7895358
423.1571038,549.8737479
422.0189459,550.2047691
644.4480631,569.6508812
379.7072938,660.874774
794.4008178,471.004909
702.4032096,338.2686619
610.8469625,526.6154699
651.821663,639.8189582
527.6150946,486.0847921
540.1705447,455.2171214
597.8267964,276.5059496
680.20093,445.4210414
502.5207481,212.0598615
463.6345503,635.4465655
623.8927155,488.5075381
571.3908843,318.1367929
556.9899332,390.0744324
575.4431157,941.9731911
775.7002442,625.6310542
459.3664622,900.4733731
809.7524883,432.4375006
703.0184065,378.9227179
479.5900924,749.0412911
554.2114948,337.6599615
520.3013875,604.8736861
866.7844049,729.9733158
596.0043357,386.0535997
791.185138,345.222155
678.177024,403.9270737
490.2821246,406.9493686
646.4399105,519.8453621
577.767744,383.3626603
430.906689,675.1294337
524.2009656,403.400695
783.1691213,311.7249519
639.1973766,566.4970177
566.1867728,353.9935381
742.3896041,742.4732268
914.0439538,855.8871787
583.3642597,636.8255385
577.6920766,611.2477302
471.2616833,517.4673499
774.8188404,306.0897143
213.7789529,781.8651273
869.0893486,724.3785496
538.4835993,489.3829485
481.5034859,491.4110933
720.6868706,454.0137821
132.5100496,493.1889925
411.9722519,715.6935626
709.6963931,209.1821102
654.6176288,469.9783943
726.2579041,393.1121679
215.6256374,527.9894284
742.0948291,444.0008031
596.9009299,526.6230753
614.2864537,553.3625606
598.6180764,317.3734362
757.5433498,563.8859137
546.1861151,423.4966684
481.3912805,656.8921143
142.4825893,528.8759752
716.4251343,474.6584279
629.9972413,448.9739147
645.6126918,638.5134062
592.9237368,617.717071
741.9902939,622.0128041
723.9001384,447.2156766
593.2799626,401.4940062
641.1455703,478.1028412
578.6959925,341.9206556
443.4060214,267.5271742
486.5107362,675.5329357
706.6623842,516.7607409
381.4576824,853.6049021
494.3404081,234.0890171
615.2487532,284.5177787
573.6937757,213.8255587
620.332435,626.349907
442.0738487,507.3812841
746.5969156,313.5076567
429.5653331,744.4031287
466.8057674,536.4396731
385.8002396,536.7545015
961.5613803,550.1291961
623.5810123,599.0568392
408.2202185,364.3588501
585.7243773,606.1027667
454.5527175,363.9216672
662.6593524,326.9613299
765.9707513,314.5398336
559.1440813,432.9843553
569.5383873,574.7206895
691.3683444,526.9870043
472.7859684,495.4281652
428.3252616,364.9568946
667.6940922,677.6530134
432.0606364,896.7903729
817.5222825,659.442062
473.7214076,502.6926423
623.5294188,553.8405909
528.1204831,627.4345066
555.7519441,669.916607
440.6759856,624.2836727
538.275083,509.6595074
681.901373,570.6048942
914.4664991,510.166016
217.141009,454.5784592
643.6458622,583.5325022
262.1909362,520.3076594
551.3454793,435.3204127
643.8634717,576.2207214
758.1766434,918.131139
777.6692011,654.6489927
606.6667361,503.2199194
681.654656,615.4880319
622.4691606,459.0977565
328.6555633,636.7051064
552.3415303,357.9553248
592.8945994,536.3612585
440.3800421,632.4156206
466.7238679,266.3354309
654.0064317,484.7815593
422.1134891,870.9033983
739.4468575,318.9768718
328.0467032,597.4338261
510.0709553,218.9715042
884.9712007,450.1831043
471.293742,441.939646
581.9842387,301.5278981
807.1008315,733.4107088
658.9514522,482.0422716
428.726834,750.7354477
520.9993228,582.4717216
912.480674,934.7292526
525.0985036,576.6702316
404.4507626,285.2690587
535.8829217,370.2154162
591.8858897,819.8408846
268.2957467,717.3966827
914.3722556,587.1142716
750.1638176,280.6538587
492.8532003,678.9141242
782.9351978,262.4692753
334.4662879,416.9230881
643.5250729,765.2460989
951.8214757,538.6225995
563.4221166,370.1585222
749.5783123,439.1474968
561.5731551,568.4905623
512.6637979,565.8608209
787.2778598,889.3000751
705.0534732,849.06726
592.7418563,460.1784489
644.7577739,594.732189
548.781864,457.394511
866.6686191,638.6647821
805.8594567,164.2849527
275.2287046,716.907892
392.6709227,235.5067273
584.0553788,290.3259547
494.4283598,364.0535283
720.9089892,295.9838203
551.9278686,712.4091543
537.6235579,674.6029715
625.5622234,626.2884582
541.9066567,478.7702952
539.1355139,413.259958
826.8875799,407.6575447
776.2282985,306.8015885
506.048146,219.1053084
535.5666494,493.1435693
648.8648196,571.0603801
723.7219881,507.8021071
463.0625726,460.59315
503.3844447,584.8893904
551.2373487,667.4752028
519.2856668,542.3430205
468.8781209,385.7593725
630.9875547,432.6101882
539.3175892,528.7495256
399.7851919,348.8583111
560.7692763,448.9185878
439.3718268,872.0456231
626.570229,565.5756826
629.4883623,427.4117992
426.1344108,510.2468543
615.330398,591.4430797
715.7409063,156.9525915
287.9417814,636.4039216
640.8096433,890.2572641
282.6412692,592.114399
263.763519,429.4563874
928.7680683,860.6741053
383.4657988,589.9990224
806.5580212,687.3957306
429.4746849,591.6830873
370.8200002,431.2219175
562.5930554,524.7523656
436.6617303,641.7847557
745.9367316,501.4014025
718.8075432,463.3191284
906.1978031,735.4081815
442.9759408,237.5320723
494.8121051,510.2221369
782.5016417,293.7732722
595.3403466,555.4219208
571.8597799,983.8240466
540.5582748,554.8568676
764.7272642,308.7986851
882.4677479,554.4038682
267.449113,723.3713826
448.0917262,514.4668472
668.9435416,577.6715692
669.5920856,551.6343052
419.6220507,576.7913533
506.418169,685.4636348
186.7458506,657.6869371
490.5415452,711.9695478
839.8989223,619.913662
402.9458775,278.8571133
581.4054298,333.9097667
476.5482186,772.7159207
706.1041738,541.7539603
616.7168008,970.0475843
138.479884,707.8306857
276.5345263,676.7679501
361.4181799,717.8688418
692.8399723,625.2922814
722.1522066,518.0420978
214.4918389,802.5505996
469.098382,541.0373013
654.0443478,415.642358
758.3954813,365.5194615
470.0751229,698.3389663
936.504111,601.8992172
659.1033713,360.500655
574.1741614,521.8657553
557.3071792,242.9362867
907.544537,454.7259907
668.6301306,527.5271938
782.5040386,315.6342533
971.8014451,578.9097386
140.4703382,694.9676188
586.8044251,556.4063135
482.6529691,763.8050503
551.3330304,682.0483475
448.5954668,218.6670599
610.6545954,557.5351036
766.8803937,476.9188914
920.1011107,732.7157168
747.2974725,321.7043127
420.9342991,583.1452556
525.5022632,185.2941961
548.1042875,553.4171353
393.0145947,311.7670321
599.84483,314.4164137
586.8172935,605.6111345
459.4510132,890.8111181
770.3518237,299.1763583
778.897243,563.7974491
564.5158567,413.7888649
940.1405833,485.0624562
573.4971092,803.2144389
868.515783,599.384016
721.2667131,296.4510067
594.0350193,386.0874895
429.530503,385.6227686
568.797802,653.887412
302.8013813,413.3123807
650.3047334,385.3769943
578.6144376,963.6381043
379.8223305,321.8986882
494.215649,235.6876471
939.7686128,593.2168628
634.5814369,603.8001812
648.0308297,569.1391073
636.194917,839.9264946
470.0010883,921.3675332
726.7680565,208.2956678
431.9139006,422.6692721
673.535647,550.81161
682.0738606,328.7099987
752.5787795,357.3103736
525.974065,769.7222086
480.6924614,603.682319
672.841352,565.3477099
644.5337377,469.9743827
439.7673918,518.6221528
671.6941908,852.4256325
959.3364334,917.2309067
392.3241947,728.2953101
758.6805639,269.8618735
777.397751,685.8197913
434.1068337,871.566381
553.8525425,307.2447052
685.3625263,328.6932418
725.4987277,454.7456309
790.4565372,569.2049647
845.0395307,410.9205576
679.1809398,418.0455265
454.4680316,513.1188598
628.8464398,572.8539497
712.0727498,403.0862844
727.7697552,731.6513007
656.2590778,607.0357396
294.774129,575.0499974
201.3212368,512.0157483
555.3298182,198.7938985
863.7161201,743.1876292
390.1962777,704.1079246
246.3741902,449.839505
537.1776877,480.9327874
463.6105362,264.6612488
526.2314632,738.7307001
606.8089328,959.9905819
564.5990445,572.5998178
609.4107788,876.0258174
315.568898,846.7075299
656.2358578,389.3239882
477.0960624,515.0939133
438.0647766,654.9834196
769.4899098,287.1827679
354.0190079,458.129452
778.0119443,544.5002266
482.0308511,701.8453926
418.3935294,691.4191333
974.5284697,912.4547405
797.5155876,449.6777239
366.3047907,337.2479557
439.7450706,481.530435
814.1787875,373.6972922
537.9978504,410.7664446
538.728953,473.7154259
476.1952137,606.5717291
299.970136,416.7751597
476.2035879,518.0193235
182.5486211,746.4431621
540.0954015,535.3372928
884.3544758,543.5260719
734.3312669,574.297213
665.4195293,507.5357106
310.8082898,567.2475873
434.0424318,347.4300286
769.9650373,479.7528074
505.276266,406.1317297
706.4931923,395.1329581
503.8715268,553.5946286
748.6602807,770.2125663
568.9830082,386.7634472
459.8634315,919.1518243
720.9664402,449.7750057
597.1965289,577.5028305
314.0624699,548.8927191
201.9892407,368.2825891
967.886257,912.392853
331.4990329,577.1715795
767.642701,357.9586678
579.8997357,703.1920846
660.7968633,571.4023705
959.8692965,900.6131738
331.4257474,402.7368348
631.0789369,553.5169244
659.96939,396.4881539
985.1554258,930.3695008
689.9069182,194.498834
606.2337342,668.0651406
526.7425144,373.2031527
403.8280454,435.0645048
762.4170173,301.0599804
230.5806642,521.2398175
679.5611197,547.650768
755.2428254,493.621516
614.9583675,285.2062309
611.1080309,488.0947802
560.2998415,451.0967086
719.0118798,512.1783442
441.6987322,793.3169611
457.2851052,329.8016395
413.7057722,444.3687437
870.3645798,449.0635702
467.7434536,216.5953305
623.6823117,470.5582612
870.9649159,722.6453006
504.6242165,309.4885163
509.788824,420.6984391
740.9626935,350.9374578
420.0822724,910.6976516
626.0483168,824.4939651
860.344057,621.2125907
489.8798781,768.1683959
659.188177,565.061882
543.9423375,484.8185205
468.6062664,441.1577147
578.9442225,348.1936779
428.4866935,595.448451
467.9694223,616.5082784
581.9331096,764.4795455
775.8879223,475.4618172
527.060869,754.6541723
631.2254181,571.1514563
628.6214298,647.11674
820.9930833,247.8788097
582.6395389,267.3402369
356.9394633,306.7124972
544.360883,301.1314791
881.4962352,649.32967
329.6234656,529.1911798
924.8708871,727.7083811
461.527097,605.6752786
530.1279403,343.1089304
699.2553025,535.0309263
524.8682505,594.2404315
937.324858,863.7697167
869.2431554,437.3192434
689.21902,471.4803067
488.0977304,728.8773291
732.9200561,486.8311621
280.6216027,373.5700695
469.1060072,400.5631226
473.0832003,541.8475438
490.5551027,384.7529577
947.9132687,635.5055071
567.5353494,457.9876037
293.9574718,660.4899093
766.8193024,363.5153446
497.3947159,412.9856427
618.4699608,482.8835414
546.8898929,761.6252162
657.5364063,543.6680247
665.7835001,322.841335
540.1257224,465.8778306
343.4437053,274.8592637
492.683499,614.074208
550.4702176,324.703311
660.4167433,542.1267901
574.3325373,385.0895367
780.0325695,457.898784
683.3840567,469.2364329
719.4142161,492.6593753
452.4378037,882.5927534
207.353316,705.0946574
759.0141239,531.5809762
429.3371322,461.5579025
497.5620202,716.3909365
634.5623665,462.4312026
320.0212486,590.7173319
599.4444112,566.7678228
401.5092595,417.7015511
564.4217331,480.1897186
776.9106689,771.1451004
651.8127345,541.7822506
450.0500318,285.6480313
775.9977008,779.0627401
701.9895628,562.2524536
498.8928147,542.8307665
289.318297,700.1017384
498.1042163,383.3892582
582.60378,592.7843602
482.8550287,341.6699712
664.7138041,492.207525
735.1308312,569.506045
733.0043824,797.0573984
541.5655314,315.5571341
653.5074848,625.110108
531.2732889,468.546936
605.0163436,570.8907638
572.4382442,382.2255545
353.0202155,340.1569851
386.9473558,773.7850798
429.9257684,456.4917923
758.4487677,525.3465448
539.3338882,464.1761731
928.648867,855.5471732
459.9509937,796.2920986
383.2337929,744.8533702
556.8401263,553.080828
562.8709172,172.6789303
411.0221766,463.1458975
201.5116713,754.092086
807.2120481,645.1912049
705.4631051,276.6992177
489.8764325,514.5733641
599.8554364,673.099492
494.2443969,251.1030436
354.5272877,393.8931799
377.5836014,617.5281489
442.3045812,451.5601341
343.3509449,588.4265933
775.0551308,303.0928263
466.145913,342.6346401
271.6796146,707.17815
426.1957717,381.8057135
244.538172,625.3186912
531.5618469,567.5203983
727.4760139,448.1775248
407.8697903,574.0848688
692.5582605,515.5910615
701.5936532,412.704913
406.0775156,862.3104069
553.8448275,337.7089784
519.3044826,565.5090104
768.9409425,205.0875848
300.5133508,415.0980106
690.7188866,45.73512607
445.178896,350.1030411
773.3273031,417.8819486
633.2369651,394.1885771
635.479694,592.4765938
738.9657977,261.1255294
486.8701529,278.1370904
590.8001493,384.4367712
894.3737552,847.1559745
835.6241977,571.8896777
418.7283028,397.5297539
710.4949687,506.9310635
814.4396013,441.7703223
470.0895793,970.7064299
567.3770185,481.5128424
151.5913424,665.0379356
692.8880154,194.276419
733.6678022,582.5364925
563.4316893,568.5188317
378.9864381,337.7261323
604.0456998,289.8874764
267.3161744,751.4251745
831.750701,473.8020727
529.9344048,574.3613362
874.4865013,326.2488289
619.2701393,530.1580843
596.6236524,682.8758065
818.8645971,549.111018
189.3587673,520.4252082
493.9747445,433.070229
984.2675952,684.6209859
736.8530112,560.2410239
614.425879,688.3096274
214.9096953,521.4584716
621.1037906,573.6515514
488.1504175,334.844244
509.4254823,396.6134961
359.9939808,485.76754
621.8481511,530.2357676
872.0186426,331.3731075
575.5110231,370.9556852
297.9343952,622.3634029
198.684291,737.7813881
568.5891959,207.6426097
959.5591663,590.9513012
656.7024912,502.394508
646.5801896,311.5570698
911.2980684,855.1701646
651.1756208,302.9808979
645.8736404,305.2297445
378.8434474,243.3884922
612.1097896,260.4501985
386.9717744,661.9838193
779.9565126,543.8312683
578.4635821,386.8578665
470.8594968,661.0761489
483.0332839,198.6528233
565.2641421,482.5910066
500.4332041,494.611174
302.7292044,855.616687
960.5253158,547.8225363
829.7710479,508.706539
447.1399581,579.5178958
690.223595,380.94706
714.8724308,408.1277816
454.0025067,512.0797461
726.7622589,569.1918225
435.7130782,769.0105642
571.8863556,383.7430328
598.5495248,689.4938698
524.7952196,471.713294
810.5190502,570.4035611
481.3792061,584.1644784
601.8857092,777.7406192
588.0829969,508.0175018
414.2367178,446.8425543
217.1070927,411.7414977
652.5550126,499.5378386
551.9486917,276.2119523
470.5006044,783.2437868
810.6143124,376.7232853
676.4536006,374.3581436
559.7653455,711.6006878
774.0924268,523.1002265
521.578686,407.8141441
326.3599525,320.3045295
646.3799877,655.6360598
466.5904949,242.9677946
747.9169989,356.6100118
575.5621223,482.8771479
395.9665994,479.4072859
602.4005805,345.138893
396.2900923,604.4463234
564.7647609,484.8852137
581.0177745,470.5192733
560.4095301,422.2807301
666.1344977,627.2017492
573.1034017,795.9973491
464.7325898,377.9013013
942.185702,477.670067
563.7421341,523.0278293
946.2139043,987.5181622
405.6176235,988.1604809
669.1341259,537.1284805
485.3369243,411.2769231
533.1088877,982.4026382
767.7502773,286.5998296
466.9625103,476.9965747
584.1174288,284.0735128
686.8097208,620.0180686
591.4642133,787.5116893
764.9196162,555.2247456
550.7627905,678.6240132
471.4837721,742.6974387
543.9239712,415.8897203
522.7411574,611.8491178
820.6171879,561.5748453
627.8117835,446.2066083
545.0515527,540.3879833
700.6649703,760.6508525
797.2649757,254.292949
779.8898485,677.4298671
697.615756,541.5673991
341.5916727,978.8240028
491.6992228,614.5431077
524.5077851,541.9178934
420.1859238,483.2666092
485.3574029,226.5446252
742.5545864,700.4527341
794.3635159,964.0362574
463.1777591,626.7096364
384.9151056,439.4896126
488.395142,334.8491541
379.8826877,297.8624279
954.1840202,447.1373664
552.2863415,390.3296508
464.5220812,537.2315916
356.4675266,697.039787
595.8518173,577.6884306
471.7674763,321.1464053
614.1712372,548.2151525
564.4284893,573.3346962
529.6298174,542.787955
449.2338089,412.7159867
978.6254933,978.1902297
827.5876874,577.5980647
442.612689,245.5589868
360.5147245,379.4764466
574.4239195,505.0601449
664.0547886,506.3103282
492.3132813,791.5776319
578.5244786,431.296425
684.3406935,736.1319652
467.5960736,500.3487287
457.6770599,769.6489548
596.9462315,173.9231379
525.0530073,548.7922615
615.3121215,855.9640681
385.8195646,358.9789144
562.5001601,703.4613018
391.5841636,587.7132982
197.7673081,769.3566289
664.7311966,571.1084568
460.1132196,533.8179132
668.8901654,857.1196023
735.5251979,583.5382062
425.5096412,478.8552495
502.6513347,273.4305007
686.2491134,559.2884107
511.5718705,562.1952881
519.3531399,380.9003622
502.4226845,209.4930315
471.4971948,394.6236497
634.0045456,908.0748888
656.8451823,484.164961
674.6800069,392.0016809
687.9260667,531.6722405
674.5536897,352.9704291
612.5347618,800.3329476
815.6224016,525.3795153
537.8752634,463.3093918
618.8687767,560.5287322
628.5944796,483.9500469
453.9109897,474.7772094
630.1420746,465.6958034
592.848399,629.0219166
209.3534028,705.8964379
490.20424,434.5257152
565.4912194,505.2662209
577.3517153,393.3900561
810.3408698,249.0456892
505.1324664,342.5097994
979.6048409,579.8783147
213.6046376,516.367853
748.5829504,350.4496492
807.6338594,433.7059242
488.0221978,627.5088887
436.8971518,260.202293
886.0677872,491.4364793
456.0241656,502.988332
824.0848878,381.6004524
702.696921,547.5518147
415.5194842,825.6858128
667.5266231,484.5768205
617.944678,594.3761161
923.1779044,875.530278
448.7618124,536.7157017
867.9064135,416.4948896
776.7992575,633.5575738
610.3635206,551.7682139
538.8670899,536.1946927
599.9950714,554.6485769
478.7197144,608.1184379
384.0279492,301.5494605
500.7456863,426.3281816
741.4834972,440.56224
629.6277726,556.6011695
603.4283756,513.2949531
851.7800466,627.7446758
752.5266317,635.9811346
451.7873722,800.561192
781.5896323,693.1661305
169.4429453,481.9204395
702.6594243,207.0555971
864.3212651,466.4875758
540.1849411,685.7694998
574.260645,945.0671937
436.5107249,364.6657807
628.2530697,526.7044568
663.6494111,161.4296414
376.7701051,739.2487421
282.7947164,605.494108
400.5544952,311.8775188
784.4719019,869.1717999
649.8354034,588.0690787
480.9117337,846.9777291
409.477368,921.8431607
390.0729267,592.9521587
868.9317818,182.9611265
841.3130094,830.3903131
516.5408151,547.3358768
603.4896616,545.1516341
360.6435584,707.8920927
806.6699869,684.7313681
828.5681285,880.1637392
670.8083527,555.3333727
487.2891927,728.997406
562.6337729,647.6367043
522.201553,187.3068377
490.0962142,215.4085809
712.1667686,457.5963038
843.0042992,164.9160305
856.0962527,662.0483187
283.5593457,333.1188301
453.3535283,406.1094987
798.0608547,327.7673937
410.8014062,984.6306535
728.1535904,720.2243305
420.1131776,951.958841
264.9428738,708.5071449
235.3543955,527.4386875
690.615325,436.9756023
696.013781,502.81157
569.6167663,395.285128
908.1097584,853.2180107
974.6969126,905.2281022
928.443272,861.5745674
498.8908523,534.283637
785.8597279,557.1906476
706.6087983,539.2982229
101.4980764,626.7932327
406.4409771,671.292634
561.7300928,436.6340506
466.0487932,237.3853975
718.113368,207.5178317
655.3137814,632.8995012
730.2910351,307.1184855
671.0228312,565.2867834
457.4390168,493.7619854
463.6397486,251.6366725
577.1878566,705.4347047
730.862084,508.0072011
428.9794833,368.6547294
628.0561186,696.8417342
761.9101906,366.0122637
630.7506651,466.6724863
694.6202174,629.4964786
472.3888753,387.0964534
442.5183706,751.3598812
592.8982247,255.5026191
423.8040598,479.050419
532.6178506,321.4846348
515.6034285,764.5333053
190.385349,728.7729643
208.1165671,703.4311729
650.6137551,465.1458983
764.704164,314.4725136
637.1906984,641.6011824
749.4834247,527.7456599
208.8120157,756.454198
853.4952157,722.7676758
598.7902644,760.5136426
766.3354711,287.8199258
786.858805,472.0556814
648.4537045,879.5871944
859.590049,680.7937138
706.1418053,274.2538019
355.1717719,405.1964585
467.1111337,407.0963986
507.421201,945.4753759
566.8975016,650.4683847
462.1931384,650.0579042
771.3586608,487.8544383
817.729765,447.9575962
477.5670403,662.3888257
775.4883274,546.4884642
739.7361197,490.8633193
821.757443,410.0108395
719.3127819,192.2602046
437.2156263,336.6551137
550.704156,476.87842
541.1474354,177.8020806
779.4578504,426.6568627
609.6166884,876.0801623
674.9330307,175.0472896
979.9632838,603.9491543
477.0177434,680.561604
493.5057591,557.683429
858.9871961,744.6289076
644.9860946,855.3355185
668.4907203,411.3024135
595.096461,257.9898018
841.694238,460.2365965
574.4518285,243.334398
727.0855272,551.2668033
809.6698548,604.2410831
610.928008,495.6375633
457.7716181,622.0699488
552.5699409,655.8246267
638.2156322,478.2163993
447.2620657,530.6614589
562.8238928,556.9733307
675.9044684,304.3793022
253.1131931,806.1889287
687.5342768,430.0105341
579.3789321,772.116727
703.6162858,464.3987761
131.7314433,497.8098965
561.2864097,191.399984
463.1319482,677.2129263
553.4699807,471.6600982
363.621225,297.3460991
599.2882974,324.5422195
706.6404375,464.0664804
732.824674,446.6485967
780.3228803,328.4001847
495.6303503,404.1902317
858.0211214,361.885917
296.0361322,316.6314121
631.6340763,525.284302
602.2788324,832.8976583
561.7599493,453.9334035
538.2694953,817.1333972
550.3259686,434.5505371
700.4009357,207.7625404
749.1105553,369.4163937
603.086696,662.4699983
557.8546935,411.9831142
765.4226228,361.8335989
459.1452573,479.522411
425.0399217,839.6571311
605.9358882,497.8561137
809.8648734,585.4903183
763.099103,377.4276796
790.7997149,526.9588812
694.7436583,557.4180981
167.1470349,747.215336
637.3238617,452.7817556
649.153827,570.1066386
291.2558693,676.2520601
731.0591699,458.5482483
695.8036319,134.5956114
825.7046598,634.6845252
499.0986344,450.6769721
545.6536865,543.2980365
677.1286604,308.6080287
601.3390339,655.4678434
355.5100209,304.2399403
729.0761911,323.9564814
558.2384388,227.8983584
846.3212484,721.8758638
769.1862063,634.0202471
719.8567157,499.9936378
772.1911077,474.7586348
563.902802,293.3263946
690.4969776,486.7564457
658.1816545,295.0546083
160.2447425,535.3203061
564.9772619,478.0852486
571.5452453,569.3367422
813.0163759,481.8165762
457.0997192,621.3523705
789.2208701,467.7233841
821.7507317,411.4004057
801.8910273,173.3124735
727.5238921,445.3623924
570.3796429,318.0161518
582.6432841,700.7812899
544.0131363,423.8370501
518.1793729,583.3565133
749.1120084,316.4989242
397.3911131,482.0168228
759.3148312,528.4041295
634.1325706,314.0111148
722.0291702,342.9246258
266.2920496,717.3381172
376.6423048,467.3032924
782.6508943,279.7789498
604.1963756,575.0976981
773.0445276,691.3927025
715.1907854,479.7027666
373.607412,779.0763211
503.2177845,583.5460205
487.3988363,226.550371
575.5554259,359.2610649
603.2918715,491.6480295
890.7082652,410.1193622
505.2300506,690.2672973
504.1711106,426.3084787
838.1678438,219.5643462
502.4799856,699.7551931
574.663985,981.872227
483.1560057,569.0911768
902.8722849,457.3760826
474.6945531,463.9408666
264.4844797,606.0198808
279.6534607,672.8065394
570.5865112,519.3496765
687.7294452,566.6053732
955.1938535,909.8604978
459.7425524,255.8996231
460.7391427,396.6990982
974.219493,602.265946
569.6251854,483.0099074
704.9732516,906.9467673
837.771245,460.8223555
780.2092667,554.911714
414.8092797,410.9373354
570.3305062,579.0207267
848.4678014,238.205878
390.8614653,390.0667853
389.7183039,791.1396969
423.5380027,423.5157027
281.6550605,391.3918313
530.7098802,611.3079671
752.4826934,550.3078176
628.3247972,458.570354
594.3918593,561.1962279
581.0838094,317.3737705
274.6497758,624.9169861
470.6222776,957.5427842
437.8777427,532.1412447
598.390295,520.5342532
884.1972984,703.7436195
793.6485175,468.9101337
681.9806658,553.2755795
593.9087171,540.5471526
617.3610303,895.2256745
840.9795093,308.0402385
665.4543295,326.7546271
68.26424227,600.4936046
908.8621935,441.5286222
654.5262616,627.3337983
461.2532649,689.2976556
503.6584115,354.9760712
661.2832862,624.2123203
376.3942696,521.0144146
758.8207681,462.6162803
871.8461699,623.3596215
594.8241121,547.0352143
596.5006309,548.90887
571.0200673,487.6605016
964.5971719,596.7757953
564.7622591,405.984449
578.5953073,858.6459187
489.2600371,565.4944891
525.9230408,775.4695626
729.6879725,828.5457626
489.682942,545.4767005
414.7192008,360.7832234
593.9854332,785.6675566
865.3252858,346.0746657
440.1622978,547.7547775
666.7704729,560.7398854
708.0527269,426.3016255
614.4242161,651.8580971
442.312476,567.4031629
651.0716997,852.0549965
487.2612537,994.3561541
493.8334167,387.0687063
628.9963965,576.7994392
416.1529726,547.4678214
616.8727198,833.1399434
447.0348985,638.2753417
548.9997432,834.9156905
500.1818581,440.8933657
700.2426197,237.6626171
299.3056526,402.9620496
603.660786,587.8439892
727.3259523,522.0639126
691.9768449,487.2837019
549.0207611,386.7945791
764.6104448,305.2236226
485.3082662,442.2846243
419.398434,819.8366849
561.1306106,403.1948071
796.7531155,347.9531479
326.8226012,610.8319217
632.2583066,380.9519074
576.7897148,528.606361
774.5278705,310.1495976
627.5865788,559.9147874
505.1089317,230.8348841
742.7187149,354.8479501
507.3674503,679.072416
428.2144495,352.5181191
500.7711834,499.1032465
551.0419556,416.7042878
321.7944678,667.1133632
522.0125567,911.8370975
599.1400186,350.1333581
862.0664018,667.9834039
602.1063747,199.055197
714.3826072,427.9580897
771.6732403,34.28655171
446.3011144,988.3454123
425.7737207,424.5581594
453.2031372,412.5439468
509.2182545,559.3650703
737.723599,893.1145185
634.9569279,323.1847045
460.8578946,409.2154944
644.3489509,547.6763838
716.8083403,296.5009848
466.5402646,757.1605354
686.9339107,356.7819891
476.0776452,506.2878465
560.5529552,447.8067844
863.6119145,811.0620842
513.4699088,503.0478168
856.8069066,262.6193976
530.5226965,468.9551808
219.5463083,705.9513887
580.8935996,386.2739671
719.7373646,357.1733308
531.6557609,175.7221608
585.0901549,599.0354021
570.1808042,335.762842
895.978936,624.2926571
621.4520916,873.1574265
489.6364119,515.665172
741.7366109,744.5075771
508.086014,795.9937762
740.7617126,307.6929409
659.3893677,563.6974721
415.3709807,888.083113
390.334939,584.136397
482.5687777,510.1325441
451.3876125,225.2946717
552.9406231,658.2444685
472.0151521,336.9945342
690.6294818,242.8408436
457.9320163,830.9731052
524.75224,448.1900611
769.8800818,307.5024099
499.1334196,273.5072438
716.6847796,472.2753384
419.6795316,379.8660333
284.7232404,600.59331
429.7822984,456.3209851
467.1278222,519.9148133
604.2802974,574.3776961
555.9214805,680.0133286
770.3385508,618.6778537
420.3540821,709.6005199
722.133286,534.7074896
671.0114759,64.72765362
874.1780789,432.6547339
553.336293,202.1868503
631.3009957,450.7627414
445.7293165,644.9224892
654.8507433,309.9813604
569.138343,481.5270084
447.7185422,641.6989447
468.4538678,820.9010384
580.1628566,726.8438773
558.7689349,461.9784329
760.7200348,178.4465513
740.673761,469.4643012
782.7256479,440.3675721
617.2729439,217.7677261
690.7724275,549.359801
513.6736012,482.1501883
703.4874819,265.4441412
485.0291011,672.8380891
436.8320307,591.6879765
473.5619981,454.8215591
449.9726565,515.8968012
646.4823807,563.306381
703.3380195,468.8152965
712.6679476,725.8215831
759.3823342,69.04396715
612.4295374,528.0414332
488.6608545,699.0860467
583.7409641,966.9546055
393.3438253,340.2064408
831.1235794,724.6228196
593.0080482,529.9348753
594.4862227,564.9408649
213.2258659,573.1136811
719.3980669,467.6068173
701.319192,578.8492091
596.7977729,299.089419
736.0974602,355.8761363
290.5620537,758.2053322
829.3003696,246.9832994
703.1675842,278.2371511
261.2844248,419.9028014
737.216248,528.715197
675.0582243,429.4134715
470.0646065,510.0757546
439.7125176,522.7029927
899.2226446,623.4728035
707.3823111,542.027795
575.6666126,739.8471001
672.7658494,390.5890479
689.226765,431.0698521
957.9520979,882.3388722
462.714751,630.5597037
535.0882561,720.0971079
604.5951915,574.4179585
607.9876883,526.0363552
400.8538393,416.6292162
823.1848031,412.9358527
444.6455086,517.8389051
452.4517807,632.479702
939.8083116,526.7686636
694.1771636,159.7296762
394.5253822,410.4832494
729.9625086,885.3598091
547.2981916,707.0863215
381.4032576,784.3827731
666.87357,432.1384261
715.7193491,402.67992
829.080543,381.154912
425.1742984,952.7801363
801.4958218,593.3599857
646.1078335,854.5468803
639.8942333,569.2012247
496.874871,706.3997706
560.3864748,447.8473603
628.4169884,558.7038845
654.3950906,606.7651643
505.0328598,314.4404625
471.5719034,234.4987663
524.5772056,556.5213342
714.1361599,402.9982795
562.8889689,191.9340517
483.7461699,327.2451102
766.4378192,350.0968357
827.9271798,396.7537774
533.9802394,505.9927
513.026765,599.113169
636.596759,533.2318617
522.1240429,540.8642585
406.0518837,371.7073204
543.2052577,288.3107432
582.7036563,806.1760163
405.5808309,664.9449998
820.1844108,589.069873
603.8681337,343.9957489
379.1663411,735.6045
815.9933983,618.9283082
520.930097,910.1544534
433.1314411,644.5686728
468.7977346,669.5778969
356.2109224,268.7346087
631.7153316,960.2818212
489.6796162,572.5137769
571.3508559,725.7250954
583.6039657,589.8116255
567.2733072,750.198852
354.5219696,577.4197357
267.7618799,726.1853032
524.3888834,570.5307628
699.0802531,364.3241036
606.6225281,591.3111977
890.2762971,680.9151279
712.1080144,779.4027665
726.5624315,489.9801991
486.4704082,348.7078963
416.0048436,349.7324261
715.4178927,165.6350504
564.3269952,533.5066993
583.3140145,840.0029243
794.8748966,504.0995085
494.1873654,790.1412844
551.1191061,332.9109364
571.0455644,407.9199923
627.1181027,554.0672265
514.3671472,197.891159
707.6523081,548.2990204
621.7666262,601.3150044
712.3827153,377.9669079
709.0100079,433.9670764
694.4969414,730.3457696
389.7090458,485.5496589
426.9724455,233.9632361
573.1067724,677.4882028
499.8826937,280.5634928
971.9026546,948.0260758
398.2465104,456.4862346
345.9965944,607.2058573
579.3769846,612.1083686
743.7732205,778.6557906
798.2254625,286.2337067
522.6665686,606.3577343
544.92176,763.3811141
607.1903411,495.5967994
787.0058255,598.0198149
397.8936552,845.5475453
414.7016585,767.5469293
225.0164319,707.7291207
516.3515791,703.1970155
477.9656464,270.4965659
657.8283499,403.895127
328.3475304,706.3596962
741.0853854,651.0221343
480.6825891,661.9504728
447.784652,876.8924523
384.8073045,663.0954347
562.819863,406.0958341
817.0765471,554.6489321
376.7058229,828.162256
615.9644706,558.249903
605.244844,789.6607677
774.379307,422.430936
568.551879,569.0581018
445.7360128,258.3143877
372.2360348,778.5272726
466.6631063,483.0586109
518.0879308,575.8485393
500.0966779,200.2521846
715.8740097,155.4453094
680.037206,465.139066
349.3617665,993.9008563
674.2942092,541.6802468
547.4736754,453.8446882
487.6344376,428.0081096
865.3453899,727.2245005
464.6264217,906.8007611
570.8706349,485.1327222
666.341381,890.9067493
669.0514924,496.0176642
653.8783318,471.3153916
597.8281147,314.8756186
549.4274268,550.8131979
496.6983835,577.3290982
839.0188967,535.0182229
962.6349114,589.9285474
551.0792126,555.0338803
764.556784,368.52805
947.2880646,544.6704906
554.5452945,418.2378543
399.2464264,451.1955783
359.1603204,945.0468431
556.985424,444.7135967
768.8436579,703.2565003
571.1788326,488.5060547
480.1744291,421.6431335
792.7557134,246.753279
779.6284804,455.2127964
554.602311,263.5017657
451.5662572,514.849915
449.421472,319.5521003
680.7932964,562.0008708
815.7460971,438.8857596
768.6623616,483.4378551
408.0869054,718.731298
835.7016928,458.6039722
374.7044778,339.4717923
494.863354,577.3109415
439.5581566,859.9840651
474.138395,346.3589265
531.6392671,337.5240261
962.5273501,575.5377852
230.9102244,766.7426416
773.4418604,417.320113
521.1541632,743.5825647
683.0289844,546.1155926
222.9021774,659.1519092
593.2100777,559.3053974
937.2366217,479.4880824
273.0598154,627.4655758
771.0178951,150.9118043
589.0856694,537.9706279
139.1314991,697.0399332
561.7805477,428.1514205
712.8644193,188.0760656
412.1142838,870.6060998
830.1150944,392.7908415
197.9609785,651.4675075
346.464681,352.0848016
536.9366634,649.4061415
636.0894829,541.7090176
387.5008623,325.2247797
481.5102871,222.3501645
824.7289226,365.6028279
730.0685719,478.4341758
372.384823,575.6829347
618.8349503,560.176838
781.6607457,627.8948816
777.7847022,501.1334598
455.3532705,765.0732441
583.9119986,605.0180208
701.869133,508.6906179
483.4477546,519.4111671
641.7543106,624.0775967
634.1521353,578.3188815
550.0582636,449.2423797
550.5152645,337.6770317
501.3515203,439.0345447
353.0187923,978.4623721
744.6957913,525.825975
656.1835152,505.3119576
481.4710527,413.65855
480.8658628,737.8888661
581.5123769,471.1536732
571.5895582,807.531233
548.3657304,468.4310796
458.3950544,331.5541526
746.8156187,445.5280179
773.4344899,306.276756
544.8921432,764.9898777
650.2456496,497.5522963
360.090007,411.1178582
577.2748045,523.7875713
744.3924773,311.1532336
442.3392016,754.7083709
618.1327455,829.515258
326.523317,338.0089514
783.7415633,952.5238106
718.723142,398.6744233
802.1683498,429.8631489
453.1091034,583.5405463
516.6686454,667.9307514
976.9716553,989.5592612
487.016649,264.8427119
840.9090252,375.9659669
403.6009082,264.2607973
611.5325087,527.9466587
576.8858309,387.6752965
545.9726553,452.1809739
579.7319371,721.1554857
657.0473767,586.4548409
800.41501,422.1140181
686.4913062,357.8276843
441.1742733,387.7662474
699.2351684,233.1622287
465.7621527,782.5968716
330.8665782,513.2751458
536.4760521,543.5279732
690.896992,557.7614257
824.3113359,227.6978192
523.7012398,548.6713279
563.4825937,472.7695197
552.1765181,505.3831638
338.0600502,317.493743
433.7864567,499.2991055
634.3576554,57.56027023
497.0778144,321.3641818
957.4893145,570.1628431
703.5615015,935.6817822
465.1398099,488.8709239
607.0558894,564.2041896
507.8436265,540.8481911
642.3268875,482.7401469
563.7930685,288.9594135
582.7582609,585.3239615
369.9987289,602.7742933
496.260468,973.7095025
602.7825581,543.9526198
593.5890142,410.1272391
578.2420177,479.5313117
400.84942,389.6843025
776.7246986,628.1664181
857.2675329,724.9735437
639.5119411,314.4784475
710.7247425,271.4409886
602.6421441,555.3034945
447.6652259,273.9268132
693.605845,367.1313382
762.3727793,359.132714
642.5288421,532.4994697
747.1910647,325.4386909
671.4047939,397.5165281
621.0809601,650.3426455
660.8230196,625.1604412
495.4942058,673.435883
466.2271233,541.9307431
632.5108061,475.8501711
579.2226086,485.1112851
691.6121251,306.3272982
773.0245733,285.4308607
561.0855486,707.6639737
505.395737,614.6967819
537.4142627,302.0348246
488.783786,852.6205721
252.2559831,681.282985
513.5154351,229.595273
522.6054024,311.2727255
844.1101887,722.2937616
619.3828391,438.8695877
816.9456907,288.4310499
884.3041406,588.4600861
859.1136181,580.177619
670.7500029,583.3381058
727.1008525,416.967007
542.2023755,715.0212404
766.6424104,291.1576133
422.8168624,602.549977
504.6732034,754.1385539
704.6803042,279.693285
443.3977371,628.896073
842.3723089,716.3219032
706.2449024,462.4889949
846.0583074,463.6270828
423.4513095,606.3132722
705.9009308,905.1907022
554.0277117,662.8376464
529.758142,542.8239342
398.9036383,907.9803233
564.787157,747.7286143
599.2243599,685.4857196
565.9122666,178.1859423
439.2862571,644.1297557
543.9702915,546.7096464
519.6132346,607.0888727
398.6212373,738.4018727
598.8828751,534.4739591
781.3119653,409.2558613
570.3886313,311.1210779
687.6545417,412.7308005
735.1571373,427.0154638
722.2142866,461.9054507
910.7958708,455.2710276
719.5784494,466.7424598
347.7638963,997.5682279
618.3329325,556.5772461
703.8427339,429.4459823
699.3735301,479.3121562
545.7147328,384.0566076
488.9409634,570.2213459
841.8990989,159.1386938
677.2770591,533.2403028
197.6350885,515.7839953
337.7858587,597.3037619
261.3039896,710.6246527
648.6878527,562.7007938
974.5706703,962.8470006
499.6530547,666.9426396
616.5547097,417.1854731
433.50076,544.5904044
626.4333205,890.0088362
708.9572759,517.9413686
723.8542975,471.0669846
811.6583615,417.7014884
199.4827468,514.0007264
376.4268975,446.6938528
718.2794889,713.6866668
138.0862515,703.007383
509.4247034,557.9798082
784.3556667,401.7412639
703.5703251,553.3326615
456.265954,347.182541
404.3606838,752.7847162
477.5946497,756.6918238
430.8904349,410.2515784
778.6740607,317.4620052
543.6854337,470.6163461
531.4909733,339.9841094
722.4634155,274.2093398
580.380481,721.3473748
828.2328907,246.9769686
550.0362271,898.8687465
274.793141,843.1829678
561.9823077,319.2400925
689.5869307,523.1933503
498.1922578,373.5092893
889.9940909,529.5927177
759.5538481,326.2842439
521.5456386,197.8997464
856.2686355,326.2756566
733.1330665,559.0852181
316.2604965,821.3303233
621.7967374,634.3697176
700.226096,424.611773
460.1498473,555.7917837
774.5087701,955.6033755
351.0122489,596.6091042
787.4315617,646.8916924
466.7777385,683.2130332
159.4377478,696.0792759
317.7025975,595.3108023
724.0282832,503.8248171
840.5489793,374.6229523
530.1918929,930.3790493
594.5459357,493.821303
865.7060949,695.1011932
535.5193853,401.8025456
514.6317061,343.5880472
749.7412873,536.74418
471.579978,958.9122922
529.4306342,547.002223
726.4499865,519.4889131
332.3079751,265.8419392
673.9240963,424.8206906
469.8358064,384.7926769
468.0823018,490.5178396
647.4923488,892.2776155
524.7973469,463.9983038
620.5358278,534.0692453
783.8646147,558.368789
405.0918163,413.8358969
580.9806224,468.1404253
467.4517496,295.0722845
436.4533789,440.5085638
342.6101348,289.9352815
666.5634997,588.2563084
433.4807308,571.9092553
440.5377138,480.7554404
340.1485081,559.8248185
619.3332979,439.2069398
561.0763505,579.2439566
525.3153641,345.7750688
653.7803731,586.4661236
542.2184348,445.333935
745.1305608,572.0686544
442.9305942,533.2181762
623.0712045,475.7987932
609.0699082,397.5494986
493.6693482,564.9589589
562.836177,529.7854217
444.1745457,222.9949695
653.8615085,355.7028846
550.0855285,557.498811
624.4102234,973.9374335
778.7213698,328.5140771
488.5928721,662.6199743
432.7461528,776.931317
904.5665109,633.2100255
597.3154156,751.4856204
499.0941702,373.19187
732.5731782,526.680011
971.0054312,565.0813551
341.2124066,280.369786
608.7708337,560.7793747
500.7748836,582.4173767
746.2728533,502.5768486
590.0375124,917.7100026
758.7517071,313.2424093
953.1816174,505.7589187
713.6403141,582.0121614
648.6314504,974.4652956
216.50412,397.5590262
790.409378,553.5105517
524.3207213,596.0744307
307.0543839,390.0713193
616.3194979,522.4626925
688.9682283,727.7845391
604.0022258,731.1548838
697.2982403,518.1594167
936.9908036,893.495664
637.661916,565.9003939
420.9540736,773.001456
456.1058703,497.2426077
493.2264441,296.4590717
720.0058784,465.6474133
768.4957014,361.3346956
441.3072119,251.9416808
430.6862331,234.2308027
632.6320748,604.0949725
438.8604909,569.6112455
136.7790815,675.7104289
550.1725363,759.6914907
693.5720187,191.9564708
890.0762899,899.5664548
86.33192667,494.9448696
486.3891379,285.363081
524.7738721,546.7582246
496.3796544,588.7563191
459.5097824,388.1188938
537.5449992,308.4387259
650.5685134,558.6838473
678.356163,570.9831355
351.0671231,846.8683916
688.0260179,392.452988
824.1997897,306.3073655
725.2933425,127.9766497
457.3282346,500.1668896
561.0634521,751.5039652
640.5408298,626.7490422
567.6215333,199.1266748
729.2584761,803.0814705
673.9830004,567.9116356
794.2799086,458.9205767
689.0287203,630.4070324
707.9735989,734.5330636
265.5131886,425.4584335
781.1463687,420.0516283
250.1936067,681.6944893
616.7324706,481.411549
335.9585742,572.8039298
238.3159429,818.4879244
396.6602052,422.2072673
521.7595178,611.9637205
874.8680744,712.7283287
589.0203835,513.4497139
469.1717874,611.0403796
154.9060595,710.3987275
682.23724,429.7527458
703.0000552,641.6779673
584.661887,349.3349207
626.545361,589.166716
637.0151547,637.372623
421.6673492,942.9997893
774.2945313,361.7055614
468.5589873,429.55626
480.5024763,412.5412724
585.4343962,269.5353654
522.5481912,475.0351231
695.9716104,320.8544555
577.8682944,656.6574764
818.2206972,301.004152
456.9410138,858.790128
315.0743855,669.492441
455.0502711,415.968302
452.7752288,413.7208345
915.436259,446.3113491
832.696327,532.5831286
561.6023674,488.7075131
386.9467117,346.79893
417.0203545,694.2917238
500.0558705,192.463251
793.4119275,527.7441346
969.159301,908.6350111
722.7805567,535.253801
547.8714876,448.1935295
382.270984,584.4449992
964.1785066,559.7949612
637.2179333,478.2909694
465.5587299,623.7272487
734.8718151,295.0620047
876.289577,619.8528191
497.7013856,650.2163631
554.9477208,376.9377815
865.1423716,260.9618679
567.9460899,484.3228349
684.5081027,528.6043761
846.3883469,270.4775734
634.8103269,720.3304713
533.4177745,349.9034631
456.1352025,798.0944645
433.8983325,227.429396
603.3406487,890.195084
516.2213819,549.3805695
379.4880964,726.337306
601.0104475,623.7199359
352.9729364,989.6952175
607.9699661,287.9934492
631.5633375,317.3824415
650.6399114,411.534774
270.2444946,712.3120815
717.9600856,203.3723045
703.8575199,538.6270499
761.4224344,320.8978103
650.5661914,571.6972454
916.6498296,421.8045384
546.6152819,367.0822585
566.7014943,703.6257782
727.240038,458.1245629
647.8841837,353.7980761
681.8853586,414.9462377
302.4565558,656.2993558
636.2955873,481.3856197
801.0519589,334.2931897
577.4364461,529.7222805
728.6524773,407.6306125
446.4094098,779.8667562
774.3476378,418.4923205
874.1466943,438.2727759
508.9437483,486.6755865
324.5358739,590.6833168
661.7241979,509.7664421
607.0894312,546.7329431
571.4305232,649.3799406
688.6063098,556.5436697
432.0408469,389.6843652
282.9044799,621.7412886
650.0975056,307.7559568
529.0876364,545.856676
410.4367313,362.245333
719.3355076,471.1856408
664.9321626,562.8418064
702.7280059,516.623322
409.1326174,363.2951861
673.5062399,372.4196334
716.4613875,554.737919
618.0759388,560.490183
644.2614786,524.9689512
515.3034402,610.5761393
562.6299678,505.7149581
739.3571981,290.5246551
759.3392198,306.1647232
826.7414133,499.4094877
628.8735848,393.0548352
524.5310352,414.8794192
521.2679715,586.968934
444.4053232,581.2583741
659.7858166,294.2052943
615.377692,801.8838352
345.8615585,272.7103734
708.0638576,464.8900322
618.7812446,559.6970526
381.1698285,341.0476689
759.1300594,690.4606698
528.5709374,490.2169682
723.0627029,526.717223
407.3783488,311.1177767
836.6467945,536.6628193
435.5957344,587.8199404
465.0300913,384.0523035
428.8578251,842.6438438
626.9256908,588.2143536
694.1350079,550.267179
630.1858032,438.7083081
480.0601565,220.1715005
580.8764317,355.1506184
718.0605461,320.5959569
662.7973096,549.4923098
441.4253346,539.5736247
664.1502305,323.1606974
530.3818031,386.0698342
673.61482,376.6215949
542.1545571,697.2816123
469.0697988,305.9070185
432.4032897,580.5948482
454.3493546,915.1436741
741.8460748,313.6304498
395.0916972,430.9250995
484.4537678,246.813119
696.5609657,511.6686806
631.4002877,536.8605796
430.1918854,370.7810126
475.4135663,382.4708064
373.2454936,623.7235714
462.2211972,444.3236548
782.3379627,678.7691418
929.0693449,889.9352481
413.2261805,352.2161612
947.1321456,894.2061175
611.087777,595.4260946
879.5882198,859.1703333
713.5564372,322.710832
428.245804,346.6630782
542.9670647,724.8680924
516.1293855,533.9804882
183.9271291,380.6942027
800.0622298,569.7542012
793.0288563,456.6240504
405.1718431,976.5840989
354.0524598,642.1681787
293.2837752,678.8082551
558.8850802,415.6880947
584.5049792,302.2965618
601.0967362,559.3884923
502.2549157,473.7729885
570.3692912,455.7185947
557.2513163,360.845111
476.8775241,729.9433332
525.853051,710.0745177
458.7508308,546.6980086
601.140375,566.0346995
957.6172795,908.6340081
570.359374,592.1702274
555.9163122,429.3882317
294.2432134,299.3745991
598.2740149,573.9129125
606.782417,491.372962
780.7777389,417.9532384
500.2426497,598.8419251
586.7426447,475.3095429
791.8013537,523.6149464
631.5890893,514.4860905
682.7878403,552.8629052
645.3346652,500.2210882
591.0165603,535.9650484
487.1549807,681.2462327
426.882831,851.7001563
772.5257464,418.7869028
864.3573086,848.1049521
751.7081468,765.7389639
445.1964833,998.1817966
507.2904346,310.741583
609.1612305,493.2419375
766.6191604,925.859752
428.3977382,547.3415808
491.6984888,580.934018
578.6778209,621.9766369
521.8621805,477.6753322
874.0123475,495.3064167
539.9011319,354.0097935
960.621372,984.3224693
279.2681274,631.6318088
503.7427828,756.1769367
878.9904604,873.4559578
645.0879932,372.2625953
585.6349277,543.3815283
775.2330714,309.1460244
553.0372335,459.8006464
551.6461717,400.8571826
406.6732077,926.5016946
777.2496968,450.3381157
519.8680261,496.9662657
636.4872053,572.3280515
494.6868515,680.5916285
503.260105,616.8831558
471.9221969,434.0795689
690.3688777,929.4259765
597.3805517,632.4250019
570.3002003,472.828712
208.2196193,532.8664492
166.2138878,532.053783
426.6942841,249.4875941
760.23505,422.2783482
594.0114996,499.5828021
570.9968023,487.0531801
579.4098373,618.2340057
729.4708723,435.4008122
603.9978065,367.7976429
604.5701138,298.1227443
406.1079414,410.8795639
269.679393,721.6802556
533.7864642,472.4283232
654.1471153,508.1243947
792.0117125,144.1314586
437.4419096,482.8599731
700.7605022,572.6748894
650.2690644,520.9474499
432.1507453,457.7660036
645.4978499,624.7201452
517.9449401,480.7897272
653.3244807,538.99451
650.5985796,466.9684685
449.1997279,717.7033835
600.1407885,570.6371125
737.9852966,354.4662823
219.101262,393.8826494
401.5725978,592.2491852
483.5031382,676.8004191
700.8254434,548.8215964
661.3035551,894.3103151
871.9339867,514.5521359
741.9192704,426.7349012
604.2136183,558.9655799
534.9840804,302.3420895
321.0947797,665.4755154
717.7481688,450.736436
473.3400592,810.3348947
723.2274456,623.5324345
461.3712229,480.4624042
615.0589179,896.6919629
604.4673463,534.2829893
556.7288647,209.5181041
764.3096176,554.3762465
980.2988063,581.5936159
357.866693,702.6338637
447.499944,725.1930544
469.0416951,250.3546887
500.6360126,822.8799991
769.5007109,638.5874539
421.9621841,371.5265886
451.6641261,616.2331691
460.1339229,482.0498351
712.1301558,595.9162642
598.0217401,749.3577075
759.1384935,474.1586889
811.1889866,419.2442691
236.0775134,778.4361754
579.0215528,606.2576319
797.9059094,816.3686198
602.5666114,340.8778228
752.0524929,695.9361949
522.5635164,561.6749477
545.7406044,443.7272399
794.6940498,950.1566213
728.4658329,517.1263205
771.6630085,668.9773659
983.4638364,544.7814578
487.6072776,396.4913506
804.6556835,517.8676342
503.1928417,188.2069237
574.1169053,527.7290075
690.3238458,141.8061615
557.6020891,446.1382854
487.989465,394.7530453
584.7876349,735.2062842
516.2959708,496.5778073
646.3243794,606.4544937
592.8482491,242.8662505
451.7613058,627.5535807
675.4657889,557.5442551
420.7872936,511.7378392
717.2695957,207.3885824
724.7641047,519.463151
514.222988,425.2425164
729.0581843,522.757045
833.5812213,234.6170673
261.166317,685.398843
589.6395654,565.272095
961.8220892,921.7537977
735.1102328,476.0050572
421.7107183,584.2958171
486.0318036,445.7803111
508.5982487,542.7762962
953.1852128,915.3904096
388.7142532,662.2632328
729.7343677,307.7180762
596.3419705,579.6537894
677.5668605,70.47883118
674.5316981,178.4597353
467.2855838,321.4274275
588.323422,702.6789735
436.8784409,572.7519041
166.9393726,756.4609677
812.4831083,558.7997872
532.3232704,478.5113786
695.6824382,238.2085524
813.2403222,377.9782533
714.9043696,490.8271939
654.1715638,628.0087949
878.2210822,525.5969367
256.956369,736.629782
640.930867,741.8424833
838.3716411,380.4339698
936.8068407,855.12915
518.6234605,556.1010753
447.8756597,372.2710155
576.0304036,596.0144235
414.809819,361.0803966
826.4356575,512.8656473
413.9985398,484.6794093
514.8751573,640.7237662
535.9614355,509.7455692
651.1042678,668.2455798
786.2852244,255.9886936
568.0052337,511.6313224
530.4877915,354.0255057
792.8986891,594.9303881
714.6480201,517.6103474
605.5716477,527.0501455
576.719755,522.6420453
773.3189289,353.6973887
473.8712444,382.9800104
804.2623056,647.6979024
792.0918742,650.8127571
491.4596816,253.9116154
711.2960161,192.4004023
177.9150492,521.3733709
719.9933546,606.3922927
504.0095739,828.1421352
485.5386093,249.1059262
743.3788839,514.1327755
459.8112388,508.171761
523.3546166,543.2542012
790.3994458,547.1814713
659.8323766,885.8070836
321.7689557,437.2752201
631.0553274,585.6969793
558.6326856,263.5604774
761.0420447,559.7037177
453.7791596,514.7851859
658.8676652,132.7311072
290.8189426,584.0656505
493.4288782,622.2173758
478.4751696,320.1032173
535.3975324,819.1823105
528.4063596,468.0325086
950.9536744,482.0891156
868.1824627,621.2535426
456.1690139,412.9579793
373.2350221,572.7077972
553.2388137,569.0988239
553.1720597,303.7751984
445.6475669,253.3561734
807.1047415,735.1840532
872.4076761,600.6689666
493.0694615,551.6132024
447.0342843,622.3268386
620.5977579,569.4338359
519.3648547,809.7609616
207.8378215,779.9006042
284.1839356,603.9214073
630.4813872,642.6243123
647.9108943,480.0196218
711.3698559,542.3457576
461.8018428,528.9766626
779.2273425,957.4058459
708.3418093,233.4799406
686.5236196,961.3030916
813.7212173,549.43224
638.8973734,764.1667019
539.5568907,192.3483766
600.6107926,578.7102024
539.8555907,447.9136773
428.9507803,462.4043749
612.9663254,590.7617731
615.1117398,483.7913581
488.899392,674.4051276
572.2998076,805.6758385
336.33032,813.8466907
666.2084124,497.200632
441.6485619,636.1291257
468.7980192,358.8163602
468.3561338,741.9540356
874.2562331,511.114325
788.2277253,652.2933577
692.885963,492.9850686
720.8658299,191.9382513
428.7445112,369.916279
614.420381,521.3004723
293.1440653,663.0080984
409.9711165,444.3789608
788.7814266,600.1994192
531.8552587,780.8510653
663.9230634,841.3965439
650.3191598,592.2382995
434.2295555,304.8548253
537.8544702,456.3867799
726.7678917,208.0410763
588.1198194,467.2880399
633.1018392,432.136274
820.8209702,408.4237011
927.8457822,597.3579188
966.7887118,545.2236343
518.8042474,292.0206755
432.8125172,338.7463161
497.8858278,542.4414932
383.3456088,569.1794742
519.8101407,484.3661061
350.7920178,654.6476346
450.5434657,864.8536059
507.5638621,549.9292628
708.5372623,204.6751403
691.1795128,437.9943863
356.4347639,377.5962511
701.6425202,542.8764613
650.3846105,371.4199673
755.6424202,554.8411346
416.9206131,326.939663
800.8057363,453.3349202
384.5078855,569.4239949
698.227013,240.0248545
452.5870863,410.3251665
568.2277268,297.7009602
502.8398517,274.2144587
771.5822476,342.6007712
649.315963,902.4969212
178.4575448,654.4993509
711.6492457,544.7336109
373.3983116,687.5530612
433.0132285,388.644771
663.3667705,527.0188674
638.9609215,589.232657
533.0051464,424.6057974
713.2760287,378.9004032
700.0907455,435.6873713
718.4768894,531.6381208
383.0694697,818.933235
448.2536075,577.3284505
341.583718,400.0859698
475.9902778,424.1078343
390.3383845,362.4847347
480.1891701,507.1228899
447.3305574,632.8085085
476.0104718,672.8601948
677.6169709,352.919469
585.774293,290.5361468
805.1669294,317.6024954
560.1319829,467.8474727
620.2123498,675.8207902
704.424509,283.3662979
400.438335,857.1602408
610.7748454,494.6318589
509.7520464,406.3381609
760.7247388,324.8321425
205.7925979,649.3344547
616.5565524,393.6901753
949.8509609,868.5919121
571.7994676,473.7844801
854.5308157,470.7808852
511.1358276,650.1229467
657.4607688,477.8143181
780.1500631,627.3858031
668.4563846,332.5267403
478.1448904,852.1749899
805.5622548,181.7529398
173.4997758,704.2110566
490.958233,432.8126914
399.5377109,432.2286875
637.4027351,612.2704213
713.541112,186.2433827
638.2183437,565.1369327
727.0726438,504.0898347
762.9431091,375.3584992
653.6975598,486.1757012
580.7456952,468.1957313
614.1707878,562.5671776
502.3000975,606.0921735
540.7620122,694.9386182
461.9566532,449.4141689
199.4764099,734.7189561
557.238328,208.3390643
344.3854363,544.3149818
279.8633102,624.5683305
198.5096761,545.1622063
538.480663,547.366549
493.4966208,579.951067
669.4363913,495.5045322
510.5737222,415.3863875
384.5433298,830.4983552
583.9989466,338.9481298
358.5504566,786.2149127
722.7925262,540.4240461
495.8015796,198.0753173
559.9125757,683.2284528
256.6907614,589.9936109
581.9516107,506.2874704
499.4228765,667.5642524
886.164098,684.0566013
653.3821864,405.9415539
670.1205444,553.6143942
252.0442161,667.3164096
832.7789605,416.2413219
784.4620146,401.1163708
758.94343,535.4123853
521.9327995,405.6868997
605.1553793,301.326356
562.2807529,290.7754858
161.8034083,435.6574931
975.537524,937.1408413
474.4371399,312.5454115
633.9807263,586.3004772
785.5008505,320.5072834
629.5915343,170.0471413
641.3611723,495.4093398
552.8219311,481.0610338
418.1303037,351.2847344
549.8473805,521.8810705
658.5955859,953.0776647
493.923136,330.1935453
507.3033629,463.3996324
428.145778,809.0016375
708.4151997,564.3836051
430.3075064,461.0974439
709.4187111,264.6379104
991.7303602,925.8216207
416.1955028,294.551568
661.6551669,566.7093201
554.6801507,720.6824908
229.196149,551.2325583
479.4609439,197.458531
937.8343212,887.7726514
299.5630957,313.6947611
867.2375707,618.5912696
747.7498444,500.9291389
604.17356,671.9118231
257.2346502,807.6441851
822.78377,388.7378949
386.5770182,858.5810433
778.2722038,691.1679892
725.3753168,309.5136307
366.2442986,815.5985353
570.5460783,355.6309888
785.042771,305.1141388
671.0606275,909.0988336
187.6675524,519.7315534
209.3275611,677.8075861
472.1043021,496.9198605
596.3083838,320.3219967
734.7220082,503.2803026
555.6178369,666.1064887
945.6676185,589.8089719
972.7082411,547.3658595
522.9701672,631.3977559
386.0672853,333.8599767
627.7796499,478.1192638
655.9862046,587.133494
467.1471922,343.829601
610.0109951,529.4084131
795.5019733,534.2048045
541.8612502,555.2560864
834.4531873,415.1958147
705.3255974,533.4639087
452.6856443,408.6356274
191.7740139,378.5980066
570.6539243,450.4208971
453.4490002,504.030329
701.2342664,253.9863945
789.2144284,258.4327722
576.9697677,545.8367224
444.6993342,280.6344483
218.1195625,696.9073827
327.4423373,319.4795777
477.3122188,709.1969135
704.5314112,462.6422722
727.0296792,263.3177327
575.3026717,464.6424819
453.8308879,537.9169098
759.1143746,321.9792758
806.1949642,445.3330783
442.2559539,875.1177499
875.9865626,524.5701086
499.6294751,207.4020589
742.3898139,623.087897
455.2627721,516.5503189
485.7239953,675.2166864
240.9815317,410.786252
560.8399103,694.7216982
412.4123396,964.5516459
861.9750945,579.0191179
788.2514248,624.8110334
830.1761557,746.426259
658.2624004,624.9567053
546.1749695,456.6065413
621.9073098,738.5436584
735.5609867,439.5034235
640.5893523,625.5288833
546.0107512,453.0341532
432.0669133,416.3009321
693.0348861,391.3920193
784.28328,588.0854385
509.8175719,536.9426715
810.0146504,179.7286186
800.6069726,442.5295838
390.5965917,585.186271
653.913821,485.0263098
727.4334837,409.3504477
386.1423386,339.2069837
603.6206827,551.4788341
458.5966795,343.2580498
648.2494279,502.5315507
650.8173876,540.497279
303.181741,706.5758013
566.0526357,490.3427282
661.5532233,390.04539
232.4758861,530.502394
586.742405,533.3980931
665.794436,501.2637539
473.9045016,364.6278792
419.6966396,921.9257123
505.1724498,346.6459871
353.4939198,375.5092065
893.2403612,592.2774964
513.4668977,562.3322681
687.7940868,954.3460674
531.1859964,464.0028168
920.9244943,861.232765
599.8378041,511.164324
831.9139605,336.5059525
552.2741322,566.7353538
410.6219675,334.2051012
553.4663554,703.2262251
543.3560533,444.8032939
434.0732171,316.6144254
333.8918683,732.4358228
519.2768732,412.3520995
747.7560014,715.9299347
454.5102172,510.8308373
431.6922613,547.0783392
499.5917837,620.7123502
410.2386566,429.9433812
452.8940706,217.0787724
966.1717921,584.4500973
330.2133153,496.6590635
459.5543799,813.2375933
871.4572113,685.881052
568.1310565,512.3214044
696.5652801,815.7003301
503.410571,632.6305765
704.1462726,505.2511565
714.1164304,197.786439
592.0335094,316.6536223
815.648438,384.797775
781.9447496,693.0706247
776.7458364,589.6687951
574.8970396,805.0530139
541.7043724,435.7970222
531.4369979,475.6869484
726.7125081,510.4825578
416.5916072,498.7195311
520.2775832,403.8937898
477.0634794,706.0882434
338.0148235,579.6849003
560.6102563,576.4521626
528.8308673,500.1651345
518.3409996,491.6647655
362.5120698,488.9643403
924.4209271,650.1400379
728.0225393,156.741501
616.6132243,651.5007496
933.0237824,862.8457699
366.8868204,540.1469936
835.9696524,562.854677
799.5161987,318.3720158
692.1782154,194.244744
896.9820878,847.2547397
260.1872391,435.798255
467.1294102,395.8242728
204.2643429,760.4653569
583.1903789,604.5600904
357.0035956,470.2883545
287.9593688,673.2575122
762.6451882,363.55521
786.8504907,564.9832376
670.1903544,150.0278484
422.5297425,525.3528548
841.3159157,719.2238287
580.638029,377.9561685
952.5302121,871.908455
533.0893229,379.8788203
804.9828617,418.655
597.0535082,560.1093091
785.4853455,478.1704328
632.7160416,898.7987939
429.6564756,915.855026
456.9452383,535.9603473
459.6014942,541.7349051
846.6857586,155.5672041
473.6650502,384.6363701
732.2499849,320.370763
757.4038496,560.5916017
671.96636,378.2525268
584.6709803,532.9628952
528.5242276,489.4927875
868.3182926,714.4065643
581.2783936,386.2338927
844.8855891,423.2678181
575.4272212,629.1794771
664.068421,637.5720548
354.545669,582.6749769
430.5441263,664.4503171
605.6208743,285.2829322
519.7925534,217.6002201
703.0144217,532.2777442
576.5654239,385.8650536
357.2528892,666.6466573
689.2710629,557.7225214
808.626345,183.3888027
638.3469829,531.7333759
791.6175256,334.4698472
828.7132615,268.0615134
431.2175832,904.495167
441.9900167,229.6021053
651.0815271,195.4926498
807.3985128,456.6045564
569.8061372,710.3597814
675.17792,850.0388866
627.7449097,754.7096872
375.1288658,547.55825
741.9833578,609.0914852
448.0337509,288.4361689
528.2590245,338.2250355
602.1755106,584.9873198
517.5600413,606.9413621
636.6970997,515.7380706
497.2638596,302.9114677
848.0366272,345.6831359
719.0263511,627.2256517
191.5996986,663.6558076
664.3739372,590.3764279
965.4342928,557.9771965
503.4591534,340.8933469
451.8539164,517.2330254
735.6384668,533.9482699
618.7966447,559.8173385
338.7300466,589.616853
495.0081723,581.743968
472.3971596,536.9835817
408.6081435,265.4928657
305.2632777,416.9508979
731.0204598,473.6575291
611.8067752,748.7043987
330.7401561,733.0107588
377.9350334,328.7612513
399.6033863,492.0732193
587.096953,497.2194364
558.3899984,563.0402979
605.7354166,211.1212054
575.64143,989.5808028
550.1851651,447.4698084
440.2720913,214.2563062
412.5827898,271.1057469
462.1128269,544.2025311
376.2251376,445.9462291
155.9015862,696.2816119
370.7320785,571.7900141
569.5998381,238.3432132
658.6662498,577.3340709
626.7545664,447.0764818
561.9061908,469.672195
497.9114748,260.5907932
450.717017,497.8241879
828.5695367,418.2169396
874.9750965,512.5243463
960.3300426,932.9842194
292.6882479,667.1414654
452.9500684,691.2389238
267.2517275,632.3096052
426.131175,423.4975668
720.0834035,528.2146432
687.5289586,568.0027745
615.9978775,549.1318283
746.1833137,284.1424416
697.2416133,624.8015894
758.9710394,533.7204852
578.866233,547.5130775
832.8868514,531.9274379
673.5695334,176.8118376
751.7070982,628.8937538
746.3170613,438.5621348
968.9099474,656.2343969
720.5179933,421.8723599
242.0933685,514.2578461
720.1733176,322.1360423
497.7468819,549.6619052
460.6723738,274.0361507
473.3662604,599.4117421
400.7863513,942.6114145
770.0491089,572.2573468
772.2785201,465.8838481
456.3673283,411.4293437
694.3499359,411.0226449
565.8100085,350.0474426
379.0580457,461.4430281
519.9818194,771.2856951
586.5225484,388.9397294
786.721522,325.2297106
575.7684962,348.3946767
576.1523764,409.3223246
629.9672649,568.8661501
785.7692145,672.3896027
600.3860224,611.4076308
707.6460012,264.7000069
852.7203695,137.9383135
464.4197032,778.8767013
403.8232366,831.3092454
545.6282193,541.9482104
831.5609406,387.1592185
573.4271494,405.1178349
819.9274021,393.3249926
817.7638311,383.6776141
583.1248833,615.7764714
547.6858319,402.0325868
862.1361518,725.7474727
562.306295,420.9425628
587.9211006,522.0936236
264.0766005,518.4436775
656.1800697,607.9868902
525.0834031,313.1725821
616.0152402,553.0270472
661.1171504,500.9283032
327.6052822,420.6671401
486.7051705,592.8924023
898.2802544,432.0132093
412.4592441,599.9142809
873.9025391,411.8602793
785.2678708,866.5375664
824.8392703,690.4811667
668.7962365,431.800886
530.4940384,664.6958824
403.5957997,656.6826952
651.7545195,971.9602488
793.9131664,652.2928563
637.2090048,953.3735633
903.4961407,535.902534
482.0527828,702.0128986
454.220311,354.7003769
542.1304981,722.0861185
228.0359546,783.3504708
628.7960747,562.6833265
754.0316516,527.5581376
564.0760986,444.6418054
577.4790662,505.6067488
563.8769603,732.4370347
799.8529496,810.9831472
644.5652421,533.3684656
749.2880615,664.4170749
711.4366398,468.8550366
455.4838721,513.4935283
753.4795084,149.6505682
573.7593761,374.5040036
796.7714219,342.7760079
673.14937,396.8937243
594.702424,748.1554964
580.4678184,458.1696309
431.3805431,869.029471
670.282186,515.0688198
438.6811421,532.39429
523.4545378,565.46459
685.3694624,719.0285966
401.6255396,400.3010929
653.3826807,255.6565232
788.7349864,879.306799
512.8066987,537.5879989
729.5310048,478.4031485
704.6778474,280.3233599
737.2121133,433.0034104
811.6310966,756.26584
807.8177174,501.2966617
580.2810692,525.587221
492.984491,713.2860064
917.3315558,852.0977662
595.1127301,632.5023718
467.7454311,384.6317525
625.2387454,482.1551819
537.9157113,782.1292673
751.7451791,623.7842262
437.1129636,583.2751109
351.6823201,520.8113891
505.453892,381.9019715
710.796515,535.6686274
497.7852025,430.525254
543.8042905,461.8405962
491.2958828,241.9219531
568.8999553,474.8636473
219.3903144,514.5714
647.6934945,869.2927544
719.6614424,619.0674821
597.2504743,274.663175
476.8707528,413.5361747
797.3262616,359.8683863
594.300552,288.1672024
517.0749816,543.820299
494.1746468,995.7406431
852.3893112,526.4815404
508.0912273,501.2439465
210.9290866,754.7475886
555.3781309,468.8070435
539.3099041,408.5389516
629.4749096,598.0277964
535.5471446,296.9876861
537.6763948,486.2233183
745.8916997,887.9286866
509.7881648,624.5128156
707.1785139,202.5400608
661.500656,516.0056372
681.6012948,433.4122403
563.250393,397.57875
609.2294975,553.5436058
708.4309144,429.5645758
798.2500009,326.4506843
518.3076076,686.0382991
485.6132881,352.3676416
836.6917066,465.7312185
216.9387097,651.7104821
954.1558116,871.5376101
511.1070047,565.8597136
450.6925685,381.6334437
463.7657062,544.2272694
539.7349062,632.1228769
598.4354019,537.4566393
625.7115209,551.1433416
462.8764675,544.437357
225.8426469,755.3893014
467.7999308,373.9653393
468.3069073,769.278277
636.2284139,558.9842381
634.5117917,559.8265318
222.0520083,397.4617236
548.314137,470.5064863
783.1215276,269.0342055
829.7146456,305.5270221
691.4080582,523.6483765
718.2782305,208.2238348
643.8284768,661.9375813
822.2044967,352.5535968
427.5055633,256.7858983
877.1611834,347.2991078
550.7090248,471.2534413
733.9086467,571.5382014
548.9519248,764.8749197
766.4103596,464.0869146
550.3836292,550.3979745
706.8327296,748.8784444
418.3820691,566.2262752
754.0013757,526.9757007
738.7630041,579.1685507
801.0314803,258.0524833
888.426212,495.9138426
637.0582242,584.3675666
733.9725393,507.5831187
229.2596971,714.1841702
679.5541387,371.0484956
464.6391703,279.5682145
704.6792406,514.5366327
760.4882836,327.4485536
476.8356081,412.0878759
758.0085302,279.8240805
655.3875912,172.972259
704.7249017,282.137092
732.8847616,535.1808397
955.3231968,870.7074767
583.1054384,673.4720502
560.9767139,211.3976519
564.9785802,487.8178322
299.1336593,450.9754198
572.9781182,386.5428709
691.1369676,577.7757251
918.0271541,512.626162
680.5320032,520.183926
542.4016486,467.0627207
348.3998714,585.4778447
619.8121257,774.2921734
656.117735,483.1209582
440.2465492,979.412081
675.570459,562.6150454
510.8390601,552.2786714
572.2287692,756.4669015
784.7192331,182.0218436
633.9660302,563.2611041
809.3483243,431.6846744
441.2918867,284.6964002
647.0397073,476.3224348
794.7806232,311.1224151
794.8302842,284.1625415
553.4663554,246.2036037
637.6190862,204.6561269
304.0008251,318.8383665
397.0818068,757.4031966
535.6920078,475.81555
331.9689022,546.0252267
239.3499999,761.4568118
695.0826563,563.4294876
814.0327108,517.2380399
273.0117574,674.4478764
868.9819371,593.9916693
867.3351999,352.4111008
626.1957417,940.2188601
578.0302207,503.7882947
539.3676097,411.8932497
586.5366303,468.5694595
441.7430151,535.1131854
680.2008701,620.4692294
435.7089135,650.3527999
499.6279022,634.9491457
207.271881,673.2427403
716.0267229,513.6223806
586.1729142,700.2421451
975.9197862,561.3516154
390.2358268,786.3619218
414.5101603,359.874947
959.6089771,468.290464
484.213118,521.6714008
576.798119,549.6799575
353.2596069,794.4490315
259.1985137,720.4835605
622.2767037,563.8943757
484.8535125,778.9641002
641.8592503,584.7084497
476.2867606,519.8515467
373.9263809,625.7883013
584.3980621,465.4850681
224.5034183,520.9594429
481.4218711,209.8068989
213.5664368,479.2959426
630.356673,439.1312205
695.2986479,523.7462851
499.6498489,574.3852179
756.4535646,316.6368236
565.3413376,513.7261604
548.6190988,285.2055832
568.1327343,513.8728978
799.2532726,460.9863931
486.7891523,578.5443888
455.580917,512.6622875
865.4596476,768.8249641
445.2268342,385.1545375
583.7104784,717.455666
560.5902122,402.7066014
656.8600282,131.3531162
756.0415208,275.5371646
841.0273127,373.4713879
830.3921922,410.9401351
570.1961444,420.5955996
492.9788133,359.122664
486.3093807,253.1409041
952.866229,901.8223634
563.4985481,600.510445
732.1166567,654.3702897
764.2321225,348.4203552
506.5799604,312.2619447
501.3766429,501.9871197
851.6329213,505.324661
705.3358742,262.7728211
451.5304234,635.6429886
574.4977293,402.3670137
425.9873004,453.4749507
508.0136873,527.3414684
596.0037065,678.7966799
747.6974719,529.9169484
501.6693955,982.5137725
496.9903572,319.2477605
425.8343925,809.2925634
644.7154684,509.9741269
624.510564,167.3048866
667.8885715,587.7620227
641.3567231,133.4795039
775.511143,416.1291846
437.0868822,631.3586426
531.8036502,462.2274458
346.7190831,808.4729814
476.2047863,662.9875806
576.7550495,188.144869
744.4544074,439.5450858
531.1508967,547.749366
729.0315636,250.8651045
465.4745834,419.4843603
698.3204775,338.4810896
327.6670326,266.1953377
756.0953314,240.1906054
981.9317463,608.88426
748.9948744,438.1820757
493.6049911,833.7061875
526.2582936,710.0629634
829.6332106,725.4879711
559.7514434,201.5862776
624.836379,834.8171969
760.5139305,877.2711533
223.6351525,691.9252031
691.8886836,548.5876689
531.9112265,360.2001806
495.971116,447.8443306
731.6540531,457.4564404
541.803215,541.177123
813.2360228,289.4629552
787.5891735,882.1933257
628.6219841,789.1754245
941.3638913,870.5563724
560.3899803,417.3826901
924.0918313,492.6606707
975.9466616,908.8021409
549.5013565,474.5807864
414.2018727,270.3791216
335.7396165,396.0622328
790.5392157,146.2368061
953.2981672,869.5698277
490.9408854,714.0080769
654.9286129,422.1160448
708.4802458,527.8179735
575.4162403,849.7063192
808.4372887,543.7393981
731.9723178,511.3964756
489.2905827,420.9121414
860.5297576,729.2102935
633.9955422,633.7152805
788.3040969,437.2259733
693.1377584,379.8471452
531.0027976,647.197244
750.7875835,486.2796899
448.4986915,644.4472586
479.4979162,227.4407622
625.3377677,224.2304227
695.4547766,409.2803906
548.7895491,442.3893025
470.6608828,541.4129518
657.7034559,252.6677002
868.4868853,703.3154628
615.6742647,296.2467903
460.271161,530.9776663
882.9542158,440.6963994
435.6924048,645.2648139
437.1921066,494.484996
610.2097738,643.4319012
511.6454706,424.938114
835.7412419,737.0713317
421.9933889,753.5592929
701.2564528,568.7286268
802.1267634,674.5020751
492.9750382,426.2931635
722.7716431,306.5974348
860.2188783,288.6789763
909.6339087,738.7530983
526.266533,569.2538981
704.0958476,476.4674172
480.3611934,654.659941
468.086062,249.325813
493.6282412,669.471589
931.2531848,892.0856637
753.3623145,639.5565523
451.8220974,541.2596955
683.4060034,428.480206
466.736976,300.0186728
737.1923837,462.111464
169.7873064,550.7966918
708.6959078,258.2794949
678.9586863,316.9470973
856.6939822,472.2578085
767.5985978,485.1089032
534.2548354,311.3211992
612.2620982,528.4225369
707.2624956,460.9567656
661.7784579,479.2044066
742.3336213,311.251163
327.1336901,607.3086759
347.9778954,713.8345326
718.852695,482.7481493
746.3358771,495.9479414
554.9238865,397.3335816
562.6265222,701.3204138
929.0105907,451.9366412
552.4292423,351.8335949
707.3673754,474.7720904
786.5994893,669.8575819
584.9080497,370.5487984
742.4073562,447.2247863
555.3124107,254.0543413
787.4432616,454.3348788
517.3553901,481.7040838
672.166442,525.8246378
265.6428914,718.3060874
724.508639,478.3143078
602.6683902,586.0763907
482.1102787,446.382221
464.2683683,958.1581706
175.4495124,758.6457327
525.5354154,543.494355
784.4323828,448.6674228
691.983796,539.710563
545.0147751,517.6677427
555.0916402,375.0824288
717.7942344,518.7194345
534.7303824,334.2855008
582.8155321,378.528242
229.4340423,651.3610534
764.7017821,920.9418837
498.9229409,455.704742
618.2891289,440.5221656
941.5598687,600.5839705
529.3486898,560.3066933
689.9465422,555.3979974
579.9813356,506.1943883
539.3143833,543.1796519
676.6126056,399.3019073
971.9196277,700.9410651
439.2965188,582.7286741
498.4694605,755.5237951
377.7203601,328.5042569
631.5531356,479.1173628
577.2367985,489.2373811
557.4852697,562.1189837
934.008478,527.882431
487.6540623,622.0250061
642.5993113,954.8703567
653.2779807,510.9252357
565.8060985,558.7500599
827.93867,724.5719013
359.7885356,549.347808
380.8301713,557.2544783
462.1946364,530.6021203
665.0004446,952.0068968
493.2483609,795.1494141
839.4107316,359.0021692
459.674585,516.2498027
526.5860411,461.3278194
889.437768,606.8044656
579.5857405,326.3330938
523.6273401,541.4076657
617.3520869,711.2120205
636.1821984,698.0037664
698.9619506,547.2010906
592.6343848,736.1651028
704.9991982,541.5635965
575.1703173,463.53375
227.0871376,781.2575551
429.9610779,485.7659102
805.4185751,459.8144781
701.9200674,206.5173298
727.6186899,504.0491126
648.2308668,524.8842685
849.7407105,525.6278178
561.7428713,203.7486653
911.3218428,847.8432567
605.3541731,296.0437856
474.5385143,783.3813101
552.2273026,707.492874
600.9326977,579.224379
527.9154274,361.4452658
640.6367362,474.9631229
738.6547536,812.2379063
464.7424921,647.7512444
427.7305582,343.8297472
475.4721258,659.916227
470.7364604,661.6484313
724.3740375,747.4655398
841.2343458,598.082392
714.6191523,642.0138359
432.9443023,263.3199474
764.3176173,945.1245682
617.4564423,848.4177539
604.5460848,524.0759273
229.9462171,668.7676962
777.8528044,437.4335328
697.3921392,936.1563024
614.6419754,88.3023689
602.7670081,273.5488435
451.8139929,640.196698
389.1952232,949.3654131
548.607369,290.4212933
717.1579746,399.0998012
476.7923139,377.599824
813.5305132,656.9425938
576.1521367,395.8317319
424.5089761,429.1549728
811.0477187,410.8607176
588.8251552,598.4146668
698.1692175,548.982103
615.0281326,558.5179293
481.6227022,739.6225121
701.9282319,475.3012689
569.0885472,490.8308085
509.0085848,814.4148153
696.8301387,514.9554916
196.5788152,774.6817392
417.9521084,948.7756007
481.3085122,369.4225574
612.8292521,747.9416897
207.8592289,676.5208803
557.568817,448.9928445
411.6507213,566.9211837
883.6516118,586.103302
214.7987333,521.5309941
332.135038,351.6947971
657.8133992,496.9608333
658.3261432,993.8299844
455.4625846,635.8955743
366.6426951,356.3166413
479.670269,825.9162093
412.5769624,355.9612161
455.3564314,400.8620509
550.5442522,400.6452354
822.7676358,419.7931714
475.0141811,436.2364616
761.3106635,538.1506284
543.5668016,707.7889398
447.0769193,571.1919695
351.4049077,711.0361152
864.2040412,534.5186092
601.3305998,415.0454626
668.5869113,522.8554342
445.2722856,543.4554507
743.9878938,553.6793949
639.0679285,604.4122246
185.9774162,655.9579504
881.9031857,515.9017739
782.8647137,537.6634257
914.074784,857.498742
656.6066748,477.9639598
806.1601491,505.4151314
590.4659002,666.3818487
594.4642909,341.688316
392.3630097,433.2968227
783.5721168,635.9378008
721.3241041,420.2254651
526.6760451,709.2434858
512.4853779,557.2313489
784.0519333,481.6879119
645.3764464,913.3483286
333.7542258,784.8893444
549.1135814,452.1158269
532.9601144,464.3662026
722.2102718,529.0923101
682.3595424,631.873279
676.1239505,381.3240477
868.8335684,415.5876161
681.6885423,468.225317
819.5511471,559.6098417
475.7122512,383.4267208
452.8143733,531.5319801
842.8023446,243.3066719
384.2870252,599.4111153
748.5512813,660.2223427
479.0886887,436.8465619
877.3083987,447.5220848
690.602202,553.6256768
587.5441415,528.7701688
571.1076444,456.8663145
699.9897757,147.4556278
635.6136813,719.4183295
744.6849453,535.2619287
483.7535554,346.5817176
801.8569762,362.4286138
910.2515325,858.2849566
739.9308536,451.855406
584.3739282,643.1128522
540.0401527,407.0117994
813.2388991,453.9752121
648.7160613,480.5705926
633.3196884,780.3812045
363.7837055,484.7285934
329.0729253,616.1486953
356.6663503,458.1781556
591.5265329,504.4311775
561.4810988,436.4961094
864.6105871,723.7130388
668.3625905,533.114292
368.7855628,339.534641
393.3573529,425.3006222
482.6968476,679.4424669
469.0396427,364.8113272
769.7724306,457.8205365
560.9408502,480.9565228
502.8880146,617.5007361
942.9466311,981.1902727
506.4167458,552.8669168
591.2824076,563.5968055
270.6406589,857.2662771
523.8209655,479.1301081
548.2166426,398.2738674
771.9339043,346.80524
781.198142,671.1168331
711.3405687,478.3569731
500.7151406,377.3689887
597.2649307,694.7870333
678.3933151,548.2564597
811.968282,351.1220549
671.9108116,578.8110152
644.2673211,495.1321203
824.6882051,455.8621354
490.97997,379.5145152
584.4380905,607.3077566
842.9138608,581.6572586
635.1580736,542.0794028
708.5453219,477.2111754
643.716616,545.0080515
641.6611157,538.6667064
681.5406979,550.3500231
849.2397263,508.7814017
776.1192541,924.571521
478.328284,241.6838886
281.1011495,674.28223
473.1034542,445.5602989
492.5420963,657.2564821
551.1708644,856.9604748
801.0502661,460.13827
535.055733,511.3203593
690.3465865,384.7957901
602.7466494,671.0531487
855.4733707,403.2137369
498.6371693,595.3581687
529.8160723,336.5128684
809.4251603,769.6037823
543.085562,461.8431244
422.0233502,361.4039587
276.8118188,353.5084456
869.9938377,596.8296178
615.4775383,652.3536365
834.0277806,245.2514084
504.9428857,338.0352358
684.5162522,348.9243984
750.2758282,437.1283154
556.8868361,449.6078131
477.725476,201.2556324
579.9046944,473.0097572
834.1084966,560.7510427
547.2393924,332.3174884
192.1181952,525.9206659
907.1898992,413.3843809
399.0369215,314.357096
598.9404159,242.5037214
617.5122304,635.6449735
509.3573352,328.6665812
708.7614034,528.5015575
570.9700468,522.3133224
506.7415871,551.5536341
767.6756585,303.0100449
407.3093477,663.1938656
655.6759395,949.0033437
267.2615398,718.5064803
596.2802051,768.5964899
698.5284095,193.0427627
348.0058494,655.0666816
707.1026217,465.4112292
378.0117795,963.8738287
434.397564,421.63674
499.5963678,554.2049169
843.0818692,412.8333684
476.2914796,349.9518742
759.6785024,362.8750735
912.2861348,854.8119396
837.3208656,381.7289704
685.4760799,384.4112807
742.8475788,287.032374
766.0507182,305.2299325
612.4924713,247.5182655
469.0825175,484.7106665
446.2638874,259.0547402
377.2615016,513.6912676
237.4456098,723.2814764
790.4072208,438.5594604
432.600915,670.8802312
524.6064629,611.9380629
779.5228366,418.019451
832.4963947,748.9149042
553.2573148,690.637787
465.98917,502.0610213
647.5848396,624.8492901
579.5939799,602.1304912
428.6629713,643.8677887
725.2045669,322.9913946
383.0129026,325.9665948
543.7601574,414.5567346
775.1642202,766.3315342
591.0454731,836.2467121
826.1334071,841.6603496
537.978031,390.3693491
807.4060331,687.1477206
381.5363011,872.130097
539.7605981,684.6602873
768.7484406,668.2669751
563.5291537,217.2555343
572.1976243,480.9448014
571.8995536,484.0055828
919.188562,596.12397
466.2840499,496.1171816
440.1376246,356.5044143
467.2806552,761.0352784
696.0378101,528.4622352
604.9022956,344.4152346
496.0505287,445.7833616
438.8178109,563.0114853
498.1313763,555.3029513
717.4032534,392.5444821
871.9653712,585.4672724
664.143669,899.9759951
449.9287481,800.3947934
664.4745175,922.5838267
593.2435895,734.8904737
575.131772,597.4386526
471.6553309,444.1418992
666.3635973,69.92646055
787.8856263,947.6929861
660.5455922,541.5266143
423.9080857,838.7855025
481.8420644,497.7874774
652.2032361,469.6331862
333.2396691,339.4804423
588.1260514,456.1291796
423.4125994,323.2817146
366.0619087,436.5823174
446.8034319,564.9677553
580.2095664,314.859593
914.2717951,434.8318728
447.3930418,804.7466892
670.9424299,351.1980459
506.6349695,538.5599388
908.9654853,589.8594097
763.7761103,350.5085698
860.8007882,297.6637483
482.430416,396.5609481
564.9140734,507.8367073
482.3635872,402.7300025
412.9485284,990.5999628
734.5550784,634.5327105
589.3019306,292.0845897
583.9151146,481.5804549
504.5242204,583.1172161
551.4028554,769.5567293
666.2640357,638.7103933
688.2752366,375.337877
597.9812323,527.0908467
598.4718199,385.6135126
303.0308705,285.120608
779.5330534,673.3424666
830.9287705,544.1300503
795.1991387,654.3655467
501.8219439,344.2616857
697.6806074,564.8098814
190.577776,658.3706255
341.7936274,277.156584
792.6357181,419.6497142
703.7537187,206.9155457
216.8771691,695.3764278
587.3476548,535.2600065
661.5686234,852.2181775
418.0925823,444.2442164
331.2365413,267.1511476
742.4646274,445.5879415
585.3603616,609.3404145
678.6933933,623.3659314
489.2837515,577.8420004
349.2681971,546.492831
472.7437828,525.0233588
594.6206893,257.6718183
768.4404676,522.6691655
483.8297472,307.4316425
474.1308298,609.8817532
551.4689651,327.8140914
704.3118392,504.7834268
458.709574,923.864515
628.6574584,443.4801284
425.6892596,646.4844713
737.1233377,522.459057
396.3110354,585.3348054
782.0073389,290.3149854
257.0733532,582.1113027
712.9513073,478.4884581
747.3652901,753.1216922
432.5015331,267.1554935
639.6145139,871.6987853
469.2653418,604.3374247
445.7068904,565.9912403
287.382822,832.3760017
605.0682516,560.8882735
682.7072741,414.2210959
609.3478899,291.6313604
478.8269462,764.322361
379.9746392,966.6693
382.7244944,589.3473433
487.9484928,380.8605386
649.2008514,624.9914518
477.0374729,359.9817772
619.4140438,628.5122112
500.7996916,478.2087103
764.1939217,582.1137264
470.5784141,205.6018033
444.2636958,397.1845249
593.014385,193.0990926
824.3599182,403.6924985
572.4517717,319.3810215
471.9157852,911.0334366
656.8325086,498.7192803
608.0524947,592.1746986
542.118978,564.341692
646.756018,185.4386144
224.4785204,661.6852881
595.8166127,287.7260289
811.8600165,292.9724738
556.2012149,282.1658002
738.3409831,520.4339209
451.0091404,741.4989467
486.2465667,366.9109708
477.4923166,747.629849
378.6339425,802.5115281
784.0143767,653.918105
198.8931668,540.5743146
863.8822859,355.4712972
566.6843713,476.4595402
570.4350414,385.6302277
782.4722945,166.2116161
636.0119279,948.6734089
407.9524237,347.2771693
696.348135,575.8334958
761.4394375,320.5365974
570.7504748,641.9108292
736.4142568,49.07020188
414.8498175,392.9175626
296.3284055,676.908294
775.2531456,396.0167678
929.5526819,512.0477368
702.7634802,487.1015703
493.4265711,421.8496483
743.6625282,445.7522298
506.1884851,221.9525128
810.3358663,474.4808093
834.669014,544.3134147
863.7049895,413.8751356
525.4832227,390.1111011
587.4818369,605.8617144
594.011245,511.1717413
631.9848042,442.4666306
829.6449854,374.0665909
386.3780297,348.3324757
805.1469602,461.5026382
870.9843758,679.0546562
752.845256,568.6441738
356.7120864,479.9659664
725.3974283,439.1909142
170.3925263,530.1954007
568.8974685,435.0640034
619.5212157,437.9422352
788.245822,248.1099165
405.3760299,587.0208761
717.8608535,525.9010884
476.0501407,466.1365382
570.6403967,386.721764
739.4885488,483.2918907
409.5221003,842.5852575
674.6717375,404.7398443
760.1294212,459.0690065
492.3487256,431.5232903
482.5596844,682.3926572
434.9767773,366.9665693
557.6844379,666.0887916
624.1547277,454.4164692
458.8039823,771.9982798
959.3680277,966.8099992
592.2305953,408.9117396
547.1009109,549.7843013
492.9654056,340.5142281
825.3506811,692.1805259
656.2187948,579.8970773
661.8227259,373.5970017
417.7957549,424.0932922
727.0821566,294.5627044
763.5728973,712.8029407
902.4193588,728.9288742
692.2295692,377.1710613
515.9161654,380.4713489
856.1222892,503.3056677
497.7141342,379.7647817
442.87957,599.1888465
805.1115908,558.162504
629.1701275,847.578866
556.1245438,478.3022939
942.490574,481.3183207
607.4119355,725.1679191
468.9427027,321.3364557
650.9382817,593.5007684
565.3135335,783.982635
565.3323642,647.6927625
554.6167524,476.6220107
687.6095547,235.1016374
622.5740553,447.2941539
441.6579248,434.0720262
830.067276,409.7553078
803.753831,418.9665899
514.0886562,558.6129754
649.0508797,602.6752565
641.930828,573.7110779
754.659747,366.3234985
434.3104063,520.829128
334.2098634,417.0121168
397.7022919,389.6092936
724.5456114,478.5279683
578.0352242,598.8757314
878.1721552,527.1117615
682.3290866,634.9806537
438.8554874,381.0608479
432.282036,548.1984793
442.6330328,577.4629024
726.6886139,569.4654065
214.2783342,654.3166134
177.8559204,394.1063598
692.9267255,548.2379686
497.4375307,508.8301679
492.1865147,788.8776454
399.7336733,827.5877379
290.9098304,305.6396608
516.7117897,499.5562042
584.1611874,311.6989182
781.2600572,154.5137155
525.9873379,744.6456645
479.7873431,586.6602692
545.786685,725.5154256
477.5268321,741.5114203
428.6795849,382.8995273
578.1821998,988.062823
415.8293598,453.8027752
435.8326091,577.4568014
782.9401564,887.1955424
726.5048158,157.3840077
651.9262132,547.077984
847.6722369,242.1463112
547.8610011,338.2016762
721.3754579,524.4367223
645.9822804,208.8503995
688.6250806,627.7690798
151.0348398,438.9731167
514.6761089,808.0437591
434.0232565,369.4137611
513.2065333,341.4310919
653.6721376,925.2012407
818.0475354,449.4006088
536.9249934,666.6271425
762.9096273,566.0247123
659.2315761,495.4073549
646.7163491,527.4093943
851.3664598,460.9674006
719.0463353,730.3742897
558.8886606,551.4536361
702.5005092,189.9730806
584.1748798,474.2653311
665.6540969,633.9816771
798.8159713,274.0324316
495.9527797,561.6565193
626.8217098,627.1459208
185.258433,538.251671
611.8303698,642.0261632
421.0457554,438.5109866
693.3201034,194.2948265
213.1121475,531.2855372
447.4801395,356.3692938
192.4157417,518.161527
686.5307654,528.8551231
499.6701327,786.6910626
645.5141938,910.10178
605.4339003,489.661359
564.1081123,446.0038335
292.3951957,655.5878786
658.3445994,382.4767403
566.7832589,468.2862017
629.1519859,605.7576003
708.5680626,406.5567524
230.8115316,722.2771719
450.7159384,246.5772484
916.382709,422.5060702
455.4154403,502.8959185
569.5095794,338.9172069
951.4136265,869.1699821
402.9043511,377.834044
539.9920947,437.7850717
392.8023184,490.226642
629.4535921,578.1403436
746.7131957,547.6133471
280.2313558,296.7352884
661.2466435,891.8334541
757.2464775,303.4817026
710.0128152,708.8290982
913.079512,629.1507899
425.2478536,420.2286827
805.0078944,163.1157539
825.6514184,747.3185307
479.7446631,783.5759363
555.469588,440.4550964
831.9850888,524.9143765
223.2232285,773.6024466
957.7295448,898.9975153
789.9673728,323.3810648
612.962805,850.2412853
393.1977336,487.8339832
804.0801554,436.0378238
461.6492495,903.60511
576.3261224,537.524795
606.9558784,720.3430703
539.3846128,538.0206478
521.3244337,563.3074675
438.5406083,562.9742525
488.4082202,574.484589
834.1259042,368.7186646
541.9833278,556.734723
535.0763015,481.9612661
786.4284248,534.5992804
238.2830303,645.9691873
735.7668963,566.2463542
586.6766848,546.0528275
667.6918451,532.9347512
389.1582358,910.5153528
697.2003864,512.143347
606.9768963,560.5753045
585.6599454,264.5676653
429.2275785,458.6038468
438.2857118,647.073448
703.049896,478.0202687
454.7931275,499.8052171
528.0178504,337.3048705
563.4399886,477.7513231
313.130716,713.0927592
624.0378934,593.5316077
535.3851584,782.3655976
694.6514372,556.0116288
859.8678958,257.8282923
543.0525745,315.94647
738.1430582,430.6123395
645.1399163,625.2076822
593.3241257,538.8614997
586.7715874,386.595398
461.2161578,435.0777098
344.3226373,358.6906211
943.3061976,601.1514474
443.6027028,624.9884431
823.2208316,552.9454568
909.6300736,454.9279088
799.1701897,685.7181009
457.6136317,776.6862113
385.5746903,934.2859061
642.3476657,747.7340467
485.1462052,585.8469763
508.793522,552.4139382
450.6551018,741.6457469
982.731011,592.3957137
747.7409458,392.8657877
333.9484504,401.4014464
759.2657994,322.4630101
577.0105901,673.4569858
796.1861413,648.1108066
698.3859881,192.9630736
597.8842324,186.8287656
708.4656696,159.4308525
553.5254092,250.1561972
582.4565948,987.3193364
442.0590777,507.9546113
771.1984573,485.1983289
485.1935741,281.9720515
246.3887514,590.7186482
384.2295443,558.4612234
403.4512361,745.6650962
791.7377307,680.1641195
523.6226362,453.6277683
328.7739707,879.6165085
504.6718252,740.6656165
962.590209,934.5220275
595.6739816,333.7405892
442.961005,577.4013909
385.5673647,660.6982836
431.8480305,382.4842621
712.7464913,455.6109496
291.3599701,668.0278451
748.0187178,535.2258032
374.5618467,867.8807273
760.1009579,317.8429836
606.4889303,491.9580942
803.9129409,581.8372381
595.4922059,255.9596302
701.2666247,428.4296429
325.9160298,544.0858807
368.52397,595.2141892
602.8716932,492.0404787
712.5206724,541.7642818
463.3034022,225.372355
484.6078741,264.9088827
594.8222245,564.5937763
864.5505445,727.6304052
531.7047777,608.6930604
276.6048007,352.8450869
731.9011146,430.3358095
978.9778541,521.6280878
790.3522567,366.5789048
762.6413831,949.2583531
481.4857637,351.2977304
575.5472914,403.3362375
530.2830354,482.957422
802.1282016,393.8417393
734.2928714,450.5953608
478.8715137,663.9740209
872.6633665,696.8828742
375.4375428,443.608939
482.2241619,215.8048119
439.7465537,423.4343838
743.8836582,610.2920456
633.1150822,626.8324504
738.7066018,452.795044
457.2714428,973.9834626
508.2227727,436.8703809
784.8852041,482.5985702
714.7254103,541.2710826
454.3961842,880.4075286
737.483084,6.756631253
866.8620498,661.3752861
423.7811693,512.7871282
698.9796278,332.5724769
580.9657316,587.4302911
583.0053823,854.9688524
972.7068479,594.9468315
715.1807334,404.0975048
580.4871885,325.1378613
732.1881446,586.810099
492.7811581,767.4472448
746.9792827,471.0035509
800.5898197,352.4784626
262.575116,711.1700448
428.4449423,567.3598082
648.5728759,361.0944581
649.0314947,203.590687
492.8962548,434.24509
825.4982109,466.854409
615.1305106,810.4186373
905.7935642,496.2649428
597.5122319,285.018646
826.5948123,501.5380692
524.9893094,492.4850997
589.4108252,449.0601854
669.6019579,900.6701095
886.4300352,495.2733627
281.3258599,850.9705641
497.8195083,609.2990447
567.5708836,716.0738515
561.8759897,701.6842801
640.3016332,563.8034665
846.567486,580.9000864
634.7660889,681.4373069
611.3406361,285.6108194
764.1094756,366.9133527
716.2782486,806.2598215
275.0613703,390.6017722
977.5766803,949.5174577
648.9191396,533.6478791
700.0431818,225.7591628
530.4894992,604.1008019
593.9796657,579.7297594
673.9345378,362.2794735
271.9180772,710.0203191
585.4184717,475.0541783
688.8547645,903.2719994
757.1043557,320.8772925
339.4207612,348.4179942
570.80466,802.5077046
661.12909,282.8933239
576.5197927,459.8271607
379.0092986,508.2897695
756.7219137,369.7470597
424.8161252,327.162287
91.53809054,629.2508714
228.9089692,560.2051701
660.2217097,60.54990808
767.8283716,181.5247372
853.3193124,622.1531272
524.0904381,546.0910005
825.1570856,759.8790129
769.2423389,360.9114698
931.9594644,879.4042688
615.0789171,593.1034092
447.37893,219.251419
539.4654336,423.9840592
702.3655631,280.6848025
804.7547957,339.5799388
680.9011573,625.3411103
640.3496762,390.960436
669.1791279,513.5375934
651.7156147,308.4720934
548.9001066,446.8549234
413.4076865,522.4089535
585.3472535,906.218575
430.6983226,459.5112039
207.3119244,675.0568903
404.8641697,355.8247166
674.6890103,427.65118
566.6433692,670.6110767
952.4673681,863.589967
513.7829153,429.0489992
529.4780631,309.361043
770.7811852,496.7625507
531.2450503,482.0402031
694.9789151,573.5230333
617.5309713,797.1597573
493.1205456,410.2338813
464.7562743,496.2738018
618.1616283,438.8373067
524.661517,410.8609057
209.4410098,418.6869885
778.9876815,497.832441
400.0138871,737.9692865
740.6540614,285.5381297
669.2649523,325.9394537
598.7084699,270.5224325
529.6013242,463.5661354
896.3672204,479.6313933
439.9683428,247.8178205
510.5082266,374.7255619
341.8571605,470.6947816
500.5288258,548.3405783
681.8111892,317.34454
799.5033752,376.7742872
478.5761844,785.0400726
571.9413497,779.6568775
435.8431854,432.2236939
446.3920022,276.0429628
432.5408424,548.2733837
635.3475643,521.5885149
766.5303249,315.3074735
633.4288976,909.0700418
472.60244,538.7971467
669.2980596,889.8184306
524.3036133,912.1388465
509.9329082,329.0898279
232.1592243,402.5243026
725.0804669,216.9510692
773.9137671,539.22616
661.1043569,303.111192
648.5103765,623.4507604
732.6255957,439.7863888
565.6524116,522.9694101
532.1797704,339.9284482
376.8796289,519.4089524
713.1570671,205.4148033
600.6312712,550.4030099
754.9604394,135.3502554
442.8401109,561.8233149
467.2561767,390.2832456
461.6280968,347.8550722
821.828017,316.666284
726.3463351,511.1118596
518.3940312,605.1560247
435.3631592,444.9069274
499.9607431,205.2104824
541.9452469,476.9833698
456.9270068,488.6591648
317.1208075,434.4263859
790.300768,257.8633104
696.9271237,539.7066558
961.4014165,902.6012233
665.9679873,671.8560365
302.6583757,663.857872
868.8776865,531.8154051
649.5145321,916.3706653
519.0099473,332.2931053
214.5965539,479.6291158
296.0909765,676.3908579
595.0773607,509.9913017
567.2545963,468.3080775
477.2842498,467.245897
630.3369434,566.2960398
403.9792904,425.7850879
626.0435679,588.8332711
602.9749401,528.2453571
384.5969457,946.7223206
564.3119546,190.2868017
392.9168907,706.5651872
551.448142,279.1041412
625.4191728,461.4079264
788.1978688,529.0367324
702.7595852,509.5900145
561.1669088,840.2678374
982.3204053,904.8186873
599.1077502,242.8324233
673.5522456,424.7592
524.2579222,479.9926061
917.3171893,858.9603293
353.6515616,273.9371765
619.3933855,550.0040628
458.6431646,399.6036354
466.0203598,629.0292921
961.5943677,556.8440605
544.5069897,472.2629484
146.0577007,698.881496
268.9858021,637.3964002
646.5012864,572.619458
484.4826056,521.3463134
619.4638097,519.5172243
723.680941,521.7777295
564.6550273,307.9556184
445.05556,619.8930189
537.359733,396.905801
502.4673119,455.7111773
736.5103579,427.0985795
748.8725871,422.6955983
606.492271,664.2820589
751.7505572,706.0701702
516.9617425,346.7867698
455.0943443,363.0831971
218.3979037,664.1168095
897.3645148,899.4163952
637.3201166,190.9746689
441.1700637,570.3295133
416.6862252,753.0614761
793.119085,676.1015408
261.1707214,709.3342905
587.6452762,938.8080658
689.7019075,383.2147527
622.2237919,599.6528571
751.6302922,442.6067447
685.6144715,430.9694363
649.9170931,557.7455464
498.7690443,658.0673723
594.5635979,578.8848958
827.6554001,611.9808326
622.9635982,722.5443833
247.1289922,747.532818
273.7785889,709.5172997
640.3889256,271.0016537
816.2747656,634.4933674
218.8507999,401.6462596
567.9620893,450.3080286
282.9379617,599.8953929
721.158957,495.1595748
405.355012,793.7793001
850.8717076,467.7114537
893.0901948,529.1023182
599.3079521,532.5633213
843.7438209,620.6916862
557.0764617,666.7115536
970.0086761,563.8124718
637.0779088,474.2099415
840.693498,404.8371052
647.2581407,482.7668493
703.039754,566.2330448
626.4807044,587.3813577
438.0633385,766.4940048
742.1104689,167.9958252
642.8374443,501.2769588
915.0342972,465.3541264
537.6650844,463.3092456
789.0323082,290.0415685
606.1770174,573.9654396
559.571765,614.3083653
574.2193582,587.0552047
706.4688037,906.991125
424.0818167,547.8172501
460.9772458,368.5076576
651.1656736,603.5349965
555.9012566,470.7449477
582.3202705,474.3839663
590.1641292,500.1202127
229.2549332,785.819622
472.9205999,257.2928666
355.1749628,373.3760284
542.4133935,471.8059582
815.1605769,502.6002288
648.4686852,388.8290965
559.1431825,203.630824
626.2239354,915.7697791
667.8818003,559.2168702
810.6851111,536.1098846
914.8923402,899.7229706
356.4194686,271.3878347
948.53675,632.2958779
912.8385626,858.9254366
515.1393118,698.6791391
531.0095988,608.0199861
800.4968795,455.2968733
455.2133209,325.6388957
564.3753229,397.2666168
486.6454275,677.5501112
589.9389095,309.9189923
483.3710235,589.3205783
495.891224,663.617551
477.1238516,854.1786889
699.5774472,546.9997366
586.6297802,295.9944553
485.5030901,363.0175069
817.6474611,542.368699
736.1980255,659.3907049
460.6111627,256.8460308
599.9669826,860.9101222
668.6441525,322.3789542
798.3215936,169.1142311
644.5532126,545.8176254
830.4845032,389.1903093
461.2957202,687.700927
702.945136,754.5656868
328.5888244,595.1294438
465.7996493,349.5790653
711.6231644,476.0453406
556.9383996,440.9746428
436.2424807,459.3847753
507.767165,550.8567407
776.9117025,421.4225153
749.5067795,471.1959832
747.6773678,311.0620946
299.3197794,707.8288471
531.1652931,313.9000013
572.7675197,734.4418619
722.6122486,341.4209583
926.8273201,862.2153608
783.7842134,458.3415037
310.3984182,710.8094588
632.8666424,635.8991263
568.6743311,453.6515664
476.4476083,527.6477304
563.0499514,213.3630107
382.6397337,667.1105634
981.1248715,532.1853934
775.8017833,765.7785159
818.8016333,120.0043936
830.3503661,248.8621368
633.0057381,639.5522691
979.7646699,531.9756609
642.1393292,292.7538823
774.5301176,309.2736858
773.1440893,355.4981249
533.6688958,435.6343218
506.6304304,541.6578904
634.1252001,465.3017664
624.8565281,699.5060966
532.9334338,464.0339069
480.0613699,228.1339156
456.0952041,220.7522449
806.9535414,614.1197774
427.1057886,388.81562
438.2043218,366.9440248
491.4883247,313.0698052
601.9684925,187.2228862
603.3487382,504.9459183
731.3498702,321.5783437
696.3702166,772.0541917
638.6642589,571.9924128
446.271902,925.4968677
677.7629128,358.7840375
659.6809368,250.4675573
620.4656283,461.9543632
493.3931642,426.8142979
551.9024014,474.8613698
258.1388097,716.4542657
803.6798264,376.7663475
550.1246281,482.5395451
693.1424174,378.2491838
893.6646442,898.2558256
359.5299689,935.1774883
443.9373714,628.0563702
523.9680609,588.824036
644.3224351,535.159528
565.2594382,482.346486
523.9131117,473.7042059
462.6920103,842.6455362
636.7968411,958.2865424
468.3376926,323.1636017
640.844758,609.1298881
449.6956486,412.512606
897.5788136,580.8475175
521.8021229,445.5460911
581.0657427,341.8386263
429.4614869,897.5756682
689.877616,406.0857215
436.4663072,296.2813069
647.7206695,943.7670323
522.5966537,406.298003
453.6954026,318.6676846
670.9923156,845.8313673
548.179925,388.4454646
186.1643602,544.8926548
517.827132,551.2451782
685.1093676,391.2643161
700.9415887,561.1362625
496.8348276,202.4528916
960.4856619,904.4887525
876.0473243,435.2521943
818.9232315,637.9962417
708.245079,293.1270255
770.2601419,591.5028988
516.1230637,369.1717894
395.0240594,419.6716528
514.8023661,669.9706176
625.6248277,536.5872045
501.9746271,341.2634814
819.3553046,446.3386365
482.5402245,679.927037
420.2583105,592.7706956
543.3533718,394.9442449
469.6448925,229.0608293
735.8917453,497.7393798
574.4715731,484.697378
309.615018,658.1947829
151.4429587,721.1641776
588.3510314,205.3256075
828.793513,229.9341294
819.3398745,241.858206
490.9631467,988.3723027
356.3752156,331.9102256
936.5454577,884.1629677
551.3632614,464.5614974
452.7697309,662.0309977
702.6822099,490.9060681
579.8111849,414.2432852
225.744014,664.0267779
792.1006678,541.1675745
505.4753743,463.7663612
484.1533001,226.9891208
550.4984412,444.7690698
754.5614886,363.5914609
528.3429913,471.8198526
883.7800862,524.6364048
704.7917156,206.6544353
623.2028248,401.6048689
802.5846332,440.915952
452.9859172,455.1779664
427.1767971,351.4113511
883.5986401,644.6672917
683.7769103,919.0833343
461.7243027,413.2562807
428.0306214,608.5235278
755.5694044,657.0186892
485.8875695,514.9358932
609.6597578,508.5859607
647.7344817,362.5628359
437.9833416,507.8655617
665.4886203,892.508576
464.2312311,410.6245963
644.6965927,482.516938
875.1757628,433.6385625
504.2124573,818.6348291
689.6069299,431.1879232
593.9262745,270.0454886
751.3029042,526.7065044
476.7059952,599.7803931
521.4741957,569.2585156
727.1270837,313.6808458
483.1886636,526.3890224
280.6550546,680.2439549
84.81411325,553.352051
538.9471317,943.8592577
751.3522057,624.6932339
744.7024277,516.0749003
449.9600428,635.4916545
434.746614,425.9593843
740.7199614,485.2197451
573.0546246,674.6536808
747.8858391,242.5707697
490.9309682,940.8679066
842.9474026,719.4964098
610.0664386,286.5285398
793.2835131,669.3394981
597.5668066,899.4774052
636.7695313,595.4215606
793.9370756,510.5112033
672.4408134,416.3545248
423.5867649,639.6900849
282.3100911,602.2023661
610.0919957,766.7493485
517.1302903,388.5839699
852.4573086,527.2198035
793.4986058,161.0409741
500.9029835,510.3884101
452.5249764,343.7802706
704.5033224,559.5318867
581.0576831,484.9382841
587.32421,318.0055169
648.6826244,766.9395034
554.6537247,434.3614478
728.9607349,652.3053717
457.862416,380.9056484
691.0613002,408.2239769
478.5899666,527.3004538
493.2522109,557.4750756
498.4951673,202.8748429
414.3929364,441.2766424
550.4057407,773.4347944
616.9257365,552.0335239
902.547983,619.1589136
384.928723,332.7839854
869.6239795,616.7824475
556.1180871,288.1715066
460.7238774,509.070677
789.0648313,672.7082548
548.1987407,835.7482058
828.6617429,507.2186464
717.3274661,472.0029872
612.1014453,556.6600066
510.3486373,495.4982849
675.2441496,380.9528267
518.970578,307.534879
783.9134967,402.7335754
736.0422863,555.0151176
224.7097323,771.7773482
597.8306315,580.1172776
651.3691114,574.6794659
722.5966537,540.2235696
458.8183487,232.6501624
607.7999503,506.0941814
801.1613629,276.1800265
283.3199993,649.6774063
664.6780152,494.8139905
698.9782197,502.0485059
532.5864511,608.3991885
427.5912378,226.5494307
538.9480156,781.9671728
240.5134601,686.4652858
488.9824599,327.5982789
637.4391531,565.4256857
437.8690839,570.5638169
877.5239558,689.841418
512.8585618,495.403197
458.4464681,924.3156967
863.125881,414.7515698
405.0174821,851.7858838
416.8077785,296.3015948
150.4367657,715.7839076
597.0070681,542.4803767
500.3265865,411.6696647
823.7348041,302.7105943
575.1990203,484.6430331
565.4681791,257.3326067
629.5935866,444.8128633
693.9194208,412.4737226
467.6556368,955.5419058
529.9581043,389.2190802
630.7409876,609.3232606
419.0541178,612.837146
834.6582429,387.6626975
574.7738834,655.1798426
447.3177639,866.1548329
500.0184637,658.6459647
177.7309515,728.63682
771.8078118,361.03583
491.1421809,702.5182162
505.4501918,537.2632876
572.7845677,489.4766783
151.1456369,698.7980877
780.7809897,786.5893514
605.865434,512.5742408
527.0767635,487.1157154
650.8727113,586.4298519
876.7943513,528.2149357
438.3253957,589.0575039
528.2236101,356.587739
224.4576972,397.0844225
482.0102976,696.27923
201.3691451,765.7564102
573.4873568,423.3503279
414.1771396,891.4834612
183.1432496,438.4248622
245.0401299,695.0816156
873.4352914,721.4090325
343.0285005,469.7216716
781.6610303,575.585256
783.5748433,543.8099148
831.1453164,722.6680331
787.4384827,455.4594065
792.7927607,248.9858284
710.3060323,422.7220917
255.2934077,559.6394483
466.0304268,374.3150814
524.9110353,748.7393959
717.343825,480.9747005
728.3114719,526.8137734
78.71929492,543.2658181
861.2083828,599.9545642
238.4334065,387.6690075
262.658858,430.5641374
733.8647982,481.0900554
256.9949892,688.5125067
606.1658118,84.66562773
455.7778532,383.3815274
768.3103903,632.8095114
471.9176877,343.3834965
400.5103022,854.2052241
605.0480876,263.9436496
554.9555706,202.2325033
784.5080053,684.4597063
924.0770154,868.7639311
696.8176598,424.7959105
237.8753608,508.3042489
418.8953525,544.9542499
690.1433585,522.3757741
566.5176812,481.7476892
713.6232511,399.2589914
974.5441845,564.190734
481.2335039,230.9550028
585.7128272,235.3764333
425.5967089,563.3576545
574.6975118,384.1482062
442.7562789,537.9115192
563.8789078,487.6317307
618.6744472,463.1019368
405.6707899,434.9007807
585.951979,460.9340749
707.7139986,534.4350129
893.4365183,850.6678958
725.4190904,610.5215018
735.287709,433.5192586
664.5003892,854.0069206
547.0274456,857.3963413
616.4977232,690.7569237
709.0372278,230.6671691
706.9707017,226.9755816
814.666364,611.1963731
239.633869,762.4028642
510.7713474,497.8318351
724.8005527,438.1607222
559.7263508,416.0342221
424.4471658,995.540292
721.5020747,512.7453823
584.2748609,534.2404285
488.585981,715.9508912
730.1925371,432.1078584
275.9251418,601.0379729
646.1921149,503.8661869
738.922099,788.9186601
507.2001759,501.4925206
833.9263913,751.1255359
797.0946902,577.2144328
493.6156125,427.6359066
693.7061258,91.21752018
486.2733222,591.1495629
788.3861162,642.5677108
750.497812,430.4949788
642.3224682,623.0590008
537.5470665,469.0524835
464.9955608,602.4890296
865.2028936,355.7011504
584.180093,524.7935265
664.5524171,563.3135267
735.6217634,426.2918472
762.5493417,360.1689652
806.2213752,415.9516496
279.8201958,530.7529948
381.1703978,331.6652661
882.7517817,551.0614586
703.7156827,504.4586111
448.4208069,254.4067787
868.6333964,536.4510602
522.6490112,542.4160236
664.9249868,156.4900435
511.217772,555.6513771
491.2214437,425.8265204
464.2757088,431.0057289
596.709237,760.4971156
505.1881046,551.9488203
622.3838006,591.2606973
401.9805669,354.0169392
450.9509254,322.1518589
578.6488482,756.9235574
648.1728466,363.7387416
760.262974,276.0867563
516.285709,372.0508779
401.0796283,349.582074
447.6274596,697.826503
864.0826377,288.0426751
775.6242472,650.8165388
494.2912565,454.2902495
605.0424998,944.3344883
606.3374156,560.5514856
550.1832026,780.0989495
475.7947499,613.0644292
677.3051928,452.9944967
535.518127,487.7954967
836.0563906,529.9723798
735.5773606,576.538872
475.5294419,362.3450802
786.5109234,607.2718192
814.484768,309.4437408
579.5031819,707.9329193
348.634499,334.4432284
287.4013381,707.2924811
756.9363623,384.6437456
666.5645183,430.647671
382.8881884,872.3897448
704.0496322,544.7089143
666.7957752,459.6569176
665.2635204,581.5219082
646.7549993,573.7239485
428.1196367,412.7400565
398.2837674,598.956904
461.5339881,218.6471899
400.109344,508.1787187
567.990987,519.861137
867.8195855,357.7927498
643.048717,606.2588646
157.6473457,435.9206511
215.8636506,801.1570636
764.7092275,303.4235132
663.4651786,414.9677375
428.2355572,579.788095
501.7485834,410.7494161
420.08031,374.1662963
760.3750445,349.0273841
847.4649192,261.0501444
405.0084188,425.7853804
705.8109118,566.2924878
323.2494972,879.0601889
251.6444714,731.7201877
278.6135462,417.4243942
699.8556386,143.2130069
598.8285551,935.8147089
781.0971272,496.9201321
608.5120723,292.6036765
780.191245,535.1000223
569.5918833,447.5588162
584.0860293,465.5194594
650.1065689,858.7051945
608.755853,497.5643729
600.0943034,665.1866789
546.184632,859.8244988
598.839476,675.2969606
739.3395059,434.2531132
571.4340287,395.0992145
714.8386494,545.2684098
519.351447,400.1158062
686.876235,439.6755052
433.7026847,839.2152263
739.6218919,489.7317504
642.5648857,344.7288513
594.524768,385.7479436
579.2156576,891.4270687
610.0516227,651.1361311
857.7133731,528.6618133
598.3007105,183.4918929
600.6566336,624.2608567
774.3675621,623.5512598
471.8729554,538.4744203
384.2784413,677.7225899
530.2493588,414.2756706
349.7828587,280.0695414
526.029868,553.7326115
608.2604866,184.3946116
602.85087,679.5394771
596.1846732,499.6366456
639.9329884,560.1463121
572.4548278,355.5087181
460.7208213,279.7045259
424.1245117,568.5663861
533.5297551,566.9560555
595.2790307,417.7264774
748.2359078,307.1972135
841.3380122,365.431958
335.7773678,375.2145615
764.6068195,315.219991
186.4969914,684.9277076
152.5269463,441.3039089
635.3751887,222.8565269
816.0659348,427.2245485
650.49355,573.2657256
737.9250143,439.0031203
725.4945781,293.4920619
877.5401499,690.2144358
514.6639146,496.6934547
452.3596345,951.1797721
639.3203681,851.9070681
752.0537963,668.8278496
273.9196021,357.673634
465.2636852,253.2126535
639.9967312,471.3270294
549.3708298,480.3824853
783.8246912,575.3262558
644.157992,468.263699
276.4489266,679.0460898
590.9535516,382.4316096
536.1779364,645.9467264
471.7603156,933.4237006
584.9164089,524.3830878
664.0849896,562.8329265
760.8086756,350.7923082
516.8807569,576.3076398
899.3854996,679.3152443
690.0299397,199.3311002
643.7086912,547.4049936
723.916767,520.731115
447.4915398,538.8202762
602.7760565,843.0296487
572.640109,384.0989385
544.5980123,546.8897932
757.184817,298.3739719
393.6148409,415.2253168
458.0884896,641.6562586
384.6017245,321.031907
708.6809571,261.2280137
600.4705734,396.8870592
725.5034616,571.577461
871.6662219,523.7611406
226.7833143,543.9985653
907.9967591,457.7282066
451.4646133,583.1430827
688.8364731,86.09407734
465.7809534,543.7123614
727.170273,311.3406723
521.595704,329.1009225
584.5260571,409.8397607
866.5176288,416.0655838
516.9202011,554.1805338
740.2507213,570.2324823
578.4174266,482.3012926
436.8474459,628.9538445
409.6475636,731.1016671
668.3131542,471.6990026
977.2277801,566.2219084
407.980108,441.0701277
467.6973131,266.2154376
587.9214901,823.9161876
648.2311514,540.1867128
628.2051465,908.022696
432.2899309,972.593604
671.5325342,383.5551971
224.7578802,500.750016
537.0058592,542.3541151
466.7480018,500.0118782
851.2022415,647.8208
734.1122043,847.4413427
224.9250497,660.8188829
436.2111261,702.5675048
469.7526037,323.2584806
618.2974582,596.3167366
667.822237,644.4327792
644.2486402,607.6228776
622.6917586,591.6066785
619.9950249,632.3519988
495.2048538,446.4300262
458.1154398,862.5696786
750.2443388,552.2279621
629.2605959,896.8277938
511.5840648,422.0297323
340.8968834,473.7988342
897.1938698,589.17616
619.0758548,856.4968612
448.4987065,838.1105895
466.9275753,907.6102306
519.5610269,237.7632836
721.1003975,360.9906575
262.4210696,418.7480612
243.8271885,372.6629214
728.7788993,566.3821642
922.3755388,956.4132001
425.7349507,489.158674
969.4992428,569.3775688
635.022034,604.6920768
780.3664441,548.7372062
554.5747166,554.497389
456.7694399,796.4832355
499.522513,351.2904176
382.5558268,994.1092933
745.8517462,612.0269453
766.4753758,463.9243186
581.5109088,728.7910375
667.675681,523.9988499
679.4317016,574.9295862
367.1836777,362.7377592
552.6601996,435.2264113
370.5345132,347.2161592
494.9257486,430.0855221
953.1775277,589.7454547
683.5084114,578.768935
338.4656074,477.0791054
324.1808765,656.5606543
463.46801,385.27568
200.4035798,454.6383619
852.8746706,524.5148444
490.025805,833.3664118
370.4972712,794.6120035
707.4730492,232.2379894
680.384024,436.6750443
633.7362864,643.6139493
545.1108912,365.6362998
725.2203416,536.0113701
782.0408357,480.6485684
775.3522128,925.4950081
716.5190332,198.2494467
229.2547684,545.8718659
524.8139754,459.6211056
777.7387864,681.0159198
820.8332544,245.8131813
725.164134,197.2474405
569.5014,421.3376236
399.0917957,315.9271432
701.5040387,234.7235005
489.9020495,576.93293
484.7419812,565.5298624
764.7260208,314.199055
619.4412787,591.8864471
572.6083948,507.0754191
468.3621411,423.6884739
476.9066615,407.1341747
803.2142416,341.4104278
753.256416,625.677543
903.6939158,534.5963552
826.789786,469.3305179
585.4147265,410.9793529
638.3572297,567.4776077
700.6539146,498.4896778
594.4596769,543.5101717
180.4952481,761.0465193
690.2801771,473.3318776
555.88701,271.661168
488.3030707,599.8545663
602.3289129,186.3070044
664.9603862,518.606566
454.6693571,576.6365299
500.2446421,411.7802558
685.9522711,392.9578669
505.5250203,449.5447555
812.0239053,235.3216287
671.3750572,22.50563982
380.2701483,344.1897691
555.6079647,671.511309
611.9824687,599.7450825
684.358131,617.9609231
572.9687553,643.6622768
498.3359376,676.5849618
663.6888703,532.0718562
797.8266017,815.673377
458.8418684,509.3903947
512.4198374,431.0233633
724.6513001,315.5044607
650.2464735,547.7267589
456.6483061,797.9334147
450.330635,249.0206584
203.0275972,757.8272163
904.4901244,498.4362314
675.8057757,853.237442
605.4109948,300.545553
752.7036286,384.4320491
486.4257058,363.8857298
827.1200053,271.3594191
725.1324948,532.4086232
794.2612277,174.2521951
385.0046002,335.3375059
414.6466494,872.2438431
786.1898723,291.4452589
859.0871622,343.3643786
442.384653,579.9225469
862.5456939,677.4740158
586.0957636,555.717318
660.9280791,676.5710256
784.0660451,539.4195117
576.2052882,528.126492
593.7382069,566.9060147
493.3337508,353.3110824
479.7458316,601.1677446
424.2482971,485.2412448
456.4875483,387.1841031
724.7361058,379.9973093
342.1439508,402.2279025
444.1172745,568.2299324
477.8531564,507.9889608
624.5665469,561.5676578
560.3908941,469.023441
729.04211,568.5685799
490.9385184,426.0773092
725.9423359,312.0437293
608.0462927,496.3034293
857.2266056,410.950394
720.6746313,152.0147696
712.6666442,620.3193161
700.2634279,572.0916168
580.0040762,484.7679992
281.6105079,678.7308852
516.4226175,433.5299354
446.0862314,536.2538223
560.4191027,362.2391066
604.7511704,821.4922298
606.1972713,637.183471
717.4241814,551.4810279
700.0025991,206.9603839
278.5247857,675.8571246
634.7474679,537.5243771
594.5201989,549.5973432
268.2085441,548.5129943
867.6020509,370.4639276
419.3769816,893.8157369
548.3781644,467.6167419
667.8190162,495.5871047
642.1743241,590.2860203
544.6526319,783.195522
701.0875156,408.6489995
712.0984417,508.0777805
503.9831929,465.9098191
252.7617312,729.908127
512.7113616,564.7838476
585.6764541,656.6478861
509.4264411,455.5247624
628.061227,601.4771406
766.8628513,469.847766
560.9649841,739.5588695
450.0178682,501.6553881
241.6659245,413.0561177
492.1158508,539.9506751
493.7167621,359.5311387
509.1534031,425.8843963
415.3251697,591.3940209
559.9554055,324.1761802
410.8793207,982.479047
463.0440265,799.9717766
742.7713121,489.8887885
539.6755378,511.4206706
385.541583,438.5570158
218.3309251,525.7442383
478.9481699,246.728102
608.1136159,496.961481
711.6991464,470.3096036
765.2907778,360.3308298
756.4224647,557.6568103
549.6534105,514.1040465
700.4187777,422.5173947
515.4603779,414.3709883
704.3557326,502.9303724
776.3212537,418.9224203
388.4071041,389.7820231
693.9947138,511.1508893
612.837896,591.9187699
641.9831256,538.6475467
699.4478942,510.5355446
346.3170164,289.9083494
709.3901878,619.808357
441.7584752,564.4875729
496.0342297,216.2926832
621.9898684,473.2742524
927.8020985,519.7521129
606.4036452,896.0022779
920.0725724,514.2012237
572.4246117,355.091844
456.5519503,353.3242873
306.3936756,664.059435
828.864881,316.9461361
885.7567281,725.572633
513.002721,415.0680697
392.9790156,326.72454
525.98181,996.5922345
426.6561582,364.1339069
509.5887569,536.8777961
881.1090743,427.2226681
716.2079742,356.8368354
710.5135897,398.69515
688.0264223,537.3621782
473.9349573,674.9681959
653.2042158,511.4710248
493.0526382,734.6194387
579.9772758,337.1977687
833.5375975,728.7678871
515.1366003,555.0749785
830.0957843,307.701779
561.3444,506.6356454
522.3260276,546.3010464
759.2628183,474.0056415
554.4940156,200.6681601
787.105507,303.1358885
586.4247395,308.7264969
412.4339267,962.6572218
451.5469172,741.2896322
438.0225011,476.0328043
789.4113196,643.0778341
619.7037104,807.77216
575.7117644,345.7346184
576.7870632,506.8102344
537.7268048,621.4486912
666.4759675,529.3122387
465.1462816,500.20617
458.3342328,887.6460974
537.4276704,175.022008
597.7150255,678.4844632
450.4632741,509.7297525
594.1316148,328.5824208
784.0333272,298.1434292
824.8313905,366.1640157
154.7535411,438.3041167
744.6914918,530.0716047
968.1594898,564.0567209
597.8169092,415.0760094
519.7821418,548.8342163
707.924672,567.5169717
674.3889471,569.2088927
462.6816736,397.3339159
411.0671486,653.7230192
402.6711317,460.8191796
517.4166461,555.4855008
729.8599957,481.1437526
481.9599175,782.8570417
582.7287489,403.6254292
726.5811724,663.6125992
379.2711161,328.8734303
460.4878866,618.7927072
397.1543133,844.6834803
475.7370742,629.6554598
762.7854374,930.3564003
633.7820224,566.3738485
875.6544258,615.4346272
550.0561663,456.7536131
782.5957504,577.3166037
801.8871773,441.5015438
395.4227704,415.7435051
715.0097888,542.7199246
557.765843,301.2777569
714.3001086,482.8165139
788.5688356,609.7525874
615.4028146,845.3958769
734.9736389,428.7069878
717.211171,606.0086817
597.5150333,677.374185
548.8962715,434.2240708
319.5616261,720.2969993
462.8214434,297.7726261
971.0153484,551.5793335
643.3390277,595.3045969
702.4236133,275.0023866
961.5604664,464.2263183
196.8273448,715.2089925
461.4499164,495.2664886
760.0304587,655.0130471
697.6093592,539.4914492
298.6465023,843.0990163
658.049405,387.3009832
247.9699631,597.3818004
450.442391,412.9591493
828.9661654,559.1545021
783.8808688,479.7843989
832.7681294,561.6176777
522.5939572,541.9301163
719.3305789,519.6732386
740.0214269,435.17332
424.8312706,419.3579944
365.6485316,325.0759528
572.0085531,318.2557207
848.6839278,583.2309622
708.5831931,271.0475157
876.3933033,596.3776839
546.3209563,700.9367819
587.8923676,894.3616513
732.8639834,619.4132544
665.5655012,561.7607796
774.8196344,764.2415228
830.6628183,576.520381
708.8600213,139.7703486
654.4053374,243.8236065
481.6773518,331.1239692
559.7237441,394.3449885
515.5705908,549.0753522
309.7334703,396.7040082
612.3377208,715.1078663
660.1606634,878.9443117
518.9392983,450.9608568
720.2289858,392.3785014
494.9645935,550.71694
833.2766938,536.009615
477.8863986,512.7427288
469.7220281,398.9346353
772.3829954,482.267946
178.5766263,539.9055235
890.7463761,497.6246099
151.8766796,438.5254243
862.6760409,534.1583784
887.645823,642.8268572
296.5932041,680.2634697
784.1321099,291.6714766
474.551937,439.7546093
701.3783207,315.6324146
544.2777851,542.562197
220.4250006,467.4960799
837.1480184,741.2195124
693.1509714,577.3791181
858.3675349,723.4598263
732.7621896,565.5311996
369.8874374,779.2683982
710.466835,380.3595041
804.4443509,409.6028036
579.833581,609.2472279
709.2505828,829.998449
97.47706475,619.3945544
607.8246984,917.4244882
519.9902086,581.7370313
674.1605665,559.3382008
943.9060843,447.2271473
783.4751018,270.5916747
774.9163946,593.1235718
773.5810011,624.0158763
702.3387926,622.0574543
737.1071136,505.241399
729.3398363,440.974016
451.3412173,864.4568526
714.0380065,186.9851769
629.5319561,567.35354
349.1579542,300.1154322
573.7102844,981.0637605
476.5699706,847.2304611
764.3040298,320.7157204
619.9218892,623.640581
613.4628004,595.8748108
221.1583803,644.6658082
653.6734709,577.648001
456.5683242,402.7895709
623.1448346,458.443194
393.0419195,771.6072723
463.8337485,421.0438562
847.2978695,621.1721402
556.6369283,700.3310693
550.4719254,769.2748295
469.1382606,739.2654154
788.1118347,156.8317624
759.5936219,353.895149
556.1028367,684.8116632
577.3653927,503.6685521
487.2551266,503.199924
171.9066245,715.7046154
746.8947766,391.7056151
710.317058,544.1270834
432.2468913,426.020081
473.1156335,665.1854044
783.7382676,334.1548515
456.9575524,580.889159
338.5997895,610.926926
682.6570439,621.8196823
706.3984694,526.7228016
634.4938748,517.2726192
637.3388574,464.5064003
729.946704,477.4607524
630.4042067,557.4799438
410.9435879,430.6784685
636.6036651,609.8139735
686.0349046,386.6572229
814.9176201,641.1173227
223.7269841,471.8195183
427.7328503,493.3505646
902.8643002,498.872077
566.8070332,431.7897078
762.0254221,524.8104087
697.1083451,736.5915463
811.5582006,439.6270941
708.0505248,438.6834236
275.4446062,358.0952718
461.2123377,510.909837
592.0884736,695.839728
497.1693015,386.4855382
427.5642726,481.0007969
653.3367949,644.4137449
762.3514918,534.1965306
512.2959022,450.5229218
527.1428583,467.5738677
477.9907541,517.3167261
485.789386,336.2450928
645.8614761,551.9990073
594.5499955,541.4517726
873.2985177,434.5660612
328.4134005,540.1326814
580.8187111,606.5323024
298.7080279,690.6547737
252.1092623,362.7594679
621.2517549,568.1978186
288.034482,626.6922945
456.9813568,511.7241538
166.5944123,541.1379888
525.5362544,463.6306765
964.4205795,572.9890911
404.1580999,412.3318325
796.2395325,196.4606618
179.7776731,752.8368255
557.490438,469.4689605
610.3494837,594.0733225
572.3604794,524.3607313
479.5502438,408.3647178
944.3177536,492.693871
439.5306071,519.9366682
445.3551438,645.68641
450.9654118,374.2346819
551.766976,550.0354036
790.598719,443.8454573
949.9677204,889.8631434
443.3817527,451.5082756
256.0730776,414.4629213
212.5483343,801.6421143
531.1253696,339.0835428
708.1867592,401.6422898
446.1755912,643.2444834
783.3519156,555.8631989
796.4762873,568.177468
724.3316871,459.912721
432.4311089,537.2732331
790.981101,541.8253963
527.9193074,307.5564414
896.3219338,478.2179872
682.9180674,415.974612
649.4729906,312.7516964
724.3034336,77.7907373
700.0899066,554.8324845
850.057582,492.7302681
490.4772181,408.0175039
796.7367416,446.1980209
367.3280616,473.1608615
550.7736065,448.1821633
736.6820815,369.1744638
840.3043896,717.6150861
643.2823258,532.2286854
537.4530627,355.4838544
812.0997525,318.6178528
490.8584466,712.085843
422.2847782,374.40177
442.5415158,527.7111432
555.2026621,487.5140984
607.0429012,653.3439421
672.7085932,564.1654942
873.3853907,438.5440825
781.0039473,294.8300621
602.77327,288.5528819
753.341776,498.0852774
712.2451476,196.1948711
479.0938421,256.631054
541.4799617,946.1679442
205.9998258,742.762523
648.7417532,570.8735473
742.0886121,584.1658365
538.927552,659.1580728
666.3870421,426.1133929
626.2309164,565.6414982
458.6212328,774.8007714
816.6510356,640.7796572
708.2895716,573.4286349
453.9277231,507.8440828
806.4511939,515.3629634
390.8574055,461.7198089
528.8788355,514.2984846
382.1379405,340.8936603
875.8861171,594.8080128
575.8856003,362.832262
812.6298142,554.7621558
243.6268218,741.4368084
734.41032,462.207137
389.3102749,484.1341426
842.3666013,942.7808009
506.2578007,499.9463342
630.2226407,900.9637517
504.9438895,387.6652048
797.1096409,488.0635648
839.5006157,725.1188395
665.9103566,405.2017446
929.7815269,875.303935
668.3960274,547.925919
847.4667768,429.9930877
552.5077561,465.3742262
415.9886944,766.0556728
468.0585424,501.7698237
787.1241879,470.0770133
597.6972584,578.9883621
503.9101021,455.934846
772.9647704,283.3891558
474.9425285,811.2238861
862.9336488,677.178347
597.1104948,681.8250758
470.2053201,707.4946291
526.1596757,597.47459
364.7570158,354.5210659
746.2752802,282.7191528
608.7508495,229.4959228
405.9741489,372.0081918
695.4264631,392.6141422
758.2811637,481.2066222
708.618937,879.7598612
484.2113503,353.0851781
480.8082022,344.9262563
826.3121267,509.3917736
578.8392678,521.5533714
602.8897299,586.7647176
547.3996108,761.1815771
774.4771609,951.2193868
705.1299196,556.1383917
975.1632165,535.6095396
781.6773443,557.8816698
423.7480919,786.9807767
815.5114396,583.1031336
238.8659888,671.5014889
151.461295,441.8326695
978.7674354,513.3793016
427.6266522,483.1721063
782.2841521,309.540354
738.185154,451.0227444
415.3525544,839.7787333
688.48206,160.9728183
567.7793548,341.6994106
354.4382425,271.0578791
525.6255542,553.3884481
792.8955132,580.1853706
708.7253898,737.7453045
279.6783436,658.9506596
283.588618,538.0528452
743.0352868,494.3420194
728.4166663,566.2556938
551.8241872,452.5816552
498.4852801,479.2210799
382.1909872,515.2260669
785.2874506,472.529324
285.5514627,347.999177
741.8627782,467.9562669
552.902662,562.6162782
522.7579059,330.2334735
770.8863647,364.2923658
442.1122442,544.6762573
569.8912275,656.4799205
618.0748751,290.0493828
226.1121045,732.689307
783.9742284,870.5912025
604.8012658,706.9637373
382.6043643,933.7201007
493.2144296,992.6177234
600.0072956,191.1602272
745.9544538,553.926402
531.5887822,555.3493774
958.8124838,904.4510391
219.8358551,393.527454
551.386826,707.5294591
301.2576363,657.421439
750.8679249,767.6973023
670.0976239,558.8451478
468.5187043,321.7822468
445.6679706,495.7748568
833.2022398,432.4623643
564.406228,260.8590701
538.7266609,286.9984633
470.0621946,348.7431442
440.3324484,507.8449186
935.9717272,891.8007761
721.2422946,528.1608206
771.6912771,497.9822081
310.1271329,322.1821968
860.7563555,236.4366497
325.9110113,575.2818564
218.69554,537.7848607
675.6438045,417.9414542
560.8088553,450.9361394
463.2117353,548.8307062
462.1328411,619.7643337
746.8288017,259.527965
526.0350364,574.4870336
781.5449599,291.0634448
476.6877787,830.4270654
398.9528199,318.5494255
848.3347729,713.4432535
633.6104486,913.3851644
688.9960624,556.9501595
723.0873462,538.2433344
656.0827701,571.4987539
620.8012856,742.9966594
475.5170529,408.5969738
776.915208,636.477071
570.6088774,796.5320226
497.7567992,323.0535538
224.6613147,544.5490346
724.1656112,157.2396103
702.8779626,438.1165735
599.5745784,561.635918
599.1301912,329.9966417
568.53943,570.1352005
554.3490325,766.8695926
718.0081586,100.7528868
780.2034243,596.4740464
944.8406246,468.114893
666.226524,37.86119637
844.3085779,895.072648
470.869459,542.9978755
764.734365,308.017694
975.8917274,651.7839657
870.0313943,800.1775183
657.0983859,573.8572304
581.4610531,236.5214578
612.1425374,505.0893545
782.3588757,477.0957787
537.8501258,508.3536211
581.2994115,377.6556105
611.3773537,724.6463252
704.3698594,272.082179
715.5002865,183.1189377
752.1680989,389.8247928
693.3876663,417.3304764
545.1127038,707.0644039
470.1584755,400.250488
503.9143117,223.2319684
526.4743601,809.7676268
552.0023975,471.2738546
914.8346645,856.3267435
565.2996763,458.9738142
760.4224884,536.8953888
707.4820376,754.2076499
505.8639884,544.2295259
397.7389646,329.8988585
720.9419018,316.046865
590.639062,502.6250507
537.9156664,505.2282359
451.9839338,408.4415236
749.5456395,623.3895415
395.0737054,450.0753338
638.1667502,196.8657517
739.9304941,446.5051813
492.4164832,627.6175576
720.2708419,470.8179926
776.9745465,456.4228426
534.9050423,368.0599861
349.723625,717.9312518
620.1383302,663.4537015
567.7868302,489.1940263
612.150597,225.0171387
518.7883679,372.982451
544.9471223,308.9847448
762.1498217,349.7677367
683.2829221,149.9049508
900.641196,517.5861941
741.2669064,527.192558
584.4956762,392.1785891
409.4388826,455.4374262
951.7626316,875.9592913
726.699355,511.1190053
767.6756585,449.0421749
581.5119125,903.1939191
434.3156346,337.1862562
368.3680809,454.9111728
536.4385704,480.3777006
935.971128,593.2788966
722.3053842,508.4187681
437.7799938,632.8808221
710.4028075,813.4267035
706.7460064,466.0085007
892.1130943,424.8654243
551.830554,865.5307964
569.6381887,476.9423134
392.2139218,587.6480467
557.8491506,260.8687649
893.1908051,606.9755444
495.5315976,586.0443813
785.8169131,553.7321519
684.108403,527.0000212
365.5034436,609.2179974
916.3621105,514.1743125
231.8410345,669.3220308
858.043143,750.1957179
415.7926571,335.1959292
652.9209609,468.5882849
462.4727979,391.9994452
788.8471618,247.7016299
724.1277101,550.8115264
624.4919131,798.5522069
526.7097217,485.1036798
238.5474994,514.3859045
368.0666994,352.8963186
856.1189185,284.4988698
585.7225347,982.5236971
655.2314325,464.2583904
227.9752828,403.1335463
523.8842439,761.1777535
786.9182933,625.5453686
455.5836285,219.9090737
649.9692259,803.4692603
491.6477042,616.2440339
781.9553409,676.8559132
602.0218087,573.9129752
724.4817787,621.2186081
572.0897334,573.2679821
594.3669614,877.4112883
672.5798042,712.7707432
671.0208538,182.4609696
635.9842736,512.0159154
545.5443274,515.7331397
578.6695665,379.053388
812.2699931,268.8573182
319.9212975,426.1953176
368.6720091,404.7182819
729.4817633,506.9208673
822.2765838,247.0915504
637.8759451,287.4027175
793.9377347,608.8451676
387.9346731,358.914039
646.3908337,834.1705741
383.3810531,567.8256574
826.985209,193.5811972
541.0843067,416.5392682
523.8372795,306.014392
786.7124437,542.2592571
480.8257895,438.435727
917.0020106,506.3226138
693.5792094,662.8650173
776.9971075,715.3444473
588.7839733,335.2242195
353.5305027,996.8546821
448.6012643,235.8062406
506.8056895,494.7123629
552.3109697,352.7908047
508.1762727,619.8293136
763.7332206,369.178183
145.4975428,663.253622
474.5825425,919.8110879
222.7661228,409.9120743
799.5140414,817.0045867
613.4062334,873.7148117
797.6613797,429.6476079
273.4499575,367.1741288
637.5110904,472.5649272
459.9213019,406.6916848
521.4630051,618.1033147
487.1036569,286.6805634
818.5743313,601.0042711
505.4107177,202.2975041
260.4474837,723.6661321
392.9045316,410.1868075
810.4758009,548.0675793
838.3429531,422.4863256
480.1958515,219.239614
534.2169193,506.1539796
710.4569927,638.3822555
708.9909225,543.4401982
669.0423243,575.5683529
795.7161222,351.8127846
778.3272278,440.9567577
500.5984411,749.0124993
496.2376674,403.3147168
644.0802123,606.1627738
774.0138681,636.5449969
870.8931284,506.3881787
478.3228909,412.3579289
632.6472502,472.6926095
308.6563738,665.7191377
592.7815401,328.8321023
459.2540621,327.5881036
510.8832981,334.3052454
221.4835061,704.1040801
711.0296295,264.2198663
433.410771,489.9575293
480.0487861,734.9126839
642.6570319,573.3497397
321.9901605,563.5923342
592.1719909,513.0987599
460.7258548,394.8499927
938.0994495,891.9867104
908.1287539,855.84186
470.9711928,492.0472274
864.7189874,428.8435291
643.284528,170.2110744
707.8048265,260.8042447
464.7280507,688.5013285
458.5282327,507.4711068
566.7132841,651.6506003
560.9476814,677.5453265
571.6847305,356.6055823
449.4212173,513.2659943
672.7887848,426.911496
441.0739476,636.7518041
978.2166254,605.8678154
738.7935497,359.2301629
703.5761825,504.9295793
759.2604663,55.88053032
876.8021113,589.1085266
539.5928593,538.073948
501.6885558,381.8055881
651.5427825,883.2128201
154.112068,435.3693252
890.5349087,631.9299849
517.5774339,201.0587497
650.4726819,549.6906969
476.9152455,201.2395651
524.3524504,578.6542695
634.7101211,589.1742169
791.0923776,288.8666657
440.6152839,326.9852952
233.3342646,656.9573031
649.2657478,354.8205792
663.6501302,555.2912089
579.0994374,428.5168121
894.778039,901.8776903
689.361726,556.9109626
614.2019776,399.2244538
415.180651,421.8535554
477.0765875,809.6578296
628.2191983,556.754008
455.1312267,413.2757538
485.067991,572.7289627
782.1891745,399.1675808
520.7328014,494.1978101
426.2606381,221.2856648
653.7781709,474.1322791
241.0206313,412.4488798
775.6641857,466.6452825
529.3468023,336.1984369
447.171028,398.4383646
772.5118743,769.4741986
458.8990797,382.2255127
702.0982777,206.3244796
482.7314979,581.3092506
877.1678049,674.5467252
484.2355291,781.5412726
486.1652965,205.0077703
530.8699039,741.1719371
476.2174899,855.3287071
588.7421922,415.2148281
630.2381158,597.7030433
890.4100896,597.64523
515.2154586,539.8008453
231.062608,551.2994186
797.4109475,447.623232
550.4894228,756.4673821
261.948309,518.7066057
422.7816577,427.5332342
786.3552291,651.2358992
524.0957263,750.7420502
787.1754967,316.2342201
427.1563934,358.9042398
464.5721766,364.3300583
432.2546813,349.8721432
535.2457631,550.4647512
821.9377206,374.6698589
572.1371173,319.2973416
787.5207417,642.635595
313.4553176,721.2104992
373.0103717,738.0739229
566.3500923,484.2221893
760.6127281,300.6736531
550.1631734,257.8326173
698.1259233,85.55553845
980.8300665,951.8307826
469.6524278,538.2265984
447.1951469,507.3223426
426.6446231,927.230848
790.38848,251.421445
430.0552915,456.6698288
805.4617194,629.4626305
722.9320564,164.0362115
421.3801694,434.5754844
971.7261521,571.1550083
588.805156,480.1318009
757.3870563,691.3488464
667.1754308,377.9538493
743.8381468,619.2989233
444.0383413,582.6398962
224.8268363,662.3811785
280.1626094,663.9204491
606.4259964,665.830084
487.6074874,245.7157951
505.8288437,428.9337906
695.8194366,498.2978096
582.5112743,455.517763
531.267791,480.8847316
924.1074861,864.1598466
508.3962191,405.3065273
504.7638515,306.3076789
926.5690979,492.6168772
845.0116965,693.5714711
395.8826476,477.1908875
610.0547986,509.3876158
724.5802168,514.4789239
557.8097814,404.4779818
854.0608865,571.5651963
401.4702647,885.4323943
423.2974428,250.395369
643.2098942,574.3281568
961.8056254,585.5251066
596.4020281,622.6364019
532.6903871,602.6116347
781.0249353,676.9312146
444.8660843,360.219779
620.4900019,687.0071468
702.0257112,555.5303808
459.9395634,579.6362385
827.7763392,385.8441807
483.4363842,576.1010833
526.2601512,581.0279986
779.4276193,593.9989822
615.8799196,526.5366792
481.0196396,351.8890472
444.4473291,523.227658
439.312683,550.9229533
479.7728568,422.1236502
578.8919998,476.7123975
433.03922,493.0226148
549.7715183,740.9519249
268.3969113,627.4917349
466.4480435,523.7519682
481.3726146,604.8591649
423.9713342,806.4996829
377.6252627,725.8814231
783.9337955,568.6740729
473.1706276,597.0260827
641.6055673,569.3752913
245.3250177,690.175824
694.6195433,504.7866445
791.1527797,300.5444665
412.1643492,352.2341299
658.4845041,912.2168223
429.5450193,561.7201829
382.7573321,451.9121746
400.331223,352.2443261
860.8743734,672.6567514
913.7798892,722.6236963
546.4614902,386.2948192
726.964678,665.1867416
712.7413829,207.4132998
499.5049556,561.4879896
729.0656447,555.4995415
891.6084099,410.1136581
667.7087134,531.0982447
496.9401718,315.9310504
307.1763566,661.7874799
505.7864633,403.345786
511.091305,772.7840973
690.2006446,435.1083401
886.447997,436.6352207
809.8393164,359.2401919
751.8523659,439.9182499
666.4293776,881.5816583
490.877562,325.600263
829.2446115,473.1132653
745.1888057,560.8446053
291.8395769,677.2213674
491.18167,449.3947168
510.1638056,558.553992
567.3481357,586.0643141
392.9812028,747.1682413
978.9954714,608.0350923
478.7578103,522.4588898
790.9687569,362.2006202
333.6080142,333.402088
482.3887547,370.8402676
706.5675265,206.2003911
774.1723488,289.9898562
622.2076726,436.595982
487.0752684,824.4434856
577.5405469,894.5844424
711.1332659,196.6984964
216.8085126,409.133883
771.9223991,283.0343991
769.4862245,360.8449856
398.3983247,385.0102655
450.9346264,494.7847809
439.1075375,360.0910729
572.4674565,522.6952828
293.8405775,566.7860632
701.1230498,468.2568876
452.5560463,365.8059997
701.253202,555.0729936
612.6124366,527.2967138
665.4063613,305.7435241
201.653104,737.0572492
565.6166228,562.994018
707.6870483,227.3923094
468.8002363,525.3752948
585.6898319,466.1494924
972.6067919,911.0275028
715.5158364,924.9659759
608.2468242,260.9799411
580.9712145,481.0066889
956.4476472,463.2307683
549.4529989,297.7446074
376.1522415,534.0352092
250.7122381,735.1672754
391.4058635,362.7043499
493.9428506,631.4806627
503.3809842,422.0290219
423.6406804,223.5982376
496.4577487,352.5070036
463.1637222,240.5217519
701.7364191,507.353955
662.2248525,523.4340057
485.2026524,334.1675759
552.4266806,201.5148624
609.3965022,659.7160848
574.4501956,701.7635096
453.894436,248.3943027
816.731392,476.3187992
606.002732,574.8703312
473.529445,488.3408888
664.7849623,571.2884155
750.770925,544.6177127
476.3188043,518.801025
615.1329974,714.9679193
701.9782224,551.9439729
388.5800562,565.55435
664.4259651,407.1383953
349.4805034,575.3260051
461.5659269,251.3305149
649.6502871,496.6840734
626.912283,469.1321935
321.4097337,432.7898753
507.2773864,528.0095701
614.9228933,598.3375059
660.9371275,429.4540264
892.974424,513.0933484
772.7477452,490.2513386
539.3562394,471.5262105
386.4840481,322.7790295
482.0569774,212.8846461
871.7177704,846.1632661
642.6938994,605.8088111
840.713722,370.8283163
748.0290245,307.4644249
701.7158057,574.9507725
682.9749041,438.9379106
561.8535037,392.7983632
580.5330743,354.999535
582.7185021,520.6392238
672.1601052,428.6776529
758.6988703,346.9823153
582.3370638,298.8413464
343.6281925,349.6108866
702.6270211,276.5607333
433.9648168,903.55649
786.5312822,571.9103209
958.2357123,547.0861953
530.7734732,463.4728235
587.719895,267.2970493
287.4602871,605.5834292
220.2977996,646.1658402
938.3734313,916.5375444
755.4639253,349.7475741
425.032656,423.9142946
491.7695272,384.5726021
987.0549621,926.5889891
463.696091,544.3549308
692.0342959,216.2161281
242.0610551,687.5114198
679.8110576,537.8475631
961.8302087,912.7611906
708.1135485,342.816918
488.1488895,386.4395299
744.8895215,481.3208488
336.169712,709.4919555
552.8092724,623.6356292
781.6086279,302.5319519
825.085433,545.8472529
446.4021891,599.7232485
654.9372118,608.3256212
639.2279372,359.7724627
820.6195399,412.0942068
482.7572197,588.5982571
710.34266,428.7826863
753.5851372,315.0341193
489.4138738,715.6522345
491.4414202,199.5260607
951.0778044,904.888222
495.816785,574.6071732
913.9071501,857.3335135
425.9605149,608.5441709
200.7631762,512.8143738
569.9838081,736.3314388
518.7565639,480.0777903
426.5207927,270.7457668
654.4996559,318.0404096
521.8886813,399.9567205
924.4510233,494.2023232
639.5992037,470.4304327
437.0561718,388.3846426
419.7287731,333.2790859
502.6728021,423.6895604
590.6426873,533.662254
330.5029519,553.1703163
622.852067,556.4195602
626.823088,488.8123167
718.3276817,210.7682247
474.2652965,959.3017744
829.4282448,545.1539533
663.2067018,477.385263
467.2942876,930.4517599
737.9799485,408.1520184
559.5582674,716.9355137
398.4308927,490.8294922
518.471766,428.8733029
384.0962911,603.1252682
635.184949,970.1845434
790.0274753,849.9223407
447.3855665,541.4167963
475.1687069,447.7860368
505.0942656,612.8288511
888.5235415,840.4459574
401.6838144,256.5414403
438.8895085,524.8297773
693.4190359,525.0390501
372.2223575,335.266634
608.3399891,182.7065768
421.0387445,225.7291174
681.9596479,629.4856347
743.9392965,508.2763139
719.6789848,480.8519909
591.9002112,412.9628058
654.8468183,475.4389176
642.7503316,503.4181811
958.8033606,883.988922
572.6312104,451.2226149
660.1181931,548.3724205
471.7802848,521.1386912
517.9643401,498.4698914
489.0334692,382.9740974
669.3655027,850.5472757
741.2797748,431.6181902
472.4101479,831.0637427
509.8386647,505.9101902
647.5355381,481.9571709
718.0302701,389.7825036
556.0080839,585.7111454
487.4966003,716.3575481
773.3648297,417.6130656
572.2419822,983.6321157
676.3526757,201.1060325
552.3908917,474.3289528
696.4973876,333.2353969
569.384221,377.6845694
281.919979,702.3975125
366.0467633,298.8681532
423.275616,408.6100116
703.3713216,500.1179144
433.6153473,578.6052317
698.9159899,554.651105
701.6816198,435.0335611
489.7966454,424.20965
793.0588327,280.1930658
717.8911595,719.4139209
600.5253128,571.2810818
508.7591413,551.1084489
615.0458398,549.7469222
538.5682401,503.327648
632.2562842,313.8966165
627.4543593,937.5291743
767.548083,299.9924093
272.2926993,720.1953508
833.5030521,417.4551708
958.6593662,708.2347727
444.3509433,567.4648207
503.6789201,507.1030826
823.0653021,332.244151
793.8146684,596.8106253
260.9852604,747.4832578
712.704036,571.2982356
422.5403188,599.1890137
503.2148633,210.7832683
725.9790685,503.1323533
339.2864443,574.4334409
833.7074636,407.8156693
569.6745018,358.3710079
583.8539635,525.5938444
968.2947055,927.2829573
720.7142852,910.90542
521.1427779,578.3672717
209.9852133,511.7301503
615.8837546,597.845999
368.7602454,808.0655305
835.5500433,205.6191034
199.5809302,663.2986691
348.4253086,814.7104005
745.7016996,550.2444674
972.2828645,569.5200439
609.3867348,274.9695624
603.3237205,561.4193533
570.4644336,200.9455469
663.3504715,473.1936439
748.0421925,313.9289184
463.7325839,832.4660332
465.501249,507.7991402
742.9098085,445.7367892
718.8423882,196.7676133
550.9735538,459.9017517
822.2210654,660.6464878
595.9335819,509.0356798
891.1545699,654.1008844
561.0233488,478.9249096
678.8077409,556.6762829
651.696724,415.4946176
621.3345981,222.1272063
453.4494197,352.3872609
581.4017296,484.0852092
428.7037337,524.1127423
764.1678703,267.9914354
737.7280033,572.2874757
791.282872,366.2332162
502.8462934,551.5033426
523.6610766,357.3886419
615.8654482,720.7820709
861.4324939,814.2656332
574.2803296,596.6400271
548.4633896,535.1003357
361.3300784,735.7030563
781.0682295,677.3952251
511.7858696,550.9866168
708.7122368,433.6220355
654.4798364,583.9651511
784.9551789,664.2618546
339.4711562,835.5648414
501.3366744,615.299653
592.3602232,550.4987664
395.6253093,846.8747015
719.7917295,668.2962474
326.8869282,441.8416539
378.8591921,560.9786603
743.9340232,427.2240471
957.1800232,590.4763841
634.4963316,471.4181057
693.3368218,191.1795958
704.1127309,473.2854724
547.2515867,609.4153607
555.7553896,443.2719839
531.6557609,175.7221608
887.3249815,538.1606992
485.3280258,407.3695021
643.1114561,604.0883491
483.6123175,358.10528
508.5278994,800.9729679
823.4413174,316.8872364
581.4680041,841.3381038
664.7121412,553.8943717
902.7979657,733.458493
565.8534375,468.5305134
586.6824523,736.3254004
819.4334139,590.3002281
695.8784305,199.1279702
649.4027012,580.7494
704.8645218,504.964075
392.808056,595.2531144
407.1784015,354.9700956
683.6603455,563.4490442
516.3812708,398.8037562
173.4464295,657.1030376
504.58275,470.9472211
501.4466327,445.6608819
486.7995189,825.121679
413.4841779,860.1813239
356.8118877,744.1255122
455.7203872,917.252511
814.3145275,637.4857841
938.818957,895.0287918
652.9013662,610.9966488
583.107266,421.7703561
796.8143715,318.4253578
559.2235988,546.2998972
625.6351943,536.5426588
625.0655237,731.6500053
504.6648142,585.6813716
514.7557013,530.0341002
274.9371654,631.6085957
709.9078455,386.800492
226.0579493,551.9151394
404.2134985,445.4553282
603.8144878,722.4697505
937.0771822,486.4851809
648.9686208,913.0443022
940.7017599,449.2959306
445.5685887,687.0103645
459.9705285,414.1224351
533.3767274,335.9286137
502.1401936,562.8262195
438.639361,576.2066181
402.3485525,352.8880655
218.190541,519.149806
924.0760567,862.3012136
369.6501882,341.7943732
777.2952082,477.6547727
650.7311438,510.3284239
745.5713077,389.5448988
357.7318069,570.7740508
582.1666585,506.3053555
626.3783713,526.9996033
434.700833,456.5363589
474.4478212,795.8964318
530.4981581,760.7469851
760.8273565,366.5390603
544.8754846,433.9942802
665.7349777,852.2580638
638.8638316,351.6886334
584.5927062,759.0768355
552.4835623,374.0692026
711.8044756,266.2140377
653.0894188,174.6549658
563.4027616,452.4992081
970.399732,571.7378839
617.5096987,519.9180518
648.9748228,639.5042968
781.108153,68.59357939
148.730675,511.0839036
415.4460788,827.6900551
388.47627,297.8561806
393.1479228,844.1628683
472.4645278,448.4662987
404.0791067,411.7449661
785.1131802,275.9191459
500.3644277,249.9842408
555.0219051,302.1703003
408.8950686,914.4097987
562.1881573,318.4827532
378.5804764,568.6148389
763.6955442,320.3218714
506.0181247,452.5016109
557.2970823,445.2539115
795.6144783,352.0522072
662.1859177,442.1751614
772.0763107,359.5807198
911.8738962,640.3302933
470.1016987,382.9270654
792.3808666,486.8246641
517.7880024,542.5667309
592.0287905,514.7095501
605.6179081,490.4071858
595.4561024,496.8167075
453.0955459,929.2717799
742.4095284,323.7729498
639.0755986,565.4289869
477.785249,517.148865
463.8025737,644.6572418
610.7696771,702.7380822
736.4868532,455.5535751
555.454113,198.020283
564.3235496,478.5551721
304.5908246,378.1629131
627.4877213,243.1886216
491.4892085,712.5915994
686.084236,404.1418207
402.8490124,424.8749519
743.1898725,618.6383852
347.3099364,291.5852268
727.0342483,481.8852961
520.2054212,222.484115
620.3644187,543.4396132
538.9348176,723.6016328
675.5887205,444.8539824
437.2729124,406.6201443
599.9606757,511.2917347
437.22821,633.7410008
773.3761102,426.8481459
637.1303412,210.7923571
428.4278494,537.1821568
501.8356662,516.6224654
797.4505115,415.238083
233.7782323,662.0609803
490.3235312,374.1702662
724.3448552,477.7870725
155.6901637,690.0956334
445.6141899,686.471345
483.0433509,693.407329
456.1629318,264.927917
578.6860453,390.4190764
895.3723828,611.9064505
524.5859693,431.6168321
803.822922,552.9459582
344.508278,291.6706826
540.6258377,198.0253811
529.6175033,420.3608154
706.8995135,210.5405863
910.4034966,440.6406755
327.3043052,566.7047234
940.970888,897.392053
650.3810151,984.93071
525.9892854,374.2877941
387.5156932,597.5083754
705.4379226,795.1094233
488.7126128,517.2780098
937.7464595,449.0985047
673.7112357,556.8726433
233.1859858,765.0411512
714.0572866,411.1404027
477.5572579,466.528465
703.7100949,138.596198
881.0968351,544.1067955
772.0239083,290.2648611
868.939332,437.2399304
465.0038901,250.8557441
637.6619759,878.291358
495.5511174,437.4585009
709.2088616,439.3235066
751.3832307,428.5449352
378.8632069,463.0040701
642.2851812,499.3277509
815.9575945,552.6880446
595.0547997,254.7471185
584.6081812,475.5601646
486.025212,290.1913147
930.5574217,854.2640612
553.7379253,254.6859414
579.0318146,717.7235669
605.1682627,489.906799
547.9579711,500.0131527
461.5369543,749.4707641
711.0021399,467.3622549
509.058845,616.8700136
273.0950949,711.6575609
526.2622635,459.6182013
304.8450019,655.1616441
607.1285308,299.2744758
534.5706433,342.4367336
450.2084825,532.9296322
776.5189388,652.4049935
775.4092144,432.3431231
547.8654204,553.2641715
373.5331378,861.6380638
670.4778637,475.8194363
517.7162749,371.5274453
688.4366685,536.5590814
503.9320488,324.3025879
404.4102698,980.7863947
489.4559546,282.8263591
495.5178753,422.6098082
549.2112555,305.2443493
455.1043963,501.3193942
404.2500514,358.0608596
418.8289431,448.3317005
567.566659,454.2402296
492.9482827,414.1246081
695.3364292,478.9602829
353.1628166,304.4687697
296.8473815,320.3904868
827.6465465,572.4997572
659.2698068,485.189637
168.7116181,483.4474663
723.012263,504.2838132
377.4978669,514.0980081
635.4573878,476.230272
906.2555386,420.4465638
273.1472128,551.4611579
518.7871544,481.6624214
489.2447868,614.2817674
770.434652,311.1476758
535.7420283,585.0669672
273.9495934,598.5554287
393.8066387,654.6416589
638.9475287,389.1258518
158.0819655,715.3222371
407.3531662,436.8076576
678.2398829,746.7469587
423.6026444,557.4569815
632.8544781,378.4122394
614.2206885,554.8253388
582.362561,874.4186209
575.6395724,520.2970453
554.2042292,658.6255932
506.9241268,952.7865298
597.1058957,724.4147169
388.4318372,871.2410638
471.1135992,268.9654021
747.9621807,565.0499725
535.7006816,389.9693364
816.7726937,535.3178406
620.1981481,484.7966238
784.0414917,697.6045476
867.2642364,738.222708
529.9161284,806.8972719
469.5486566,807.4504574
772.6971105,641.7411294
378.4325571,721.8231904
209.2670391,530.5707378
844.9412124,227.9116051
263.1438429,434.234852
379.486029,829.2011608
524.8054514,492.647821
796.9711145,477.9363591
706.3396402,380.6504509
931.6635208,851.7422992
727.1901224,522.0083558
684.3392104,385.1849171
574.582565,677.0767611
486.8624827,427.0107
740.6633943,284.6760914
256.4255133,686.7425889
564.6299047,484.4438521
831.6842316,447.8965026
638.8729399,531.8337708
479.3094741,518.0067872
266.7581587,425.2117607
445.1879444,501.4513597
688.3374214,558.0206348
575.6448756,520.6259145
563.4880017,484.9481669
877.4731563,439.1657162
484.8150121,589.2083783
630.2376364,648.0003199
829.9079414,446.8480285
523.3634103,493.2901814
477.443165,515.6674494
662.3646523,475.806691
481.2736372,370.8346889
528.7866743,443.7358691
597.1849189,678.3738093
671.7143099,363.0646643
659.6566381,483.8695011
830.4408195,404.1732659
354.7212727,304.8138106
772.9950015,353.0420114
732.5637704,411.545597
428.7204821,996.0703898
501.5281726,533.29774
821.2919331,506.3453254
337.0706357,636.8220493
603.5190986,297.9953963
493.6453941,448.6322585
524.6787148,679.2540253
615.7749349,885.6651726
598.9715607,537.3263452
446.8114615,299.3664296
611.5345761,530.5505125
536.4785839,486.7107927
538.6464094,817.6366882
675.1726768,418.69731
955.2574315,871.7223118
737.3459807,482.587977
527.0509668,740.9571902
532.283242,303.2003669
373.749429,947.6304926
455.5493677,533.9397243
568.4361082,449.5160473
671.3272089,847.4427217
529.0347395,515.7220033
406.74904,230.0312231
850.298831,411.6448428
744.0580034,708.8819596
539.9502087,545.7325248
456.6893831,268.2667537
681.7313721,471.1173597
620.808746,436.7335262
538.353492,466.9332415
307.0236585,375.6540009
807.6200172,548.5499973
450.0993931,616.3763756
744.1594527,564.6158611
924.6290838,736.1830716
603.9044768,561.5421673
479.0243617,612.8909059
687.9015883,823.1146578
803.6956311,419.5017022
715.7687854,184.8213684
441.0885837,366.6675365
609.3695519,563.1329203
504.3776644,492.1173471
501.4419138,661.7366034
783.3166511,634.6573632
512.8247205,619.5831214
547.726115,396.1534554
516.8111117,546.7014978
747.2383437,316.0392178
721.5174299,416.379284
629.9056943,647.9834377
372.1756327,322.2609666
694.0069979,137.0042749
541.9551042,632.8977461
461.139951,391.5738585
692.7789859,527.0048894
455.3356532,411.2000128
703.6756992,995.1304801
537.2153791,548.8097078
533.4298639,314.441925
547.2858475,411.7702477
498.5979798,668.256967
504.6214751,494.40608
596.7723357,319.0721477
717.4339638,456.2720935
564.0172694,314.2032546
842.7006557,725.0252351
496.0963396,254.9373988
663.4668415,556.0002625
463.1719766,379.9271686
489.4730625,348.3277328
776.4565593,312.4750619
735.4173968,436.7467102
465.6890319,379.0881344
817.2541281,581.9475994
914.697741,851.5226631
725.3665831,316.294269
565.6220607,782.7910172
442.2359996,439.5615919
655.0775509,407.2820405
528.9355374,473.4569899
782.1892644,530.4568454
487.4854097,567.8866047
788.2151715,295.4685363
468.3101581,770.4166156
522.0132608,581.0107611
708.8148245,490.1101379
753.4367835,646.9132131
809.9748617,412.0263227
503.0036356,466.0301677
794.5962858,260.9268707
973.5854503,582.3407799
481.0637727,338.079886
671.5940749,426.744199
586.1498439,397.9396285
514.6284254,504.6149806
795.800074,165.6131328
644.3332361,308.1891071
377.6622351,294.5671339
417.3136914,878.6839534
583.6615964,598.629372
781.6484166,435.8099555
441.0901867,759.9790318
486.6919875,691.5066158
329.239196,600.847421
788.7219982,318.8689551
756.6005851,533.3711401
725.5162402,202.2750432
427.7239218,766.1250404
736.7994702,447.6883372
571.4395566,766.8813349
710.5190576,563.766568
538.5366908,389.6263221
810.7270271,221.00692
702.9428889,320.4792856
804.5292914,203.1642018
497.4596722,203.1113821
435.6095616,502.0653463
815.3594305,432.9887012
793.3105832,292.0431572
272.9014096,594.2602597
814.235819,636.5281982
684.3669996,433.5737707
462.0493387,612.9377916
567.7093051,492.1903293
532.4268319,506.4774999
951.8917352,904.9110172
699.3342956,503.4547035
666.3099815,896.9251174
622.1869693,652.2504209
824.3909882,192.4454912
898.864651,857.2102816
589.1098632,627.9342456
600.8279827,276.8240166
565.7081248,558.5530309
610.4172714,557.1400427
506.0383486,504.426936
727.3206192,470.179999
481.11631,782.7862952
554.983225,362.4202354
271.1032026,634.5537506
551.3921891,516.449924
956.0075296,899.9568145
801.5244948,197.9738777
508.6999526,504.7934977
494.7781439,546.1437366
675.0722313,361.9387994
601.6861065,576.484151
336.6330048,374.3277849
384.2719247,629.8026779
743.7583297,897.6858623
502.8323164,311.9880054
447.6232501,634.3725382
508.5094132,408.6800268
746.1829392,313.2761111
500.6732247,697.6682321
672.4695313,193.830419
477.798402,466.7262044
865.4186005,430.5687758
774.1907151,763.5781431
285.4231831,382.5705746
831.0094265,463.167251
342.240756,592.173445
785.3433885,526.8723807
521.145789,394.6777021
751.2211096,20.94969595
580.88936,482.0758689
414.8371288,958.6557576
792.2382355,448.2266463
766.0308987,311.002568
431.9549327,416.6724038
956.0479026,876.3344195
761.5878961,316.7018453
422.2512365,378.8947619
755.2378667,299.9399657
811.3724401,500.3918328
502.5864384,794.015317
392.3477743,453.6175512
441.5870362,504.1737026
686.1867488,551.5338267
568.2694481,394.911149
913.3499434,894.7234074
756.966818,277.4943957
388.460735,834.2042968
826.3844235,621.4015546
574.4305859,371.6200259
666.5216286,384.3798145
421.2940304,355.557547
540.4188496,475.6572165
567.9961703,575.2423253
415.1049835,822.5176789
792.3767469,526.5634025
697.576911,507.8354746
406.1922078,603.9014537
702.8456492,325.4215788
701.6531265,265.7428606
463.768193,908.6766107
784.7656282,153.3263599
474.0200326,410.5630012
569.4088193,365.2422001
786.5682096,642.0252857
900.8136986,952.0646683
446.4355661,564.7136652
413.5560852,948.5322919
605.4525812,298.5281476
340.5454514,539.3306502
585.0176933,615.7723762
820.6249179,309.6428801
576.1066553,545.9034991
846.8739909,67.69574991
534.6072562,620.0306258
859.1501111,293.5592357
467.400291,839.8711259
544.4572987,759.9602064
358.262333,964.1553941
411.0783242,360.491796
468.0638456,635.3774069
552.1185278,392.5449418
296.7194314,632.608617
480.0385094,742.3414284
485.970982,268.5844446
483.2968241,426.2750903
393.0708472,592.8446598
807.2366614,423.6655952
553.4613967,702.7811444
660.8635873,430.4957101
865.9501303,736.8717536
496.6407978,537.9003619
498.1088304,655.2847297
425.415907,243.3789019
813.3237497,453.1189822
447.4856375,316.5628385
440.012386,263.0183029
743.8878528,621.0659995
694.7246179,83.08981381
727.1100806,350.8556793
516.1092664,535.8290713
480.2084053,448.7715787
514.6973665,418.3135319
562.4992762,859.9731794
591.2963397,765.5916622
341.27182,416.4925495
467.9625012,275.8059639
911.8398001,607.1542495
840.932485,621.7420826
696.2746547,543.1582984
457.2079397,256.9188667
831.7863101,460.5678266
588.5031303,545.7054046
738.0961088,448.9040874
762.226388,548.1392452
450.3887451,706.8084752
824.4514652,726.0095233
737.1077428,444.1494837
891.4103352,539.6462726
665.557052,571.3045247
558.4987283,193.70819
529.9168325,481.8504243
551.7913196,277.7700064
473.3041804,270.2829681
694.4340674,200.4437393
777.922959,281.1585705
547.3278384,444.2039957
893.4193055,538.2616583
636.6826883,596.2594248
906.1499398,524.1020237
677.3912419,356.2790533
916.654998,593.6227467
562.9666887,656.6994939
456.7947423,533.9324532
860.7183944,414.8986207
333.297869,402.8391938
592.8877982,575.2274071
864.3822215,465.3502819
406.3057914,356.3832509
395.0864689,455.9284107
724.5476188,209.3646597
477.5562242,420.0972395
803.6329519,420.0656063
637.4300149,453.7525046
301.2220722,659.5625777
704.9607427,507.7835534
683.6014415,374.4354091
551.8920198,768.6575626
606.1404944,835.8262652
751.4187649,67.53089745
249.8843903,698.8483374
444.7778031,814.2460766
522.960265,354.4783589
522.8601191,379.0411442
525.7892782,374.4931597
523.6063372,514.7998116
473.5542531,463.9094631
228.9275602,722.3555656
585.4333775,344.6391958
519.0185462,426.5501161
192.844459,663.5562902
660.0260619,466.8341629
804.3138841,436.6706148
762.0941834,389.684219
424.5399861,338.8453947
609.5191191,180.6381069
166.5941277,537.5078501
575.60651,681.4879536
399.5048133,576.2530024
631.8165411,883.5551866
691.23211,371.3315655
560.9483106,242.0486325
665.2609587,703.8534375
489.8569726,596.6143068
501.3531682,496.8946416
568.3626879,641.0631449
614.0015959,521.5968724
896.4754409,478.9835795
565.5353375,481.2010017
405.8323567,408.6860652
747.6708961,35.00924897
386.4114217,434.6733929
719.2881386,270.0832647
572.6551795,571.9623465
538.043167,408.2550042
503.0864788,383.2445056
419.6068902,394.5910553
384.1383718,558.7751743
474.9995899,597.675547
593.8580674,618.4826634
427.2453487,255.8409323
682.4739948,544.3774961
705.2993213,205.6554587
353.5049007,581.6843579
672.7510634,536.0651718
756.5026563,114.7882447
714.4469343,686.3312726
653.881298,484.3919309
564.1466427,578.6700235
508.0963956,341.6153129
442.2862449,399.0582433
265.3045675,709.7032967
574.2526603,989.4323102
385.50509,344.8492625
818.113795,560.750583
520.7863723,494.4325734
502.165496,204.1691958
767.4586632,949.74355
850.7081334,762.9266103
808.7958665,564.075003
531.7822278,712.4718359
612.9874182,527.259084
799.1884062,418.9848511
470.905143,497.2230302
885.5977531,497.8744585
877.1283608,430.6802027
442.6769113,989.7175948
341.3110245,300.2307454
267.3064669,725.979269
698.0196353,485.1604692
641.5561011,543.5333221
547.2483209,456.635542
304.7211416,666.7349965
783.6328335,672.8139985
810.8840696,381.4114466
865.7140347,744.7659086
447.236179,547.0205469
418.237865,452.2283193
369.9742355,597.4058701
774.3302902,72.56558323
585.0862599,270.7671203
733.3369686,300.3837092
558.5789798,661.572712
579.247102,589.6561961
797.4991388,380.0429206
500.896362,571.4022661
366.0131166,601.3269139
595.7456791,340.8940573
581.892467,599.7720774
648.4169869,570.0575381
742.5186777,922.4942757
697.1465009,575.0808785
872.9068626,450.4855427
855.4764866,725.0181938
445.2323321,537.4452939
857.1806748,412.5477913
616.075882,717.1535201
95.31631013,614.3200241
436.9553967,507.3147163
806.1431161,484.310027
957.1929665,918.048859
708.4308395,210.191471
418.6690242,762.4739242
642.8606944,603.0076567
637.8262242,543.7675839
612.8867031,527.2840103
474.1496156,829.7811948
634.6101549,463.9164835
432.6620661,545.1257048
211.6234415,786.2110683
729.3855274,443.7628013
921.4159208,674.1178163
518.8013561,483.71403
834.8424305,400.130223
788.7910741,683.5065082
897.8468481,481.7638402
631.3554505,520.5443031
962.956412,577.8566052
757.3871911,642.8057962
522.7719727,560.730128
672.6250758,25.51717442
743.8145523,292.9583286
433.331643,818.6573526
260.6235817,510.6221914
744.6651558,512.830462
320.0630297,671.091071
769.7047029,680.4631104
780.2561114,290.90672
547.7691395,534.2558064
640.3014983,609.7327173
661.8646418,453.9894199
641.7765119,315.9763482
303.8741934,313.4447035
453.3772427,779.4323522
512.2677984,728.978727
501.2200048,235.3736126
433.8840409,443.2521348
457.1237482,692.3615084
437.0542693,314.1426416
603.7410225,292.8476957
630.1942374,170.089723
682.0927812,434.6608566
684.9758747,562.1236848
753.4905941,66.41309755
610.8814929,592.6335902
472.0931266,359.1765284
554.6422945,408.5356086
734.1689212,182.8125922
576.1302199,596.220019
403.7695757,760.2280655
171.3680387,625.8763271
828.4177524,725.5654246
393.5895535,248.6539505
608.2409668,551.4503349
379.3566858,679.9823012
892.2597702,844.4612324
381.1560613,329.1652338
631.0280625,552.9952259
947.7145199,592.0319728
643.6185075,569.1743343
464.2691323,387.9165995
705.356188,538.4146639
789.4325323,325.8570066
734.5456556,475.3829012
541.8195739,456.9573072
748.5200016,17.00468697
569.3281633,981.3176207
498.0165194,409.5900374
369.0192615,602.2950512
636.8006612,910.8071771
528.9441663,515.2726393
656.939276,695.8693972
696.9012221,487.1683888
500.3737008,378.3372723
653.4027399,604.6628672
450.1762441,512.3559628
832.4833615,247.219964
617.7077584,272.7270467
938.7994521,601.1013021
728.712475,62.06429409
872.9514751,832.9589609
644.3850244,580.1511674
251.6460294,393.3553305
508.6434904,689.8147992
462.4922578,330.4708694
781.8537419,598.4594633
496.1738946,580.9568132
778.0171575,467.6475185
567.2104931,519.6919804
818.1436215,301.5049775
429.6562658,895.4132804
401.2902867,992.1995331
455.5314059,332.2626003
586.6773589,748.4576841
712.5182455,184.3929609
557.5197253,403.2660342
483.5930223,376.2867293
789.5807662,162.478805
371.1711476,343.2762066
450.0429609,865.6375221
446.2898639,377.3819011
678.8574768,569.5544143
415.4256302,564.588135
461.9092993,785.5995889
461.3715225,788.5243723
445.0804279,542.4418275
661.4044051,354.6220041
692.5195054,544.3402006
748.6390082,892.6200447
479.9129113,396.1556074
212.5362748,734.434173
604.4960792,490.6058445
792.5446954,347.9117154
599.0196338,668.9227285
278.1334751,600.0602035
779.7628722,539.3567048
620.2392701,477.5467515
475.4598266,624.352121
691.0951865,517.1161452
562.7050959,736.4488831
604.9315678,503.0947026
798.6644716,275.9708373
769.6108639,640.0749078
568.2612237,489.2620358
663.5097462,360.696493
730.2370447,298.4063783
617.5542063,690.7897897
933.959641,891.6980828
654.1968812,515.2430536
199.0591079,737.3743969
857.4366648,483.7393743
636.063866,476.1793955
752.3828471,646.7904199
727.2110504,305.3494035
506.8314113,452.5329098
687.8356582,545.8469604
633.4674879,635.8976846
433.2948055,412.2138031
702.3870005,541.2550361
226.2968614,772.4326837
376.6780038,506.6332426
875.3495987,497.9593502
822.1269567,332.6814592
647.2196104,341.4681366
582.9444709,233.6416798
490.8111227,517.2880598
681.2912994,521.9411821
424.388771,427.2368132
776.385431,679.211966
489.5887434,315.9568125
819.2379309,360.3784678
612.1289349,665.3892238
198.0192983,518.7322425
977.5908521,603.7116122
511.5797354,286.8128215
795.9173728,539.0621433
559.077627,368.7589061
607.0095092,180.3862315
563.0477642,461.6237599
427.5871631,487.9884932
358.5882079,998.2238977
562.1080256,650.1099716
209.0469728,530.2171721
564.1213403,349.8168163
512.6705842,442.6188423
887.0446779,500.1298239
631.0418447,927.4657158
369.6473119,793.0235279
603.8262477,289.2420864
600.2502524,301.9992215
695.8492331,517.7303825
523.1406924,579.7425047
400.176098,362.0583749
879.3539218,555.7839276
904.8716376,730.3712183
377.7026679,531.1505211
515.2336302,428.1828866
437.9865775,647.8073026
565.116852,445.5017334
706.6268949,574.2577027
758.9192811,365.7917083
662.8748196,371.8678896
972.9758861,577.0270568
698.2057105,198.7083382
281.2934566,678.9131213
455.3938981,322.4354511
652.1164829,576.8100324
473.7975095,412.0004143
587.0275624,391.9657643
474.2375822,244.0192147
525.0512695,482.8651757
498.3605059,549.7900262
833.952263,415.2042976
736.7930435,490.3145633
550.0160181,442.8132804
415.3830101,476.3921784
711.9460432,222.8459755
397.1701029,584.8442806
755.9287611,472.0152936
701.9104198,229.9706728
863.4555161,495.3990391
709.1972216,805.0419192
749.2553437,261.3580152
719.5489375,798.8726349
494.0567188,338.3642512
615.210148,775.1835467
823.3482873,513.6843518
569.1851576,666.6659632
770.2566364,360.6551859
617.3164178,562.7888822
222.3186496,805.2324293
978.9630832,505.879121
526.9104629,463.4232215
411.2296591,716.7637245
655.5824301,473.2542152
467.8074511,429.5644504
559.2248123,469.3126746
719.2284256,320.9624767
593.8155822,538.1484972
797.4039365,527.7103075
369.3678621,990.1977354
409.9586675,600.8986527
430.3174685,522.4830431
781.208194,332.2410379
622.5928411,436.9862791
682.1579323,631.7531394
745.7871944,485.1180129
541.3065003,538.5179422
794.8710466,877.443235
367.5756175,531.9529493
823.7689151,557.6331584
736.3662736,464.5539129
646.0701721,655.0171423
705.0150178,479.3660205
253.5322329,667.77691
719.4452112,487.9826638
748.4042009,357.3320614
602.0462123,560.1273823
674.1158042,560.2574882
588.7681537,566.5425245
618.3179368,622.2075139
439.4486178,794.1028204
494.5762941,448.7589588
416.0005591,592.2760756
576.7144219,492.0219667
491.7748004,445.6693648
661.6824317,850.4682969
785.3355386,635.6557756
766.0302545,552.7116755
693.4820896,437.1910179
563.0566028,453.4078815
441.9551866,766.2683095
567.4095715,484.0109107
714.9902989,208.6144035
383.8684498,331.9875328
455.996736,817.7217053
721.3379912,324.9415009
579.9333974,474.2586868
794.2073422,320.182593
871.4982883,695.3697209
801.5628454,256.7256405
574.9907887,354.527146
532.6539092,723.4367804
749.7432347,525.5359684
547.1175095,712.6032373
156.714678,722.2222211
868.9631064,457.5339774
659.521752,849.630579
745.3955243,219.674018
795.2989101,540.161682
461.4349957,697.068704
506.8940905,450.9882069
808.2554831,324.3580611
707.8805089,565.9630545
273.1512276,805.0223626
736.5678238,488.9314952
654.700457,833.1707827
804.8655629,334.7680441
589.6322398,560.4942782
568.5123749,387.462033
588.9847745,373.7979169
599.8225238,676.8400547
504.1430518,414.4245602
737.6640807,484.7563822
624.1416945,459.1365146
582.0480564,804.1462418
806.1401948,172.7023105
528.9835505,711.7202424
437.5309098,432.4760915
380.1663021,328.4685911
895.445174,913.0036846
598.5506633,189.932442
656.9791696,584.0753243
842.5937684,515.0776579
411.7589269,226.8812041
595.2514213,536.61585
490.4141344,705.9455802
912.8004218,411.4481272
475.2938706,334.079383
589.415649,309.5211107
533.7302567,421.2699485
512.8812576,427.5939726
649.7347931,967.3927703
678.428325,228.3736098
574.4655508,200.8819042
763.0993727,375.1274969
499.1084618,532.5700073
400.7669963,261.5182292
756.5650359,349.2907093
257.8642437,617.5296323
907.6725021,855.4513122
846.9106636,648.1820755
524.6865796,398.7928496
705.3720975,128.7271985
916.6650949,640.4114032
785.619183,329.0393901
506.6031505,350.4783991
278.0832299,424.4872875
849.553362,618.7417888
432.8533995,536.9094294
443.0485222,529.3121551
489.1214957,357.5213805
505.052874,461.1065954
550.1491814,508.4175354
734.5970693,403.1575324
681.0420058,470.4832314
349.28532,568.8758657
505.635398,376.6939086
643.3191783,522.4889352
354.4525341,766.0811633
425.0094509,645.841505
625.4522052,446.4993937
789.6580665,549.0566731
564.7076844,666.153479
915.0493078,468.9826771
526.440294,637.1070204
676.4005839,532.1066653
415.9456848,235.5239229
821.2095393,334.831645
287.1150122,701.9170167
520.4391799,446.1112487
516.5604099,415.0395705
590.8515181,310.334153
292.5071164,586.6804109
197.4151121,541.5785147
580.6160673,424.353337
401.4540406,423.414869
299.1880691,661.517009
865.1818307,433.2607808
782.7177381,850.9513418
837.5211275,347.6295858
359.0824358,370.7189161
791.9321351,291.3767062
414.2772705,294.3712959
648.2612776,525.5332104
832.3567148,745.7011798
690.1764957,565.29512
282.191489,351.6565195
470.6882525,671.0180679
462.2406272,424.8109958
731.2862322,410.6335388
793.6961711,335.2564796
619.4072726,602.8126544
781.4113472,303.9108831
651.7338162,500.6899253
773.3561859,472.0619705
440.7686262,522.8688689
614.6001493,589.7370553
653.8737177,511.3969979
351.5126189,336.9376403
653.4394426,644.9121676
718.8688891,621.4583859
155.8560748,627.4264625
706.51827,337.0420051
214.6868725,521.60266
487.3276931,548.3121209
513.5198544,565.1267156
606.6461376,891.8493543
970.3670591,925.1589515
402.8639482,883.0014161
435.340808,552.2043102
567.5248479,361.0107574
794.2950092,577.8887817
476.3787271,414.4637988
748.8479139,498.9888318
396.0951936,666.6790637
569.4752137,471.6959939
439.0845121,517.1779074
722.1141257,321.9535554
568.2029338,471.7189353
241.5592021,703.8089336
875.6691068,452.4100331
952.6076922,502.3270835
415.7364196,390.6402796
453.9527409,362.6269591
540.7308973,463.9246947
601.1456632,261.7632723
328.7988686,636.9228203
391.9016793,662.0182524
870.119301,624.3930938
624.3893703,550.9840887
575.2452957,464.1110261
507.9955157,729.5480216
570.6622536,457.5423141
366.6115203,409.4546662
514.122887,501.4028024
860.987927,344.1381613
452.8065983,498.2965978
678.8175533,153.2433278
169.9977102,530.0940865
805.5928005,443.0928401
738.230111,360.1777406
726.7171671,531.413909
333.1329466,540.6366409
729.2325595,309.6243681
823.7585784,579.4155368
447.5902476,621.1978814
472.7991065,704.1584041
340.0622942,280.2866912
822.8710625,385.6247744
491.4459293,426.1804621
710.1443157,496.4867728
712.448106,580.6768148
603.1190843,671.8562873
528.8188079,423.4213043
821.5618252,230.0593254
424.5638054,618.9552404
822.0718427,551.3941095
668.763279,376.535763
514.0495715,735.6035807
811.7287707,446.7915106
695.9332898,503.0802858
763.2580931,373.4946427
519.1215384,607.0553798
333.9863515,319.86649
756.7151724,126.9325006
446.0562251,780.3519949
606.8052775,882.2522672
667.1643601,478.8249744
632.9745184,568.4011575
550.0761955,344.7119272
791.9064432,442.3080672
655.0435148,544.8533953
716.0023942,285.2561881
634.6584676,432.0554566
732.9100789,343.5015049
403.9736577,472.6338351
428.6609639,251.5628754
739.6918068,190.4260174
594.448696,181.3110977
643.6511804,667.0597287
686.0866029,426.2558262
698.6957588,439.8040859
415.3025788,666.1099989
597.4880681,622.6686202
804.6883414,184.8683377
700.7141369,520.0606732
541.7994848,703.6816274
569.71083,590.3988052
831.3800787,442.4074383
459.3529496,403.4891387
453.9884249,793.4301639
606.5623506,656.6928705
600.6918981,538.1701014
188.0438224,729.3855928
667.511238,383.604214
407.206745,879.0967741
842.3296589,240.4184737
540.3134604,542.6645559
332.8360444,510.9357662
769.5807377,476.4666023
594.854418,549.0367613
707.4080779,416.4010554
580.078725,180.0450141
729.9112596,586.4240016
733.8746256,533.2507288
820.3898709,380.3379417
751.5353146,304.0611307
684.0169608,386.7246265
875.3412395,587.4463793
450.3099467,319.1904905
782.896263,868.4562483
745.3606043,535.8629611
639.2431426,522.3931578
498.7333903,538.2735678
800.4341553,277.1463042
529.8739278,464.7464915
396.8532314,817.2652792
501.9611444,421.7532649
533.1739188,745.1690136
158.0421468,690.7401877
411.722389,826.2571133
209.8374738,677.1979663
876.3284819,615.4993772
786.2509635,342.6653123
578.9946325,597.3520476
915.613136,849.4642222
595.7058305,636.6107707
484.3934555,791.8100341
779.4988825,149.2180447
614.6833521,554.0521411
418.0856912,435.6990301
427.3005226,549.1001114
746.7800545,622.6169288
928.2784994,871.1611239
586.45539,206.1277014
833.5056887,729.8423323
347.8241636,572.5063805
383.5443725,565.6258487
688.3834721,546.8381018
471.1974162,792.6245181
704.9276354,542.5195944
495.2798022,314.8191008
762.1563533,872.5165704
631.607141,570.1927631
445.6076433,545.8241025
413.9306024,292.0708416
475.6524783,576.6591788
525.6894469,546.0913139
558.3184506,576.6549373
579.945292,739.7120214
760.0048268,146.0645364
576.1277781,579.5553585
487.850564,867.937475
724.3071637,343.6523585
470.0256717,368.7226971
619.5586075,938.821417
461.9091045,610.1747894
445.7068604,482.0325977
485.8673006,240.3155924
634.4353752,588.993506
718.476425,6.126744456
587.8366994,528.1352465
597.5545224,762.6177366
771.5353581,306.7122465
803.5988858,504.2317248
788.6485778,669.3674958
634.1992496,448.5628282
485.271189,220.1779358
787.6175769,625.9221055
632.2282554,897.9282727
504.209611,254.638763
544.1539547,461.1682322
582.3238958,384.7432839
533.4286505,468.4004492
149.322607,730.4989214
563.3374158,581.0400543
858.7792042,599.1868616
494.7169627,296.2809099
811.7067641,264.1814634
592.8362796,318.0540115
704.7988614,0.974259178
665.788279,418.0624087
858.3468915,814.0257301
417.0318746,381.0259343
793.2450876,650.8508256
552.7450352,660.4853336
598.4447199,702.7551107
570.8685227,733.8510675
561.6078953,567.76471
501.0434874,566.9592523
725.6006713,523.1372086
568.9804016,432.7844429
427.6891965,518.8027383
497.7053105,193.9243159
343.0408296,661.4009437
371.08005,589.9964315
816.8065052,501.7089182
638.9200092,590.5590819
429.4905794,535.9489602
569.8746588,521.8581709
658.5507487,561.9486571
496.9223448,412.0815242
520.8762415,580.2691758
649.6734622,366.547982
516.5818473,427.4312096
770.6454153,415.7178266
200.4293316,751.8681658
65.15947954,519.9487658
501.8223334,661.1430092
261.0673097,672.8446289
478.9438854,411.3295129
451.8425011,855.9235758
762.248904,419.1375225
603.2882612,524.3575973
642.7635296,471.1583743
644.6636652,608.0929265
829.110774,665.2166407
378.0971095,605.3780427
688.2354629,563.1684608
275.1146266,677.5539348
536.7113538,623.6817837
499.412405,756.1562309
470.4242778,435.4531095
573.9032357,313.6783803
617.9256375,484.4885649
636.5670373,592.0594482
418.9264224,549.3717732
180.4716685,705.1682455
813.4947542,355.2771307
818.3526321,495.1668249
549.8594999,723.1690048
671.6283956,366.8718575
875.8787316,588.4036518
782.8238913,470.7331636
786.3003699,603.3662787
464.9383646,755.9256255
814.4579826,441.6662291
462.0249652,348.3878653
332.9621668,312.0617816
626.093094,671.3776719
634.7550481,564.6876106
580.626389,336.4284155
663.9402013,577.8006096
523.98815,340.1810548
936.8055074,853.3184892
675.6653018,700.0182884
545.7879434,341.752481
546.9708036,534.8192717
515.4190762,567.4758526
565.0075379,504.2932572
423.9848917,512.8751958
809.3762184,335.4644778
507.5662291,489.355494
565.9357713,513.7092572
806.5518642,554.8229987
834.5200461,360.1522919
498.3817935,430.5417601
652.5529603,571.6922518
642.2324342,590.4996807
728.1373663,535.4101497
932.4356405,879.6698714
409.83262,580.6614578
716.5963935,293.9594155
373.6736866,940.8545763
548.9097542,512.9465065
474.5158035,708.6290814
875.6602083,877.2419646
759.7256616,494.7719312
331.7737937,336.7152253
708.7568493,712.8798718
789.723607,332.3709558
781.0066139,304.7070222
501.3829048,275.6051323
547.4939892,693.0421464
788.4616039,458.3765218
571.7975051,414.0485336
813.1451499,410.1955411
396.7047129,818.4972431
674.4093657,551.1671606
531.5390014,329.2909312
784.8694744,425.6176028
741.732626,744.8457649
691.1411173,537.9832269
226.2914084,560.7360409
599.5592382,303.3073643
573.0395241,359.1390866
597.4216587,535.1680318
438.724631,223.6230595
334.7510408,967.5682577
585.5656719,672.9329681
669.2415674,390.1990225
576.6079241,359.1046744
783.1505902,277.2818008
485.3497328,507.955259
635.6823528,537.1198931
409.7089394,357.4133384
545.232085,356.6992494
425.534614,806.953351
626.0905623,552.8126973
596.8352097,350.6241128
617.6223235,593.8484002
503.4073502,538.7744769
827.8427636,733.7331636
504.0354905,379.4635133
556.4781629,176.1621852
763.3269893,948.7988138
296.2253833,674.9022131
269.3492037,724.0575574
706.6918512,461.8589828
771.2556986,479.4279708
758.4251881,54.4823141
615.7054845,593.7385195
439.3039642,736.5271514
753.6404459,910.241518
528.6157746,778.8026952
766.0300448,310.4802219
476.6277661,247.9948959
807.855259,817.3590926
896.133297,848.5191726
460.3047327,786.4134461
502.2612676,500.6479913
761.6000005,297.7386109
309.3323025,321.3421806
699.0531381,324.529913
400.0913822,439.9361559
553.4991331,464.6443833
633.5886817,534.642656
886.590014,382.8850687
583.5170927,665.5816353
557.161522,438.9371166
521.8490574,303.2837334
640.1503282,521.9035314
452.881307,501.5883816
502.9524616,461.3642792
415.0582438,480.9916245
471.2318568,412.4254787
502.6943143,469.7134185
577.6619354,351.6641667
674.0477319,398.3893268
639.8081094,604.066912
459.2994536,558.6523185
713.7706761,619.0676075
468.0068291,399.2615613
709.8341555,408.5659256
396.3851149,244.5359405
466.9411029,298.2046273
576.2534661,182.8346979
947.9563681,559.1973136
449.195713,292.0987976
692.0522428,727.6833293
570.281804,365.4972931
548.8410527,474.5978149
596.6641002,936.66536
284.2241288,352.2704852
719.0706041,484.7726377
587.5979522,383.7023733
332.8114461,595.7852389
846.8151168,622.0077478
381.5578134,561.4241798
402.0127304,422.6451606
450.5304624,400.6482441
550.0854386,469.3693387
473.7917869,604.3922919
873.0951998,838.3181699
564.4142727,524.3199048
806.6486544,632.7699593
665.8117238,462.1157473
465.00401,645.2322404
889.8555644,845.829069
415.5001442,445.8079119
455.6886731,481.2465503
771.2661251,351.3735124
659.4515375,545.7712202
426.4728245,795.701722
607.4326987,647.0924614
753.7768601,907.8253118
781.849038,484.1104699
747.087668,562.2562981
671.4048238,558.3492532
454.5556087,538.8842113
752.8062912,642.971171
656.0884178,537.7830638
591.4532774,516.3293247
434.7576248,739.7184985
747.4847311,437.9626903
559.322741,730.1926386
135.6346617,553.5598403
456.5410743,274.7267341
472.0351513,798.1141256
754.7304109,423.6629416
474.451836,368.146612
484.0114629,677.8847053
555.5333309,458.5180776
496.3030581,423.8303849
187.2261015,672.3874298
377.0350985,600.4881513
484.6030353,689.4755667
568.2569991,339.8809774
681.3931981,946.5742459
823.4026972,420.3447898
751.6524037,133.9386671
712.0063105,507.3723625
587.0301841,354.5301756
508.1478843,491.8677283
608.6360974,544.9116682
804.3716946,465.8830123
741.4680371,440.914573
801.8689608,421.6333343
855.0750342,399.4583187
833.0559834,445.127253
556.9969591,299.5585276
489.3993425,720.9568897
760.292441,505.5799838
556.9219059,661.6047841
422.6669806,453.8179441
924.8272184,514.6889906
609.5216209,595.4399263
827.9600624,608.5545342
288.0826898,415.8993314
635.8858954,479.7597233
523.5492158,710.4544932
813.9217488,310.6184556
488.8552739,288.936096
721.0619271,630.311067
702.8122273,192.9057409
783.7254591,270.740418
411.9798621,654.9854881
750.0811541,428.9145473
726.2270289,323.2559316
399.6118953,654.5675902
543.8050845,542.6490736
733.7380017,535.1698913
398.2954823,663.5366291
734.9107349,431.3073315
518.7742561,607.0291163
619.0334295,481.3265737
413.2430337,917.8792637
586.4326643,250.0106924
406.3709274,415.9083994
659.624924,473.2446249
924.9784334,693.0361498
587.2554487,760.2791092
599.5256065,557.8012912
784.234413,507.6075227
805.5365929,557.1338582
876.6787753,520.7506089
670.8070194,141.6311546
410.2213239,302.9294573
436.0709069,433.7088285
790.0531223,653.66951
572.5962755,631.1284551
557.7344884,735.4402953
793.9034589,474.403523
376.360548,414.2522486
716.9201861,508.9473824
717.6134474,773.257531
482.8880611,236.6698251
546.2828005,791.1717062
435.4940905,548.2004224
807.6243916,281.3003352
812.1926028,451.7446268
223.1346177,499.7671903
414.5887041,357.6240947
572.4027399,520.3823758
735.8430281,906.5648696
678.484188,530.2383167
949.7580956,623.2448098
613.6009224,717.9055523
823.0105776,401.9903395
804.8385827,328.280254
517.654884,572.0188226
758.5048703,326.1928125
250.2004379,673.0466515
349.6556277,353.8202445
383.3828807,662.3414802
829.0251744,907.1696211
500.860708,539.0437568
888.9933809,528.2464645
195.271031,430.7923191
424.806178,609.1347355
566.102057,212.3536707
828.498708,335.6946027
604.4559759,675.3569677
658.6590741,669.0879988
497.4530807,414.0521273
772.2332185,305.2338396
769.0850267,159.8531171
385.4348006,857.2353333
395.0278645,808.1729248
843.4521619,471.6242444
541.5313455,464.3754377
799.2328689,573.8627673
229.8062525,766.0847779
558.2246116,192.4298835
782.2049791,617.9632632
707.7872691,261.0807121
443.4272191,533.0057902
244.5033868,742.1456531
523.5328119,562.7713314
455.1091302,638.5718045
950.7787599,633.7678703
720.3082037,498.0013678
473.5887086,672.6862118
521.1145243,499.4201644
263.4414492,684.0208938
325.1520147,424.9797972
928.9530948,456.0760257
450.1341483,386.1613911
521.5653531,761.4553074
263.3865,401.1647191
439.5180383,484.5979651
432.0267351,579.5681037
452.1712523,416.6570886
184.9982634,743.0990602
663.7653617,529.3184442
501.3155517,448.8940375
513.6221425,429.020709
666.2919147,515.8771401
312.1295716,699.931161
974.4492968,606.4090287
716.74262,913.3062275
471.0860947,205.8492491
510.4615618,704.99888
747.2046222,470.8528645
829.9093646,756.7033154
424.1331705,415.7114958
739.5276334,430.6593089
730.1194313,433.5327978
487.2359813,660.0700475
480.8092358,312.8863573
605.8149042,891.3212623
520.8576055,610.4737176
836.4665319,415.9785609
461.9849368,324.5844459
445.2160781,359.8709772
450.0357252,865.9625677
671.3163179,686.7261664
845.7497951,400.3402897
778.0449917,543.5039035
598.6876617,542.7996764
500.8868193,614.7304001
540.9965798,787.3815833
541.9298618,467.0532558
573.4224455,484.6009947
542.7952362,994.5752052
745.8125567,357.6279391
648.8670367,865.0310573
867.4364693,533.1680519
900.1652295,588.2003338
660.6656474,524.8253478
224.2928197,522.3227664
523.5185503,546.1399757
573.8849293,991.3144906
737.2106901,555.8812512
470.4491607,383.214105
733.9802095,583.0569373
298.1217287,406.0536703
711.1796012,465.736233
383.6076809,342.0606652
710.3677677,460.7153581
707.9164326,209.6315159
473.5641852,823.2830205
523.2101878,337.7774058
679.7984888,380.3012312
852.1618295,795.9299455
308.4238885,403.3482515
458.8601149,693.0760989
483.3644769,394.0873882
577.4190535,616.5937343
652.2654659,635.6729922
462.1787419,403.4748682
516.6218757,419.4140943
522.1800108,494.8897725
957.0537959,564.2504904
615.4854331,553.6577489
593.9749917,610.1771921
366.6911426,622.8704756
329.255465,695.411634
629.8541008,562.6157976
474.6328477,587.2307339
466.1181088,744.3557624
692.7589418,377.7894774
570.7851252,737.5224507
484.4824857,398.4383646
625.9160373,465.0602544
777.4447754,682.8018423
496.5970392,791.5516399
681.2338335,381.8535604
265.3584081,664.6821552
283.6038833,664.4226536
323.7392608,312.3611695
569.4228862,444.5551168
402.5963331,269.8587603
790.7997598,386.7549017
880.3674254,533.7317887
492.8276881,615.4711079
854.0353294,402.3010519
823.7592675,504.8519795
451.235933,960.7138433
643.3248111,361.2172095
775.1527899,394.8112138
875.2620516,695.7662652
368.5211985,779.9995575
794.615536,447.6349116
579.5603782,786.8257443
461.804809,770.4878427
715.0190468,510.9255909
717.0027597,202.4835011
646.4403599,523.3735807
712.6136875,432.39845
153.8671487,666.8872291
879.2453268,441.7972126
934.9601263,866.7724132
578.8863071,610.1598294
481.023954,856.4737944
337.0577223,419.6040821
610.5294318,874.0107103
868.5037236,522.5926314
510.01298,569.2616497
982.4917694,583.1225649
809.4169508,614.3865083
501.7075364,693.5003484
588.2703304,295.5139595
455.9802273,806.5405722
559.3558783,425.6604143
496.6360039,252.8159212
551.863916,451.1275479
650.1558853,385.5005605
459.241688,700.3063518
630.5573093,452.5075238
573.4849299,801.5544646
812.6919541,67.2465531
450.7710223,862.8180647
934.692721,858.290577
644.9876076,299.7475543
464.7876289,449.7350984
794.0222408,656.2895566
623.81552,662.7465701
777.4834705,431.8042499
816.0649011,544.0320164
333.5261448,534.2784553
457.6385146,545.84251
401.3025709,389.7403189
500.6863477,463.3012641
518.7437854,494.5761141
698.3005982,144.7689925
835.8305567,559.7459233
578.1349357,479.5909637
296.1311847,587.6614397
507.1755027,728.1554049
373.0688563,986.076257
623.4022178,864.9925291
481.571708,602.0616878
206.3134914,536.3297505
652.2866785,411.5178082
747.2260596,443.6529832
765.2803363,358.4659078
638.2138944,958.4182572
507.2824499,551.4961342
432.6468458,396.825485
669.5039542,362.7400784
599.6491822,572.0284547
648.7922232,488.0368624
469.2273208,273.4779715
637.9351637,895.4353443
418.5935066,884.8282487
242.3485495,672.8849122
446.7173678,409.5222369
497.7730682,449.9346973
868.2113005,430.43096
473.9793601,526.1245481
581.1820527,530.9309059
953.8375169,869.1835422
665.0718425,572.5323307
888.3046137,535.9289439
399.7347819,304.0961279
524.8587078,478.198159
482.5065329,676.0514792
224.4816513,717.7759269
569.9391657,488.9959736
699.4532273,551.6508322
746.9140568,535.3289144
594.5932447,577.2520835
620.2239898,439.930034
500.1253659,320.9485823
867.6890737,717.4981014
438.3240774,640.6660992
645.3049435,289.5414116
332.2070502,512.6384476
789.5650964,561.4768322
512.9871411,566.4746613
727.5823468,460.7257423
635.7705591,594.0007999
856.8105469,526.1803138
671.559814,357.0889197
745.3652333,779.3201105
610.5302257,557.3244518
607.1584023,277.4625953
782.4035032,571.7149216
706.635389,530.6083676
815.6507001,836.5603288
775.7629684,648.5843029
654.4916412,481.6306628
719.5309456,318.9220254
541.6381428,565.9285588
502.3246359,554.0656595
582.976934,465.7617862
800.1255681,386.1249313
458.0195784,419.9946717
654.3659682,411.4467482
185.0977501,738.2725816
597.7447022,770.3363832
516.4797539,400.626431
307.0014271,653.7064712
765.9464825,446.4405149
460.1451584,510.7688453
527.1862574,375.2839918
754.7154602,552.7476756
563.2513518,639.6756473
550.7403044,536.3876683
242.035603,519.8999786
526.0847873,336.5148742
502.1707542,473.0798142
468.9968878,289.0798248
570.6592874,494.1337496
788.5275339,484.7535616
772.3361208,289.0643424
375.4415277,539.8563184
771.7569524,525.1355588
492.8715067,417.501388
521.7711429,327.5830681
738.3066773,422.4616917
838.1252836,222.3787055
519.8783778,952.9914775
779.7960844,863.9432401
604.2959372,850.1199756
561.1824587,521.7674707
669.9602959,538.6630082
528.2500361,643.3956086
410.4324019,241.029368
575.7416808,357.0906748
738.6587834,470.0080636
565.369771,485.2370661
514.960757,431.4917406
335.1427259,308.5557523
569.4898649,470.5600372
720.3313489,381.7614394
948.7194545,893.5310373
758.4062824,464.0939976
685.5006183,563.0992603
828.521224,312.3848214
702.917227,566.2304331
512.4697231,362.4441588
762.3173807,859.5297075
905.5387576,853.1299014
563.951669,444.7462328
799.234337,382.0717758
480.3440255,400.8467357
978.3949855,512.2464581
650.4585252,873.5996448
589.6032372,238.1998814
709.911336,468.519565
530.4177268,805.9456617
472.5242858,497.6273052
727.4173944,501.2820151
542.678252,767.7704726
488.4013141,653.3672179
643.0925655,575.23963
677.8810055,200.1256096
380.9655968,323.3197414
591.5257689,415.4881614
598.136627,347.8233971
525.9959218,353.127718
590.303899,248.6449243
792.723445,374.7017847
302.7534581,672.7847471
798.3105378,456.3895588
617.1153321,911.1763296
673.0227232,556.4009229
666.6209506,12.46990738
773.3382989,303.7661514
493.2929734,721.7584403
766.0018811,321.0987882
641.7412624,286.6335523
433.6839738,546.4103421
159.1562307,691.8048337
681.452192,368.4738096
630.7397891,474.2497443
426.3939362,354.3731584
810.885343,504.1755203
664.9537497,435.4221657
333.5422191,588.6612103
891.400418,546.1766235
612.1440504,547.08233
654.1907541,295.033401
497.4496351,565.9918045
766.2911432,943.571048
635.7489419,474.0215417
733.0770537,825.0022497
670.2866353,560.0956027
303.6729578,642.7447862
557.918676,403.6690974
433.8032501,866.1485229
396.8598978,844.6744541
632.6642833,626.8863357
590.3317631,563.066854
613.8443586,550.8150575
516.1452051,547.3053718
653.1091034,857.1654016
259.0985026,686.0268911
519.0747687,484.2278306
610.3487647,594.7909843
752.8203581,315.1723321
681.3550422,561.2681654
860.0418965,719.9714941
473.1936529,821.6642279
595.6270321,383.3851421
823.7593125,453.5395754
386.3655808,303.9271803
464.6368932,333.4957551
475.4185548,715.4218172
519.2753601,440.1558338
662.7392594,729.1467971
604.9971383,618.6230073
603.4962081,569.5415019
938.0552414,890.0357057
487.7698181,511.4793406
651.4440448,623.870288
945.1292725,646.8123376
451.0961183,863.7820023
234.3032905,507.7067058
513.6904695,434.2847465
499.9867196,665.9965662
791.511732,481.7408151
421.5300062,862.3713751
572.9396628,387.0019087
956.4655492,573.1366643
448.8038032,361.1466092
399.8621627,371.4585374
481.7497385,524.7195832
726.1651886,345.4263088
461.461122,342.1421512
641.5659134,641.2569981
441.1296308,583.2200974
752.1481896,317.7865284
548.7633778,455.0575342
395.3556869,847.0225882
456.4326591,476.8230722
513.4903574,454.5141062
633.3272237,570.5163879
589.2975862,275.4987408
876.3175909,440.3127884
691.2345219,415.7801529
439.5255736,332.5743365
711.7022474,723.2579708
827.8518119,618.0856803
807.6148339,170.1718358
571.2009142,478.2691354
771.1626984,349.337992
529.9037993,353.1992794
583.4289763,984.8370011
612.6133804,632.6959951
407.8914373,805.2595704
395.8084632,431.6006811
917.9594714,909.4330097
431.742147,565.7042842
735.8003182,294.8431625
288.3199989,535.5609614
731.2834758,513.4634829
664.789097,362.3731198
523.0489806,632.7364665
594.4286818,668.1811014
514.866064,536.4927434
607.4378071,182.3245537
660.8722012,216.5773827
486.3640003,490.9323526
662.2956213,624.759948
766.2191161,268.5412988
765.1180804,533.524668
791.1947706,578.882702
318.9995057,832.2931576
661.3567066,483.9419819
585.254553,320.7103507
489.0836095,225.0217145
556.9455005,666.1363042
528.0773087,762.6799375
519.3780977,543.6891066
299.0168848,667.842454
505.3941341,342.6898625
639.2109791,892.7593858
539.2295177,540.6765691
483.44741,431.9576943
195.2441407,759.5482842
521.812145,405.7994549
778.7394964,459.8347242
506.7157304,538.2161515
484.1443716,325.3557214
468.5298199,367.6020347
510.988897,186.2277332
541.5772463,539.5518324
538.8985793,811.4608223
864.6407882,466.3865122
453.6200797,224.792509
534.7713097,326.2988278
614.5690794,534.811729
703.5318547,492.6941426
732.1736882,889.4295752
706.9701175,190.3680996
261.4508752,711.9156208
980.3995664,522.3758786
515.0356155,568.5376361
360.9291503,786.0168808
583.8191933,209.3576603
227.3527752,547.1672635
560.3306717,213.5586189
580.3729008,392.3709378
894.4604933,849.3482405
769.1062094,350.9788694
408.5243415,958.8776085
527.0501279,628.2367259
412.3768503,455.3837081
768.1722534,495.5036755
468.2889454,907.9032459
938.6849847,868.9620466
744.6312694,291.7439574
604.0788071,570.7038057
207.6273578,496.9050676
316.3616161,350.7610302
414.767154,223.15627
869.951682,800.6133013
657.0416091,498.7652886
386.9327047,332.3465936
498.2124967,543.5393813
310.2488659,663.6576463
518.4169367,398.6472613
664.339901,489.4477403
528.9120177,813.6282664
871.7486007,694.4914063
513.3757102,756.3033236
454.2687285,899.4640331
532.7628038,408.8381306
416.0132627,424.9525099
426.2635893,230.2466387
377.7930914,966.1607855
445.7703336,683.0152102
493.2284216,847.0656086
457.1297704,554.9111499
276.0751285,680.1622599
550.4510723,183.021844
214.0809486,489.9606843
750.120074,320.7894757
473.2314791,369.2570781
598.004033,759.6919712
600.4363875,637.7856944
339.0585581,276.2756367
560.0995497,507.5272694
593.993343,183.9066149
670.4085781,567.8153776
931.4712437,982.9477168
514.462724,503.8569728
525.5316703,582.2189687
473.345647,431.722158
504.3475682,226.9702955
804.2629048,574.4026016
695.8445891,162.9658197
551.9005738,481.3511449
753.2613147,937.8092564
496.2835832,809.4259288
443.2150176,284.5910743
880.8252052,683.8050603
714.7948309,525.7202939
400.2271522,853.3936235
577.9179854,834.1754842
311.3769867,719.8161275
738.0689188,515.2734751
540.9271294,610.8226449
481.991347,611.037747
902.7664463,420.3892937
813.0545018,359.0151234
481.2923481,442.3339965
810.2942799,542.1859615
779.378258,681.8191838
400.4872469,488.0466616
353.1969277,304.670061
374.5242601,575.7142964
471.01215,678.7437349
494.570931,409.9864773
295.2826785,585.22505
340.7615778,548.7162706
937.7228499,864.9004081
332.0044963,920.7078727
597.9522897,757.8845699
756.8030941,423.733521
544.7310708,310.0211632
467.8911332,386.9647177
704.2497143,789.4063224
943.7202788,867.137763
493.7709922,673.1633645
414.6343652,239.1113964
600.809871,277.4937271
479.5254357,269.06423
524.4487163,308.3381011
718.1395243,456.129702
513.2855714,537.0372998
724.5424654,17.85654999
502.8362713,811.5745684
347.2720653,509.3635252
468.3153564,323.2384225
600.5717829,343.6553045
834.3890849,421.1788095
810.7640593,571.4359052
508.5943537,349.0897314
800.693546,152.9574373
791.3805461,301.2033122
666.0348611,569.525936
682.7131915,526.8450306
829.2370762,238.9371626
465.7274724,296.3720698
564.6127668,562.9426818
689.5607145,470.5511364
498.1553154,461.24485
652.0007721,396.303306
744.627749,284.7074948
720.7457746,576.0584598
504.5384072,381.2045349
452.3312611,413.3253349
600.2372941,793.6826243
363.1143234,353.7833251
407.3059171,593.1210227
626.2346616,673.8193269
599.5427894,567.6847493
457.9606294,234.7229155
217.4059724,513.2168519
646.6854589,532.648798
321.8657459,652.545045
558.6101097,211.9673853
679.9491196,524.2593126
588.1707837,458.5812188
795.6795843,361.2914662
388.2800679,836.2710326
509.21012,208.2221842
760.9590667,293.291084
470.8897428,739.8452823
517.7285591,426.5870564
756.6729418,298.4595113
559.3373922,721.7403045
796.4604977,276.2932084
443.7376489,280.538274
616.253478,591.6179194
580.7472682,652.0002797
574.0044003,581.4372046
499.1565048,418.256617
536.6707861,702.3279778
426.3493088,548.3129149
894.470815,903.7366367
470.8718559,678.0764063
712.6502704,386.195657
425.7323141,457.7250934
534.9171167,307.5415023
971.746376,532.0321579
803.9377639,151.3939298
621.9278633,664.5937951
717.2841569,464.778877
610.6773661,718.1319789
816.32567,543.5104224
419.9719547,236.1867384
264.8807788,661.9278656
699.9404443,274.6315208
577.5952714,484.4730199
717.0879848,514.8041575
493.6697976,679.7270411
631.5215563,442.7602309
791.331754,547.8876206
854.1236106,728.9918692
465.8321724,412.7369642
563.1915039,394.5282275
749.5430029,429.4282225
397.471035,429.039994
885.6057378,840.9728167
575.7103262,461.8290837
631.4376645,702.54425
436.9878149,803.2955279
589.0004143,542.7020604
962.7216196,569.5490446
703.4071255,513.2567801
366.1520475,315.1514592
669.9203125,515.8688034
476.0066817,597.3423111
499.9392009,698.4733974
472.6448054,491.7816039
746.7768337,430.2552846
576.2143964,485.350457
589.7278166,536.2715194
855.7667675,597.6028573
372.9149447,623.7386359
531.5352112,546.4603619
798.7864743,332.5823179
660.404579,521.3547127
705.3351101,263.7742005
619.1846296,895.878273
910.3205036,857.1417498
718.6566876,621.4747876
674.4132757,462.128994
659.7190926,494.5999958
752.7842696,269.2880867
489.7087687,242.9440801
603.5527602,499.8049246
858.2408432,576.5434896
637.5412166,527.8011539
812.4121149,646.4637029
428.7632071,250.9985744
576.4425973,305.8257832
847.3829598,523.2235837
537.2144802,734.0515022
892.982963,475.6597655
755.2286087,563.9968809
679.8149525,394.2560434
716.6521366,472.9654622
535.9188155,387.7715545
720.4499809,521.5911057
380.8830682,610.8789538
219.5200921,513.1105858
656.0045559,491.0738039
755.5190093,273.620969
855.5877033,479.4357851
494.9447291,568.9264079
736.7428582,872.0518495
715.0509707,399.5815088
746.65164,241.515714
341.451813,599.3169467
449.5016487,844.2641408
521.6819778,547.9995489
634.3084438,519.391903
213.1542881,515.5785461
150.8498582,684.5539794
608.71942,562.2888298
705.6721457,356.558801
557.3185346,550.6661052
394.3511118,313.1737103
271.3972586,810.0273164
787.4144387,325.2501657
409.3638743,441.3798789
815.0834563,724.1081206
225.0377495,563.5149225
545.8866811,476.5155357
837.8097903,565.4404785
635.5879595,882.9967777
529.537057,569.2447257
464.9669477,938.6071088
875.208226,684.1447943
568.3390334,321.3296234
186.6189941,553.7897562
481.1091043,623.4222194
459.1364936,495.3427302
485.6484927,345.8416366
581.9908601,385.1916032
435.4545564,654.5385269
694.7686461,597.9429883
788.0412158,887.4972496
609.2784394,274.1117655
424.8826844,458.3076557
832.6410033,404.8208916
456.0882231,760.6906762
823.4242694,556.8894211
794.2456778,645.5779082
677.3925901,380.2146471
494.2103608,730.0084384
718.2074018,508.5542647
441.6068556,776.3319561
931.6017704,864.8086006
653.0502443,208.7738862
696.5778339,516.6038908
255.5964071,425.2708485
495.4487844,426.6705273
682.4618006,466.2991759
701.8701517,421.357034
487.1036569,520.41894
627.6006757,391.6018144
220.2854555,522.0471766
725.6209402,297.6178863
800.5781797,581.634923
491.3167509,250.8891115
606.8998955,523.4177294
863.2093684,536.0490417
511.5514069,448.790404
762.0446723,919.3470355
715.2568203,501.3531377
791.1955945,650.9913159
931.4087892,861.5782865
533.027168,462.9516474
484.1868718,516.6096366
450.7087326,420.892334
727.5854328,346.7134115
549.3480891,284.7294125
725.6531487,569.8875876
576.6633527,537.2261383
705.917784,553.5585658
828.6471217,554.436776
444.2384833,578.8157581
723.1115849,318.791021
560.7510898,432.1369217
718.1460559,349.4900157
749.9121869,433.1080468
765.8194613,876.3743476
774.7401169,919.8839656
468.9615034,736.8858779
717.4513264,471.9554328
595.6848875,290.4614513
525.6851624,490.9917747
682.3242179,432.7689815
480.8489496,335.1903715
618.3109109,745.3732718
464.337594,494.7971919
474.7495922,439.6153309
651.3703997,609.2492964
588.0754317,601.4839311
461.7866674,805.927693
655.9935002,687.9241986
506.4900463,212.808885
642.7759037,293.5171346
440.3613013,539.693639
833.5098683,678.3664756
670.7918889,380.9650078
467.5148333,813.7937457
691.8896274,193.6917883
333.8392711,351.6075444
554.7234449,735.2556355
476.6900408,659.3120396
655.9714336,254.2121107
467.3753931,387.1882818
432.5180867,516.4427156
507.1385154,495.9555259
342.8252426,824.3322677
601.4587296,377.7957873
502.2897159,355.3286549
538.7726367,287.9337764
534.5431388,349.3473943
666.2883793,654.0642157
488.8411171,595.9465603
578.3823268,491.7049444
472.0273463,494.6348258
456.1933575,242.7399263
419.0959739,581.763253
611.8285271,642.8013249
833.4297515,750.129359
563.97026,471.1968608
703.6947547,289.2361107
702.6729219,462.4058165
723.3980457,624.0300006
810.1046543,559.6424361
496.9902673,429.1162983
641.8319705,521.2573056
846.008212,365.2909664
461.8739598,612.7516066
805.2306573,333.8056736
725.4839867,515.9246736
505.2921455,663.3471011
829.5152676,497.013841
612.4650866,525.7005493
483.722051,354.7647509
791.4871487,922.7464435
479.9152782,591.4634094
687.3025105,428.0378206
365.8717738,816.8536077
715.7226748,507.5631024
427.3031592,412.2266111
779.893354,689.0471175
525.1546213,467.2264866
827.1431205,511.1244586
607.7008081,491.7255875
837.3467373,720.1095398
388.1001947,505.6917868
735.0194648,345.8271154
759.4685181,280.6049044
432.5693207,799.3593988
635.803966,522.6685805
462.7893398,686.9094263
464.2286095,628.0435414
545.5031755,851.2628063
458.3521946,794.1161089
484.2904783,347.630923
825.8584066,497.7036304
453.8886085,344.4915807
652.7907637,405.7584403
442.917621,939.1775735
462.7366078,486.449139
636.4660525,477.7512187
468.9791357,743.4093756
341.4102266,475.315623
467.733072,912.9048776
149.208574,501.8771763
550.8670411,544.3955902
544.4653883,465.0786828
655.7183049,591.2875459
452.1061463,622.3027062
257.4388071,718.4871326
452.2136627,581.0566231
871.6704015,614.40782
612.287071,290.3543285
517.9415695,913.8579086
593.4334548,355.6132709
624.1243169,574.1627402
389.1415773,484.054934
652.4869404,499.4388853
691.4563709,572.6913119
498.7420042,243.2797606
344.7949634,581.1156483
608.4844929,688.8186851
621.6830639,468.7068157
470.7378985,522.1285372
630.585488,563.9503921
628.6774127,444.6666064
527.4095445,202.4344842
683.3896145,571.5953043
353.0014746,989.0833412
517.373322,498.1474157
519.7241516,581.7257486
784.0386304,459.8923913
829.4556894,540.4727496
450.3535105,625.2324414
607.9985942,566.9632639
490.7217029,681.4654927
661.9861053,497.3655053
783.2609379,636.9156955
659.728096,576.4278003
557.1845923,705.2211069
714.4814648,735.384446
553.7705382,573.0714546
632.140079,788.3676266
664.451657,875.8153745
546.0795425,469.1716829
422.7913652,414.8907228
446.5147091,629.4779248
612.5077815,225.4108832
423.6951502,554.385983
712.7568879,547.4458411
319.8583336,487.7104796
934.7587559,443.0624813
553.8192255,412.8764097
539.7337827,536.8814734
750.3477954,273.295819
765.6235139,493.0809713
697.9928049,554.9551314
373.8887643,344.6036971
545.2093892,412.2365148
526.0112021,636.2059942
496.5760662,270.8937161
607.4757532,501.5461342
356.6788143,256.1364758
710.8972601,429.0318663
743.3246088,872.3596577
524.9878413,355.3624193
346.8876158,277.5002042
513.723397,343.9175641
745.4788618,465.6642746
392.043876,697.941043
638.7757751,605.3468064
421.0187902,812.6371877
646.2335515,358.7502939
778.0911472,286.1814512
972.5662691,600.2264977
769.8972197,467.0083131
404.8443203,403.1270483
660.2091709,897.5854883
562.2902807,472.0488491
562.3007522,593.3882341
726.1083069,445.7401531
282.348157,384.6538164
507.0414555,448.5436268
498.8525916,387.7345515
427.9052331,786.4376202
521.3316993,331.4826121
655.0741653,606.971303
352.0476991,653.5132867
701.9246515,547.7964608
240.6287815,512.0364541
509.1958883,184.7302712
665.1912686,385.7175222
873.0127311,830.904051
691.839487,240.5241547
564.8585999,449.6299815
534.7397753,612.5571684
631.8287204,552.3053529
581.5857673,659.1078022
584.0328928,649.3485581
771.1015623,667.9124275
393.7755688,489.385999
671.3724206,408.0903816
426.8652886,261.7043516
785.5212542,299.7911806
537.8757278,301.413358
449.1444791,353.7865636
516.8255831,490.5533173
803.3638088,559.1542722
419.998815,576.3569493
656.6759005,473.2992414
782.1819238,496.1202738
770.3389853,639.2648951
575.5864509,591.8828116
652.6623193,257.4892479
611.3966189,530.7307638
498.1146279,618.8002498
512.2531323,729.2997191
411.2922035,251.2304961
455.088307,271.6054023
951.2000019,971.2779393
596.0841978,682.9923733
785.8947977,254.9135798
538.6573303,755.7592687
424.5232377,353.9214961
656.8699154,415.9976161
747.2119927,547.242544
440.0973715,886.4737227
561.798165,718.242591
747.3655897,353.3616455
547.5435753,468.5591798
282.6263035,387.7326501
416.9526717,432.3619902
924.1276352,462.3483376
731.9476296,554.8724545
594.1188662,420.1043643
399.3324605,411.4109989
576.5549674,490.0646103
594.9401226,875.3377621
834.0415479,211.9793575
303.7158475,654.9911503
518.965125,467.4215725
575.3213526,359.1170645
686.9483071,411.9059532
652.38642,411.6217342
663.9068243,624.9777663
639.9373178,871.8905072
172.3704116,703.4582095
455.4003997,278.4992644
668.1288917,535.1908896
938.6789474,886.8243006
659.5781992,467.8579614
451.9919635,783.4235366
689.6849644,723.7285838
839.5241504,946.8061885
756.3723693,55.28123212
257.2698848,715.4522804
807.0888769,377.7755203
231.2483086,722.1176683
504.3858288,584.2755292
434.4212334,248.7566646
637.9061012,722.9723519
255.0916178,687.6805137
766.4873154,364.5655947
710.8389103,504.9495747
633.5858204,564.9384621
736.5761082,766.5115347
699.0296633,469.3344251
485.7868993,653.6097954
428.0665152,517.6924184
424.8035114,652.6918452
477.1251849,756.388278
549.3671445,534.8278382
370.9789603,454.6114924
745.2996778,446.2076112
948.4747299,633.3958763
465.5462809,224.6980479
944.8833495,890.4675397
456.9007906,543.3366692
413.5684742,715.9216189
646.849902,516.4337522
401.1911295,404.0545889
662.2651206,572.9352476
385.4410626,666.7304208
651.8253782,544.0540176
810.4421992,443.6101299
745.38718,307.3685431
722.9586471,389.6597314
670.9492311,848.6785718
699.4377523,510.2458514
548.884287,903.4620289
678.627718,388.558563
568.9340513,361.0296872
521.4854012,630.2410726
660.2745166,897.0410155
896.9149144,842.6095361
671.1499424,522.8460737
787.1464792,586.1549307
757.7400013,552.7472995
721.7326725,211.7184351
500.6860931,235.7012908
812.2541585,953.4819815
770.4861705,595.7879133
810.3895721,324.6864915
425.5779082,367.6227405
456.2417751,623.0928071
793.5546336,966.3762847
273.9129507,676.4460595
595.3508631,389.1627503
663.4959789,523.0485978
543.7040996,549.2042881
444.2555912,562.014222
780.7031051,440.0669932
359.0322954,271.7497579
344.6808705,354.683829
577.8917242,447.234481
633.9839771,427.9266027
646.6933687,543.5384828
788.4353877,408.3332935
394.1679879,408.5574009
163.7518865,713.7591267
380.7329167,589.8938428
433.29521,410.7829298
245.7694048,739.4540241
402.6200476,355.4267933
968.6871696,526.5195881
832.7284456,235.5339729
789.3686546,399.3282963
589.8895481,510.0792857
550.0889741,732.8376324
701.7494823,144.4931102
773.4079442,425.598464
603.9908854,571.9237974
484.632772,462.1420944
956.8095507,872.5606356
700.8382369,228.5941026
448.4461243,573.2903385
397.8780304,790.1876061
416.5758325,589.2057457
765.9579577,359.6784821
746.6278207,450.4944017
551.0460903,522.9183037
415.6969305,239.7687377
99.7691401,621.4604962
444.1889871,506.0691715
679.2084144,384.6543597
937.6698482,527.0190972
737.8999966,577.4662663
666.9637088,374.4914882
486.6630598,276.9763954
257.3679035,430.2753845
818.2786275,318.044254
659.9349344,301.2844639
475.1424158,740.7156991
516.441673,980.2485035
547.816089,477.5977325
721.3270853,398.851436
468.2470145,492.3297122
654.4997457,582.2008955
618.9572527,714.8057621
482.808229,448.2905396
482.4194951,497.8745212
788.2367887,466.3425934
804.187522,688.195756
480.7661064,671.8582095
225.6808704,415.5595557
623.0533625,264.6244756
850.0345118,150.4721351
481.2963629,680.3595396
401.0744899,421.6551683
551.6838032,710.9407975
621.2433507,355.2284062
725.7231384,342.009141
786.4062084,848.0686804
426.2216883,747.7825413
654.1237155,146.6257242
513.4885747,290.5334932
684.855385,382.8889341
875.0403673,446.8648898
205.4275185,754.8918189
795.7055159,520.5309101
589.2105484,636.5750004
807.7227997,40.00137398
633.8810448,474.4830659
689.8368086,567.4162425
519.1270962,238.4220457
705.8033466,477.3808752
691.9356031,491.0968707
495.3508107,681.4160788
697.1319696,543.8847566
833.3343096,458.3558369
697.5995618,2.734273249
751.4905973,275.3313184
378.3041426,613.0720555
225.2969753,768.1668706
680.7852068,564.8647695
366.5193291,361.1412812
569.9961672,576.9732133
508.8903721,314.3655998
864.7995236,724.4217163
560.3587905,241.1168714
612.9981444,534.0753045
351.7383479,275.1037009
722.6359181,400.4965966
773.0487072,355.2190458
793.942978,448.0943046
350.7543413,654.3596338
720.5689875,202.8559548
406.9845214,988.7834309
639.5243302,450.8365802
805.6903996,325.2135597
685.3470812,559.9555513
358.4284538,306.5479163
551.5581152,457.5099077
696.9355278,555.6329487
426.2347215,646.7252311
678.7860788,569.4519091
508.4241581,789.0015042
711.7988279,455.3820157
638.7616483,565.6065846
804.7709898,628.3516838
266.3632828,425.5944733
311.8082208,660.7345763
821.1879521,468.4116692
556.4031995,471.529052
627.6540519,566.975445
514.5600835,578.0391547
500.1177108,444.9784888
130.2558155,491.9177691
522.8771671,182.8453119
442.0057614,482.8631281
856.7652753,226.3145421
267.1500535,430.7609157
583.0969593,383.7574704
903.0767863,589.6881219
571.7809964,387.2584434
240.422767,614.8681115
539.2490525,395.5646041
259.4615896,397.8014366
559.4611326,321.5138235
187.65004,739.1677576
755.7657413,548.8019562
601.6645343,587.8822041
420.23157,577.7345224
597.5868208,352.4124589
879.9642651,724.6447581
636.7140428,824.0955822
418.6568599,409.5752237
389.111571,333.7280111
558.8857693,732.0634736
297.4198385,841.9130816
926.3214222,463.3664738
572.7425769,175.0553755
522.5174508,801.6521433
676.7516713,370.828964
464.9872016,688.5072205
469.1073854,397.8475702
499.2230341,447.4988509
610.368689,731.4388102
785.9156658,577.4630696
480.3717098,820.4936292
639.0958675,561.7960066
500.7484277,572.0254459
441.9485502,315.953762
784.2443452,667.1285112
437.0440075,581.8963259
603.1867221,684.0164852
584.6364947,300.289081
535.7950899,622.8239659
461.4116708,605.7742527
493.2885091,610.5228182
510.3656254,395.001891
788.4764947,295.5638331
848.2499672,915.0107057
521.1979368,332.8503651
506.1121135,260.6118333
737.7357932,750.4317975
619.732788,568.378028
544.5981322,460.3274429
538.1853787,700.9264185
504.9529528,443.0255619
485.6663646,425.5835876
592.5815929,405.6898458
616.3251606,971.8310412
396.8074205,422.4474003
617.4901039,923.8849492
246.4887325,629.0354976
348.0555703,356.9563273
717.4895721,525.1655623
580.163306,484.3708281
719.0581851,421.0634546
489.2596776,216.4143063
715.8686466,299.1255862
412.0905094,385.1449681
861.0121358,412.9978238
706.2124542,225.6820436
528.7180927,515.7324502
515.8302961,406.0877064
685.0507632,817.2015321
491.2688876,595.3959657
510.3071109,795.9091979
674.7119457,527.3662276
574.5776064,658.9590798
893.965037,852.1224628
399.3057949,307.860238
418.192863,590.8350897
797.5522753,285.4638103
276.5034114,645.5317119
385.3208425,668.2472513
375.5013156,834.2098128
545.4077934,358.2341323
938.6922653,891.2724752
899.3393142,961.9253521
847.7500916,634.2502257
707.5892993,325.2144372
609.857473,494.0896427
643.3888385,477.5736628
694.3440784,201.2666435
714.3523163,467.2023334
747.9291632,521.7543493
696.946254,527.5459147
470.230982,547.8634255
418.8132134,594.7272163
435.455635,581.9353139
446.6816089,335.0829562
725.7083076,457.4861096
579.5663106,527.6633799
465.3936727,519.1791618
787.6768105,600.7567417
351.22084,286.221651
626.826219,650.5174643
154.3586202,718.0539195
522.048016,708.3040358
454.1881324,401.3201276
548.3691011,418.0459653
327.0014706,417.028226
387.226506,437.5060553
676.018846,305.7828673
661.4383514,363.6446566
543.4107478,517.0739605
537.2564861,556.9150787
429.5370945,579.0825725
524.6589253,399.2981673
534.0751421,782.3526643
350.3371741,334.1347725
420.6071508,788.824199
485.9441965,572.2760885
402.1440661,839.7470583
535.3198126,742.3961494
828.1428717,499.2801547
498.8839162,574.4991729
608.9890275,492.4896546
405.4293761,431.2157538
606.1550856,575.0027146
454.7520655,498.0486296
529.1682025,477.170328
349.9646493,711.7615287
593.7706401,546.0779419
828.6527844,597.391537
219.6647007,805.2486012
518.6929559,684.4024363
547.5826449,553.073933
494.656216,831.504185
974.7567604,612.0657243
466.6639901,545.9901041
715.6103496,355.1034819
430.3520739,491.2888016
745.6832883,308.3277169
870.1348809,808.4782048
549.937774,508.5295055
771.2953225,467.1119466
667.9307422,435.3682596
375.0319557,445.3005466
260.9687517,423.3001618
497.3161722,310.763438
505.3097628,791.6584493
544.8901957,406.6740086
819.2521026,563.470732
584.5945338,275.4331759
396.322196,442.9803058
406.2132556,349.8486794
460.4627789,394.7703454
962.7216496,903.1354581
707.9062458,186.4096141
459.304562,389.8592676
597.8981644,498.9426564
705.3706443,286.5669845
681.0222163,570.1571182
485.470597,346.0682095
437.3076526,395.0520571
839.726914,722.8248832
406.1324948,433.8941151
829.8356596,509.1458113
685.636568,401.8821094
539.1984028,468.373914
648.7635501,600.8908593
642.1430594,167.5841956
436.7514796,631.7710872
515.8643771,561.2131937
333.4606792,334.8175835
423.8815848,520.1835708
603.1692396,720.5846449
477.5337831,498.3620582
825.1795267,411.9726464
857.8593,737.7696667
665.7046268,321.8996284
298.1336384,671.3603509
567.0023215,310.096966
796.2219302,462.939132
473.6403471,619.3374306
706.7327335,385.1742404
551.4573251,474.3880615
556.5915517,552.8697166
519.4544992,466.1605035
725.7473023,294.5136666
848.268753,918.8233939
476.8030251,222.0781893
652.4138197,860.7647637
930.6298683,609.6866673
560.9663024,320.1082736
743.5078376,281.2341644
545.7446342,574.3316461
750.0377401,554.3402882
554.8931162,372.4696324
530.0780097,458.7911184
729.5351695,522.9828657
825.5959,195.0318778
865.157607,788.8454898
745.9985869,574.82098
719.6872542,269.4123842
480.4571597,597.9822269
536.917593,628.7151323
782.0564606,617.7047019
548.0638995,533.566205
233.3976329,817.6337422
498.0887862,296.2126079
493.7852088,413.6788379
342.0061884,552.9532293
560.4183537,404.0688176
781.9647038,299.900748
428.317966,570.4112082
380.5101689,761.8649104
493.7636366,449.7653318
212.3766705,800.3388606
235.7942885,514.3771081
426.1971649,608.4235089
694.0763735,574.3981512
337.9485789,996.3272796
637.9395081,900.5763589
711.2156297,194.9402583
819.2150104,382.8383919
636.0948311,609.6066857
522.9963385,337.6056375
428.7293058,711.7174218
596.1628763,357.3131107
891.0902129,447.2305948
239.620671,407.5584243
634.7076492,563.9827357
731.536919,482.7395619
529.2091148,392.1340016
772.4276378,303.0421378
583.4566157,731.5527235
481.7681198,429.9061275
500.3551547,543.1762671
811.1298428,373.9218801
466.7752817,283.8265685
472.0302826,351.5941096
869.2408184,521.5263975
415.4934178,919.7245038
631.0683156,870.9440577
458.4006572,759.1780662
426.1538258,372.519318
438.1623758,566.0869133
677.4069117,148.8540529
396.6981214,825.8262404
756.6004203,141.4504437
495.3751243,715.4545161
151.8443812,440.0866961
650.2495296,85.08989818
504.6520057,258.0355175
441.4138744,408.1364107
581.8708199,626.4803473
168.8747728,624.788677
573.1568079,456.3129828
728.0219102,540.8561517
500.4910145,661.9497624
643.0976589,371.322414
488.0128049,413.134386
548.4789695,557.7286224
745.703722,500.4863983
261.5214492,344.6476996
695.3140031,569.1707406
577.1543597,338.6151028
553.6933278,440.0742225
510.5150278,534.7161605
813.4695567,643.6692553
765.9931024,478.0946926
298.1712249,672.329115
558.4176977,702.8007846
150.2116509,516.0065566
786.2962801,426.3995968
864.9782881,684.3648483
576.6973888,398.4438806
573.9764763,804.3241947
802.8510648,151.7414781
534.2526033,560.0059681
769.7270241,496.1168055
863.537041,287.8822939
633.5855357,884.121974
592.6111348,410.3109587
429.0978008,516.528861
571.1782334,650.0862153
476.5815207,322.4753793
529.2881229,818.4610758
510.9929118,688.6080751
449.2092556,531.3783267
597.5553613,309.174837
400.6895311,419.9100516
645.6914753,533.8999633
876.4749181,436.6230604
653.7899307,606.4243439
647.6266357,563.4407494
535.9506344,467.5843147
553.5570035,483.8003425
807.8298218,59.40177031
387.4240264,658.9401709
589.8412204,307.1233538
746.7799646,545.8688571
490.1643464,686.1124723
930.2634257,634.9641057
501.2319295,464.9145616
831.3375935,753.091814
484.0386379,507.2617713
758.9728671,315.3298717
542.3441377,571.4161605
383.5750979,662.0341526
706.1081436,533.566017
590.146407,284.7326928
684.2770406,529.704458
363.1420976,387.3389056
439.0328737,647.9197741
443.5365781,353.3549803
507.3146883,219.9719642
885.3349319,450.6861863
825.3713095,493.5062865
499.606315,472.6971643
725.7466282,542.8728676
765.3711492,351.3260207
460.4536707,544.1752019
623.3572008,439.2168644
577.715806,395.2150082
648.6616964,475.5154935
923.0140007,460.4322883
583.6954228,388.9163492
687.1762083,429.4149758
470.6511604,764.6379626
782.8118019,528.0901994
184.9075253,556.6980543
415.6239595,943.2947478
647.0703728,501.447181
528.9880747,701.6302278
922.3656515,591.3921823
558.4239447,349.6312581
379.5898153,600.2568773
537.371388,462.337619
695.1776639,471.3985908
441.7192558,635.9949663
552.6406797,452.4136687
776.570023,670.3108112
491.8349928,421.3483422
620.0364615,542.3162764
701.6799869,264.3118828
599.7861806,573.6751196
548.5420532,561.5854594
652.1230145,577.44999
667.3082946,554.7636602
686.7901859,474.8614116
445.4836931,437.5065359
791.2990062,675.4193358
781.0243361,444.4223364
811.3931284,756.2788778
382.1870323,346.0473992
419.6219458,654.4447762
807.2598066,553.6605069
780.7254863,297.2514082
725.3627181,793.4064076
667.755543,32.56738511
557.2252648,443.3422708
529.1987481,514.7339542
485.0234834,670.1067201
733.1526912,454.19489
398.6227354,372.1709131
607.8065568,843.16876
557.2878991,564.4067764
609.0107644,590.6734549
479.2054183,658.2580286
717.5224697,414.325189
721.4192615,291.2099942
588.7684833,368.1316937
636.0198377,476.877647
843.8878902,572.5278385
747.7875657,656.8014141
746.3998896,262.0479718
639.018702,569.3183138
515.4751189,400.2151774
977.3479252,586.7891843
444.1191171,808.2143155
976.8445142,523.0905944
739.1539252,448.5969061
459.9706334,617.4805736
541.5771864,462.2450802
629.0713898,478.405614
554.2396885,619.7608026
518.2927618,185.5575213
770.1216155,571.7348543
655.593381,476.6225122
211.1596094,650.1988749
646.4564492,598.4802108
712.8135898,470.665384
697.5234599,539.5176083
970.6540441,599.9748731
516.4054796,379.5800383
425.5941472,388.5298757
612.5385968,655.4710611
498.5917778,375.3147266
303.0586597,660.1058804
425.8279209,375.3474464
826.5113099,351.0784286
438.2459681,353.3192727
545.522186,544.2111184
735.3376546,656.5807751
529.4318027,334.0183102
541.5360944,799.3111341
467.2274588,619.0589365
548.1115531,462.8719792
438.6396756,892.8526141
511.0026493,478.1546162
628.5944946,451.6806289
788.9412855,558.8144756
599.393357,344.5808183
949.1139559,633.886422
641.7556438,826.7131006
332.2808301,468.3151605
504.8036702,621.9915551
528.205858,471.1714121
773.19393,359.0312952
178.2590507,545.2018629
722.5940321,660.4922703
791.8863541,482.5848221
833.022157,723.1311661
418.1629166,920.6745679
447.0688297,568.596306
613.6620885,250.5395157
514.0973599,497.1390996
402.7532858,654.8725986
420.3441049,360.4999028
607.2659486,565.0559482
481.6782356,598.1321194
301.8182436,859.8182933
490.3772519,605.1757276
831.7352109,247.9122398
488.4683227,765.9547555
808.1860775,609.9899415
563.5019038,533.9739902
265.1433753,804.9618749
555.9061103,362.1946445
788.1094378,256.7434002
901.8465571,567.3720729
711.784042,420.3723906
589.896619,528.8285879
770.630899,298.2571126
551.5839719,624.0097335
633.8877262,471.7647973
662.8702056,591.1607411
659.4429985,382.8727205
510.6010619,440.7872877
299.5084761,656.290079
634.473546,606.8343647
314.2595708,648.0506741
511.0436364,203.3084738
975.7432238,901.4883753
793.0871162,314.0136639
853.8642799,412.9084609
460.7302442,214.4195498
906.9950603,853.8773369
767.7643741,355.5686416
346.983657,359.7765996
505.7899688,538.2391765
473.4602342,456.6703094
799.570983,317.3775105
666.9614317,399.0710303
700.3788092,569.1755879
479.6061217,731.2600425
588.4797455,283.1633769
732.5359662,552.5762625
463.0012417,400.0304758
805.4161182,581.8856492
429.4005605,494.1033699
218.6682153,400.5364203
717.9021703,147.9579577
423.9044753,567.1303311
592.8912887,738.8168454
668.7040304,715.9718268
622.6997583,796.853955
477.9901698,527.3386686
198.1406868,766.5683033
455.0644128,399.7251958
483.589382,280.7002013
496.7785602,628.2745019
610.7690029,811.6223527
680.9873113,468.1458159
747.1552608,883.9039885
520.9869188,409.59524
438.2348973,901.4958135
808.8494224,648.7460422
798.9452996,381.2795647
451.9143485,413.1297058
819.3889961,388.9606233
602.3723718,558.0008065
193.9100654,375.0326806
561.9151342,576.3165824
263.4682047,417.0227936
776.8751347,308.588493
665.8811892,429.2101744
607.0946595,660.9165617
761.0209819,278.9603916
480.5094723,290.6116571
437.9011126,867.5184489
906.6612457,596.8666626
223.6735181,401.2823724
402.2601066,736.4511605
507.699722,211.9827214
628.403326,702.9956198
220.6329925,401.1591823
715.3724113,206.3070542
267.248222,424.7178928
435.4493132,629.1774713
520.3163083,441.1327256
682.6077424,959.359922
832.7556505,420.7760179
466.8346052,966.1569829
598.9042225,237.1445332
741.7101849,744.1837433
789.3539885,674.352308
573.6814316,367.4340064
541.6035973,317.3409463
494.252112,513.7130599
717.9641154,198.5076946
657.2808057,490.4609874
283.4703754,313.1368954
602.6283768,575.5560882
755.3667906,558.4273962
725.0400939,203.5164929
694.7564069,544.8348207
772.7055596,681.2210765
482.9391902,422.9371939
569.1898616,333.6096475
441.7124845,629.727669
597.3026371,508.6464692
625.0681752,448.2247867
541.1685432,920.7554688
506.7538563,454.7340975
240.2415906,406.60602
828.2414297,842.1724787
609.4376691,645.9330618
660.4960361,589.7761477
240.5302834,654.2679934
704.5361451,215.2931424
739.0511426,574.1554065
667.0039319,531.2449822
641.3628652,844.0909308
967.4546184,532.2661272
456.7927199,398.1126505
444.5540065,624.7713142
451.7655603,561.1091423
711.8744804,472.3339666
457.1919553,336.630647
660.9039902,578.2232713
549.6799863,303.6107012
608.7260565,590.7029152
626.7645135,435.3694923
563.0640782,362.9082112
504.3428942,421.5753956
501.1181661,349.1922157
175.736123,756.8209059
965.9818819,916.7001195
401.5682834,245.9582891
352.8013776,688.1643943
506.4525946,551.8804347
734.6057281,514.6057495
805.7427871,240.2547077
653.8161769,491.9954106
425.3618417,574.5637976
740.2738065,582.8454916
749.4305728,500.2714842
400.5494767,481.9915622
826.7154068,314.3381035
426.277746,526.3225591
772.4917252,437.9767937
670.0929949,565.3488172
471.573806,238.2663657
769.5916736,262.705919
588.7023735,876.9377502
469.8762992,405.535879
517.4100696,541.3846824
266.592742,752.9638601
812.3463496,511.233211
747.1485645,916.4641444
604.6013036,819.9658925
487.2481456,824.2968735
705.3288183,190.1457264
494.4524937,705.1286099
777.8664668,422.9381759
781.817938,460.5660716
481.700422,290.9394816
421.877693,412.9987223
435.903273,493.4523177
416.4469686,232.3829927
575.4441493,383.5640143
505.4116764,404.6857711
394.5890202,451.1987124
566.6237595,396.6787058
538.9610188,201.1287441
347.3369916,997.225924
480.9597468,268.5414869
657.5154333,525.4569897
432.4788373,560.8819217
575.4286144,396.1624188
569.9025079,570.8711027
505.2830522,455.1802856
414.295517,878.7071038
666.4905287,424.7787566
461.1164613,450.0389576
487.8448564,573.7738639
374.0151265,857.9871984
625.7607325,595.5531292
934.6475692,426.5813106
872.8969903,695.6491761
744.1277535,360.0633677
639.9461115,543.5211618
664.9605959,328.1335165
963.7660583,898.9168024
531.2164222,601.5144153
512.1145909,307.8480569
450.3720866,799.4902779
400.0895546,475.3405284
941.1254887,874.3628134
419.1495598,226.3296484
633.4967901,621.5504651
527.3763024,485.7860728
642.318708,558.9495334
471.4401033,672.5080917
886.8464085,450.4682635
436.7292333,483.3605061
454.3292355,415.9010029
398.2962013,418.279851
856.1283563,752.7360127
458.9270636,440.8289709
472.275112,966.0257277
692.1316554,416.4095592
541.2955944,476.2231681
430.3534371,522.3448303
529.3284959,609.3317226
595.71013,471.2759649
580.291271,739.723304
608.5765192,844.8059809
721.4705853,524.5364277
760.0584277,637.7697315
630.5158128,558.6580225
628.5060635,754.4982415
390.5503913,361.0423907
616.1594143,388.241081
498.3451058,351.4357552
655.8337012,533.3999945
643.6458472,548.0697105
568.8976333,446.8783872
543.7254022,446.8833391
785.4536314,292.3828703
541.4236044,535.6921957
702.7885578,759.0352149
808.5023199,486.3423715
610.8942715,400.4476214
951.2360903,897.8167623
653.7985746,627.2974639
700.129141,514.5514046
811.739437,505.9520615
765.4101439,78.67918545
881.080626,581.2949175
530.924853,543.703983
552.6339234,713.8717236
397.8331782,830.8253021
580.7360477,389.3367125
277.145214,717.7651039
415.964171,830.1336113
394.9116593,415.5921292
590.311674,478.7626271
897.1911283,626.2796619
528.7398746,514.9591062
658.5213716,463.7498341
152.9617458,712.5657119
547.8142314,663.7616559
535.9661544,480.9398286
576.3108721,714.8232503
443.4679815,562.7142912
701.8422127,510.4496082
818.2755564,583.8645681
558.801443,443.6406767
941.387426,564.6509628
516.1590922,537.7921527
641.9125666,476.8781902
341.1793293,536.207229
862.4735319,584.2404484
496.3680294,429.9529506
200.1012994,515.362838
714.6851423,563.7395105
457.3072916,643.8299081
720.0264619,469.2002866
708.449101,504.2277132
461.806367,322.484886
602.5210552,377.6674782
716.7637877,318.018868
305.7212074,644.7023516
755.2226314,659.4917685
243.4366119,412.3979197
715.2530901,542.6595832
520.4486477,612.1583676
700.6916209,572.8547018
815.8600402,455.1227648
594.3925934,558.520144
729.5449668,313.307619
671.7593568,583.1314657
826.6915426,574.3319386
616.3237375,893.2204085
697.9877415,561.4315762
777.9353929,503.7492441
729.0678618,116.5709286
643.1110366,637.5166861
712.9131964,703.443751
524.0044789,397.6282266
452.1623688,413.2456458
525.4974843,550.6972162
580.9037265,455.6172177
91.10392021,615.7382566
636.8446145,477.6741622
708.428158,542.6204699
607.9074966,590.3726044
547.2554217,535.6841516
408.0221289,453.0635091
864.9732846,369.3480499
605.2392862,790.277575
491.25533,708.7782217
531.6557609,175.7221608
498.2383684,199.8253442
874.0679558,695.9389111
705.3160996,427.8149669
621.6278601,625.204569
612.986025,682.4793666
852.2943786,145.8816943
658.8103041,294.0133425
863.4777624,506.905385
698.3091821,548.9430942
812.0860602,451.4509011
222.9447675,773.9226239
796.6308731,416.1379392
232.7852224,721.1986315
549.4056599,304.6039111
436.8180238,762.7262174
522.1076091,466.3865749
501.0665277,670.7636436
327.8978701,262.62109
602.3803116,571.1040691
472.3872724,739.9022807
622.0587646,549.7402153
495.7791984,981.8279111
772.2592249,562.3511353
873.9825809,343.3575672
892.1864847,842.2978835
505.0932769,665.0578265
348.3047441,589.4854934
316.5414443,646.7970224
545.1724918,860.3879432
759.0792899,20.68549326
480.2710546,514.1924065
623.1842338,627.4083475
445.3368224,599.9380999
601.2409703,335.5110502
223.3685861,513.34163
774.1133249,573.4478781
664.237508,249.1734969
578.9155644,335.6371237
791.4888715,336.6023358
440.3718477,296.1855086
528.454088,578.754748
510.6687896,344.9406104
677.1546668,386.8688776
283.8010891,634.2158762
534.9716015,578.3210754
559.0787655,587.6051726
507.8619329,205.5027038
575.8801623,989.4448465
778.8539938,644.668211
751.6174837,237.9555906
248.8819125,754.7335689
464.4171265,275.1955084
831.6708839,617.5024703
343.8094588,407.7830122
523.2197605,567.3865523
380.3528417,663.1682288
703.6503819,295.0472118
817.5655617,358.7664866
818.3292772,382.6138666
651.410488,828.4484599
471.4749035,724.4731987
464.7025086,250.5638779
823.2927239,494.4211862
544.5858929,725.4668056
566.6035505,758.9992775
727.9674554,368.5417355
478.4021987,613.5094682
750.6140172,526.1957125
834.2596068,239.2784218
738.1953259,656.6958793
616.679439,871.1980851
815.4440415,531.7767933
704.5930417,477.7460161
456.3111207,409.4195228
568.6640394,539.8315383
702.4435526,506.8461509
812.8186009,319.5391879
487.0896649,495.8922175
652.5672069,472.1794566
544.312795,356.3126088
343.5610041,543.8381006
388.8015157,565.7099047
703.1295483,563.9894218
579.3014969,297.9779917
416.3630468,596.6929094
686.6695315,373.2154383
690.353927,564.2777778
427.2360157,369.5667876
511.6796416,980.0445586
764.3167933,497.2625822
510.465262,835.8681574
700.30452,415.4735566
860.4969349,577.9858545
402.4225721,595.4337208
885.3406994,692.3559298
898.980242,564.7864176
879.1801309,683.3588722
711.3690619,151.4722818
415.9131018,323.5016014
715.1272823,162.6368252
464.9751272,344.6982209
833.8577948,248.2151797
957.4051829,545.8953087
959.1323065,922.8278459
669.074338,178.3724199
550.1240588,614.728457
621.942125,569.7345819
553.1289153,480.3458792
901.8274118,958.0111615
857.9968976,841.5456215
543.9471913,565.8198481
778.1645226,457.2958294
322.1721909,668.0885626
522.5888338,561.5488115
519.0255421,411.4218637
493.3490611,323.7480235
811.7079925,350.5008809
878.6097711,678.0543633
501.1485619,452.9825036
601.610484,546.3031566
558.8401981,422.5493832
418.7007983,429.869417
863.6074802,724.378278
518.5639272,239.0566963
508.7122068,922.0629849
559.3709938,452.2737426
331.417523,406.2422373
496.3073276,735.8110566
874.6387201,510.9517918
545.57727,532.6528096
389.2284354,374.7051486
458.4591568,708.4104064
588.7000365,262.4466055
652.2319841,209.0782677
388.2410282,766.0468138
805.0550387,335.7355546
875.6158954,591.8397703
490.2976595,574.8908281
455.4400686,317.9431278
427.6000615,583.181193
978.2679193,912.6638044
443.8672618,488.9687071
315.8100422,265.9758269
386.7516631,357.7725872
840.2399127,243.8886282
487.0108964,672.2059458
201.6129108,759.344423
324.4810446,434.9067981
792.925969,187.0596008
538.1064904,536.4646203
623.068448,768.9204072
507.4300995,544.6236883
185.0830241,532.3456701
432.5943085,502.2142985
636.7487681,926.464211
820.1433038,422.2144339
729.5524422,285.3451123
751.5398088,494.2202083
529.3946955,806.8341934
582.7850464,469.7617878
432.9474033,410.4987317
964.2621887,577.4375373
868.2527671,724.0952082
805.6596293,570.2728074
692.9788733,416.5384533
556.3052708,470.6179132
773.3805744,353.8222085
380.824224,825.4540792
430.2081544,402.9512057
729.2748201,521.0486388
762.0931348,297.9028574
770.8676088,297.539409
758.906218,262.4661622
710.1744569,358.0209733
753.9099336,285.4568526
287.0473444,665.0946624
682.6737174,439.4075207
399.0887247,442.2674704
845.1829708,599.8848833
567.9194392,981.4178694
597.3440287,581.9847069
437.8477214,531.2829881
558.6066342,550.2010291
549.0380188,778.9540294
589.2182185,207.7985823
598.1744832,631.2707004
766.0017912,297.1955589
215.055727,514.9731051
226.951907,813.0936765
405.9828377,469.6948021
547.3147902,704.7351579
539.3425021,309.5347544
637.5589687,511.3004265
651.8459766,913.086069
319.4369268,520.5860908
478.6659487,597.559022
829.1554015,447.4588392
692.82234,578.0401785
479.374775,787.3814162
647.1662492,498.9369315
699.1839794,416.2780324
451.6374305,354.5209406
626.650136,362.9766803
573.7636157,314.530703
474.0404513,982.834305
540.3620428,474.2631581
648.542525,488.5966713
801.7207718,151.4295121
680.7123407,164.1681979
957.2505672,870.2825377
234.4208589,784.2281795
444.6364453,627.885563
822.3539591,559.3597841
527.7628042,471.0865412
773.7919142,363.8512341
102.4435226,612.1089327
558.4982639,464.9120752
808.8109221,457.4029312
645.4754238,655.8167498
538.0888581,547.1138588
824.0809029,394.956823
777.1210876,310.4867199
692.900734,528.4045891
327.2141065,266.6180829
526.4548552,554.767045
591.0622065,254.2044218
183.1027269,541.7219927
750.3005164,856.0320985
464.7609033,463.1386891
394.9494555,329.8129221
437.626172,882.9977806
438.2885582,423.8330802
478.4876935,627.2783669
365.1182003,338.6417424
573.137333,627.83734
862.0185684,414.9454856
598.7523933,313.758738
436.1110851,808.9914622
475.7627961,775.2632358
810.0985872,414.6671586
524.3963288,596.8716145
908.8107498,450.5733595
738.0570241,706.1032243
488.5223131,382.588
490.6531213,263.2213285
272.0199908,363.941976
833.7314626,406.9676716
353.9558943,639.8684975
683.6811387,425.4953738
553.5610183,201.9746524
909.2735931,458.2367211
732.6492951,458.6678865
506.8814768,411.6511318
804.9515371,418.0468637
761.4875704,322.4884797
882.8131876,927.9529394
716.201937,747.3633271
552.8930893,692.9023456
508.1075263,507.3574443
567.4452555,435.4451907
639.3817739,853.5193627
203.7209484,512.4389114
516.6249167,415.1952297
355.7377574,304.0715567
711.3844321,469.6241391
282.2678905,350.4370084
572.0148,521.7716912
503.0065418,844.2143298
719.3177105,418.2575781
519.4080291,403.7844941
657.6858386,485.801179
928.6214223,517.6341037
572.8116978,526.0491213
579.5298925,389.6635132
266.2879449,420.301644
482.7131466,663.6257623
354.2758219,306.0233136
471.9141972,513.4668468
737.4891362,440.58351
505.9662166,448.4245946
423.3745335,546.1410413
554.6195838,673.0092515
497.7242911,731.5112283
586.2894939,354.4667001
192.5696832,551.8914249
951.9118243,924.9003066
913.2675496,860.2907659
173.0246483,623.9532366
491.2974707,218.1408902
701.2005749,200.427463
935.5286884,887.6622065
564.5029583,480.1895097
490.5093067,685.26951
620.1049083,905.7693991
954.5060751,864.2125618
352.038501,272.9955326
462.6352485,687.6528293
500.1899177,477.6184383
523.7241303,440.1242632
437.8264639,585.867891
762.4373011,304.9115312
593.5141258,193.1421548
623.9796634,718.539012
875.334603,695.6116508
750.4843893,246.8801674
694.6396923,466.6094914
583.9104856,552.1420884
477.6954248,467.6154883
697.7160367,510.2162657
969.0495974,558.9634696
739.1661194,748.4285163
747.8986026,548.6153951
601.7450555,758.4673202
635.4140786,724.9048865
453.370846,578.903157
510.4850665,442.5276406
691.8962938,723.0402778
757.1113816,317.2263644
491.8609244,590.8319556
677.6771184,876.6949846
529.8699429,413.3471272
708.361389,570.9272236
638.2288452,520.8276654
319.6560494,361.8657754
850.2129617,647.26003
704.1482651,432.3299182
459.2434857,407.4214233
644.3495351,595.8334828
486.9656098,682.9158391
771.6772551,433.8679351
735.298585,294.2685609
479.9399214,675.5922742
200.2836893,659.4212935
665.2974367,478.9064813
216.6485488,527.6590967
486.1527876,724.4176838
746.0885459,83.9458765
403.5837403,334.7847174
619.2515183,601.7316068
768.1361499,924.9956661
617.7676961,693.2493089
286.9046384,594.1564382
778.0663541,566.4994205
483.196828,523.9522357
468.220214,323.0474946
566.0460442,431.4916988
804.8899665,511.829417
721.1796603,502.6800015
628.3466241,710.0646558
726.869266,321.7615201
448.8570446,704.0340857
364.4066026,355.7545133
412.6732732,611.1435326
525.9338868,593.0846466
744.513716,646.3694507
668.1790621,483.8098074
532.2914364,325.7735356
198.6607863,371.148222
531.5227174,404.9673365
522.0797151,630.2593547
532.1572843,483.3021705
701.6997314,414.3335675
594.447213,498.5531325
838.346878,380.8586999
577.000538,450.8632617
834.7653848,435.7976699
866.2831211,429.945993
497.4785928,236.0772129
537.9115617,289.8350119
596.106549,777.7972833
474.7563784,585.9072132
315.4641231,362.3166646
802.1163818,471.7433602
563.8813197,431.4675873
802.9637495,518.8227337
441.8089751,437.8594747
702.9337657,429.0846232
566.3350666,211.9092377
694.8009744,569.2752307
569.7450609,581.1653756
478.3582753,499.9393974
626.6869435,444.2188513
659.9891195,546.1232606
933.1600617,866.1367597
500.5641053,424.873552
752.0592043,428.929967
269.5279533,724.2222636
578.981015,253.9535702
482.3568458,685.9775189
725.4826085,506.3160949
432.5867432,229.4256568
728.9429379,410.8759701
872.7214616,787.0048464
456.6319322,461.6618076
565.2824036,577.8804659
382.8041467,442.6397988
603.8773019,541.4050957
770.340738,298.2285298
591.1994146,289.8061158
559.2336509,486.8511157
399.0306895,654.1618108
538.1697688,550.0590136
515.8460557,426.0472012
718.9545636,391.6447513
607.432444,617.7858118
673.0157123,148.3490487
723.0600663,527.053196
445.9279754,395.5922048
795.5055687,569.6400582
565.8494826,491.037574
723.103016,308.8886958
561.6747541,393.6520858
974.7489405,606.2463283
419.4952092,862.8347589
837.6969558,406.2882246
327.8486885,329.2951517
268.7310555,725.5430473
755.9307685,531.3784103
610.838783,495.053434
501.9124872,444.892051
795.105779,330.912022
723.4847089,398.1353203
552.5098084,741.8530974
798.4003321,464.7960935
597.2185505,933.3212999
489.4109076,762.0366369
709.1112474,529.4826907
499.6982814,456.0916334
815.1947778,310.3645326
811.9320287,381.8789882
661.7451858,849.5972325
590.6900263,556.9574305
545.3646341,623.0204726
513.86847,421.5567792
735.5474741,356.8655018
384.9827434,445.7871434
735.6146026,532.7605801
712.206812,959.6736849
680.9959851,537.2861455
981.1121079,590.7117324
489.0420531,569.8112205
529.1680377,744.3270124
417.8228101,581.1009808
711.4054201,280.0548112
785.1801139,667.3468937
848.4252263,725.9291238
648.5682319,972.3718158
566.6180968,483.5839867
685.4005773,394.5296274
454.6275011,620.3083677
619.7649515,482.6356777
854.413427,406.7849967
803.0936471,393.0211752
504.2593918,204.9835126
426.5494807,351.9342614
487.1370338,902.2758226
285.5335309,635.000273
747.9589748,545.9049617
489.4020091,334.0391205
771.6535857,303.7392401
602.5318562,907.1073575
479.1020066,521.5384532
384.322125,662.1436991
488.6429825,487.7986517
628.47005,458.0886673
404.9702929,660.6623253
610.831038,250.2394383
556.2759686,430.3832803
731.6961787,293.0164762
486.6564084,318.0318222
523.0650849,567.2723883
670.2685386,848.3792674
146.2266978,500.0360314
208.8317153,665.2126499
477.4160349,224.9451594
638.9567119,704.5615718
485.1954617,432.8402922
495.7566974,453.0199872
571.7140777,481.7893098
783.4637315,144.902546
565.1873212,571.2026045
534.1818495,393.7760908
587.6481674,859.8109596
482.0544307,285.7453131
298.0078006,649.767417
534.8862565,610.9489064
453.4310234,333.5332596
541.9002749,701.7984023
625.7011693,709.2766862
305.6608053,660.1388509
808.9390369,432.7622328
465.7081922,436.164545
495.1687054,511.800082
615.8258243,87.78664608
537.1030089,621.4452228
478.5551665,741.536493
901.0371655,430.9617473
503.2345479,730.0449608
501.4350226,620.7756168
458.9812787,275.7132788
566.5438824,784.2754414
528.4958542,477.2228342
775.6882297,688.3060128
534.990612,600.6366648
593.2147367,532.9233222
435.258609,813.6990548
840.1514518,622.4860498
526.7613901,500.4175113
584.8224051,915.0539769
497.5361786,320.1181146
649.6656123,467.8974299
515.0234062,481.5593312
515.4263568,391.911503
879.9295398,578.1297922
796.6815228,614.8194079
419.3201449,244.1369516
874.0283319,524.7564608
939.605503,888.1726432
444.3371311,643.2351648
366.0600362,607.1204433
767.5348999,941.170157
762.638342,358.4358833
774.1197965,767.0801608
367.1308708,606.1185624
522.2924259,547.5935606
536.1688431,614.0339246
406.1202555,357.6856479
544.0915002,389.5187815
753.5014401,903.3424325
696.1575058,495.968104
567.3488098,402.8788085
476.9375667,532.6636953
513.0371466,728.5716312
525.2242066,390.2927314
617.309317,811.4623267
657.2655404,503.2607668
835.1194983,235.5135596
878.897625,611.9483635
568.2106039,443.495757
602.0676646,629.9115975
533.9617233,692.8355898
195.2130258,732.2867243
206.1096792,538.2377348
538.4851722,456.5459283
882.4570217,588.7409203
568.5607925,581.0598826
821.9160436,647.7527069
288.4888163,666.9639095
761.2033268,870.1195448
528.3710351,348.8184039
626.1225011,320.3529614
492.2509916,765.7529209
397.0897316,243.5542431
556.6835781,581.6180408
797.2930345,248.9875208
501.9596164,509.6177197
364.7418254,487.7038563
152.8678918,717.8988036
543.1921046,428.4303742
890.7334028,532.6628804
433.7290208,649.0243274
446.0210504,341.0561936
772.1306756,300.436696
641.2412669,551.620766
404.4463134,429.1028427
500.20361,372.0043473
713.9188351,396.9697988
785.3874467,234.8611701
416.4609606,240.4718992
492.4015175,317.4701956
472.5807779,784.8096762
229.3528919,769.4950089
503.9577706,454.4313039
650.274068,572.2747722
176.1764354,685.326801
774.5725129,434.9490663
578.8253657,483.0736127
700.9622771,263.0789578
411.7654584,592.9267935
699.1021399,546.2762454
666.5526087,637.4765281
346.1552549,722.4913965
849.6413735,529.8286092
494.3177124,790.5483801
692.5332127,396.946147
548.7962605,445.0088058
678.8056286,440.5967358
618.9294485,480.8539549
710.931506,401.6462178
785.5798886,872.7701591
408.9822562,472.9699544
710.8367381,476.1158782
650.9632995,669.8130989
439.149034,627.0895074
447.9783373,722.1127164
376.6758316,728.3925292
542.9174787,299.6043687
65.82493672,597.6034215
336.946266,856.1658818
499.2769645,723.4322255
338.0410397,276.2152326
569.3607163,980.0053618
749.9023147,767.5248863
536.0232458,543.4851408
466.933283,871.0876612
917.2089988,462.4221764
850.1057899,260.0442937
517.5637116,548.8391682
710.7830773,513.8065181
780.6522307,398.9589557
575.1020353,807.4386942
826.8625621,383.70697
485.3089104,391.9306
561.1795375,740.680284
502.1249433,614.8053463
431.6223314,418.1247351
226.1705142,671.9382538
514.9590791,510.0429095
501.2207688,460.9437905
753.6616586,347.8189885
924.8723252,502.3812195
907.8098001,646.503443
792.0244611,192.1108763
618.0179186,604.6429345
598.3421321,314.1086682
505.7424051,494.9126304
703.8792568,548.7043402
548.8262967,475.6884946
650.5340278,469.8229859
446.1676065,533.3888789
473.1402168,382.5170236
784.0577458,480.1652519
414.0132958,571.6459928
459.1694661,502.3609315
815.8668415,503.4553303
771.0329058,297.5550167
895.7869584,848.2656467
188.4792361,767.1300553
458.1887403,872.0133839
572.4979872,984.4917512
467.873501,302.3733258
418.3407075,767.6823005
669.9619887,437.2014021
591.7515878,561.2240167
482.7739382,430.2466345
565.5440563,503.6428944
727.5414944,518.0285795
892.747871,843.8487293
535.0463102,515.0970474
806.7663127,538.5936406
718.0367268,806.2488523
650.3204182,161.7977283
591.5363453,513.0876444
789.5154504,639.4223303
515.1024144,568.5671173
584.7793655,537.6038573
452.6567016,349.9980496
439.2380642,519.1558443
878.6210216,864.6656031
662.5427277,568.0634712
646.9445799,562.217728
431.6295971,634.8448645
811.4370218,293.2548959
595.0820047,469.6037676
640.4826598,627.90092
954.5540582,591.7920278
657.8385967,881.245748
692.6300779,549.2052075
727.0006167,320.9381145
511.4045062,354.5337694
642.1153901,473.2518333
592.8151568,755.1804674
509.1275164,506.7541135
608.9324005,769.6456326
547.8503798,580.9947982
794.5758821,598.2158201
710.1721498,471.531225
627.3287612,729.589078
459.2678892,778.2501993
409.4706716,608.7215387
747.4610766,316.6482108
449.9302911,801.2617209
678.4704956,359.5677448
583.4107298,738.7930264
569.6341439,200.1634275
365.4826205,354.3078233
688.018123,413.4449522
717.765067,512.5820969
167.9172221,751.3717072
704.8806859,533.6624003
743.5270429,354.2090163
548.4963321,298.1719702
522.6650106,416.0186144
613.8762525,590.6853017
606.6805333,881.7037411
601.0246042,403.1413397
609.39824,593.7595805
207.1049212,516.64735
523.4134608,578.1107161
509.2672264,943.1818583
565.9974019,396.166117
644.3080836,819.9515593
314.7472522,466.6147566
638.1734166,208.7517596
358.8981434,729.7264968
876.1648927,442.5520864
621.1755032,878.6774137
392.4133298,731.0975302
811.8707577,542.7553606
504.9649523,337.6817746
378.8865468,608.7107993
349.5691442,270.8268767
711.5004426,189.3038298
753.2225147,264.9457603
639.558576,719.5326398
542.246928,200.6138988
738.4044263,815.9717829
716.2536204,351.774319
568.2092557,347.9179835
519.5149762,588.2239438
647.0994653,496.9826047
811.0516286,628.7215676
935.3968583,852.5628633
834.1640899,528.3380631
176.7868984,659.8358483
407.2093516,369.5822908
586.8990281,239.9407359
463.4119672,635.0066247
487.3545085,716.7512718
582.8911845,585.514388
559.5929178,733.3358671
814.0249208,478.9232172
470.9135172,744.250729
570.8577965,364.2281173
855.3237136,581.7943849
916.5149285,854.896309
329.9762459,425.5023523
795.6839437,439.9007826
474.2272006,404.7177178
613.3908033,705.1249744
970.5106939,912.5601291
458.8339586,643.5350124
459.7184484,622.2259214
294.4548906,582.7530572
613.1176903,544.0081347
775.9155766,685.9893448
223.3965401,706.1833313
278.7729857,702.9511159
443.7801341,543.2828675
638.1563686,797.08876
467.8622205,475.4093319
626.3709559,527.085289
561.5192396,339.6258008
532.8987985,467.4930086
817.6090207,635.8844588
464.3849779,403.1132584
90.61232891,619.0842599
132.1379892,496.6297285
432.3145591,654.4204558
532.7660097,379.4076849
390.8177816,462.9626585
223.2553022,516.1550282
476.2193625,257.1201581
551.3171508,807.1820133
857.4668809,402.2398747
640.5620125,571.5185821
381.0962434,329.1893035
901.6409322,542.6957504
394.4327566,433.0589254
589.8510478,478.7771692
847.852125,354.4765411
444.426431,602.2599704
519.7669215,428.8279005
560.7367383,461.5397875
226.8805989,545.0038519
780.2191989,423.5865746
704.5061837,382.1035344
641.7176678,564.2106876
464.2477249,368.8419174
665.1773365,493.9068633
416.5737652,653.4885484
338.5763747,313.8393674
759.0772375,309.930254
467.7554681,279.4475943
580.6857575,992.9373993
473.7855249,673.342968
660.4000698,476.3762573
631.0681958,595.6274486
723.7637243,442.3305699
895.2161043,537.6021022
918.6064574,874.8013126
650.7162679,477.954077
496.3404499,430.9748895
778.53498,688.9206889
582.8999482,206.3839017
862.6955008,605.5341824
508.6738263,421.8150689
764.7746331,302.7227963
942.9065278,478.0913496
596.9809568,314.3860549
322.9805039,314.2191966
675.0610407,404.6647728
829.9194466,374.0856461
683.9675845,561.033423
512.8818119,434.489945
864.8016808,262.1332814
583.6009396,521.0368337
718.0394982,134.5994559
437.3169407,491.1666771
286.281217,671.3333143
495.4686787,423.9235506
647.5918655,600.5381712
854.5622602,139.6894894
467.1043774,624.0154584
674.2502858,18.44456552
789.7299289,401.7809831
214.2252875,800.7490486
562.7926281,516.2253778
596.841891,621.5692695
719.7881641,499.9059881
625.6914019,395.2593868
801.1839388,436.265316
674.5346492,543.8113565
779.6922382,319.0145643
651.939546,969.1340635
340.991771,711.4811541
519.819249,300.2375777
363.1694673,343.5898232
807.9414728,748.0798607
493.1612032,207.7059181
336.4655057,515.2363885
690.0333553,304.7082549
368.7678855,590.1007754
494.186152,411.0133263
550.5298258,443.1379917
385.607513,449.45253
521.0229923,491.2721701
644.8423099,591.490655
296.7681336,661.7602134
566.7707949,570.8030306
658.838318,610.5395332
925.3988065,693.3288517
622.3654792,745.6477961
428.7445711,517.905264
557.976097,443.2315543
525.4633284,419.3268416
690.136692,535.9784205
784.8501044,284.0847328
641.5854632,450.7436026
622.0229458,532.3759243
188.2097485,683.4414029
452.0626423,786.5748092
462.0937415,405.0167923
214.2549044,653.4885275
548.3548545,476.7788399
750.0641511,663.5078583
505.3185565,454.3223216
483.5034078,241.0941598
401.4259818,421.6962665
884.7498012,521.8863775
397.1530549,433.0016971
557.8144853,593.1399317
429.8661902,839.81068
778.2372239,401.5736326
711.3264269,202.2486752
547.3968993,455.0866812
409.5339201,890.5130047
218.2715416,649.1839146
533.5404963,614.5170113
740.8363314,475.1600265
746.2417834,488.9493176
767.9377906,150.0116138
714.9443981,953.8548322
542.0316256,695.3526715
228.9122799,772.4654453
530.0795078,511.1598318
645.1144341,583.3462544
826.8570792,392.8161857
307.4676262,535.4623216
564.6673115,505.619306
550.6112758,284.8573246
516.3343513,734.2570977
618.9657917,437.0830803
587.5753313,368.4884353
773.4207976,551.4031566
450.1060296,493.596715
472.4440492,808.0757475
745.2000712,510.3913771
571.4613235,809.1597621
349.6262505,392.6008746
412.1162163,484.7144274
457.9125714,395.1027874
725.746778,540.5838004
762.8194136,484.9928797
522.3358249,335.3744045
620.825779,473.9450702
736.5353757,437.6227056
774.5330238,159.1370641
178.0484222,726.5064416
764.7201634,130.8396917
223.890019,557.5098847
829.4475699,741.4793065
930.8539494,877.6374851
511.002874,614.5079642
702.7481549,512.7012336
573.7712259,449.8251091
760.1193841,914.9842959
461.7868621,772.9207849
818.0102634,302.3850054
524.1676636,338.6557622
792.476024,691.0377161
452.7381366,322.3999943
712.8838343,428.1075434
774.9477193,780.9004792
528.1892145,387.6871851
750.6209683,681.2656431
904.1720394,422.3746897
786.6331958,634.787699
274.4259344,680.4079507
720.0082004,475.4244381
560.411897,715.9732685
505.9831598,250.8566425
497.4306995,444.7012484
804.2455721,646.4942706
666.5555,900.1153361
579.7643103,530.1015456
266.250583,705.673208
818.1205513,250.459158
941.682216,888.3049848
472.963954,726.9344103
873.0480706,722.6791904
446.8597143,565.5545589
546.1861751,590.383887
561.8471519,450.9972121
836.1706034,579.1754665
972.6371428,549.3901389
552.5237554,468.7003386
629.6840101,566.5801961
617.1275863,535.4631573
457.7084744,535.0683263
819.6005834,643.8031013
639.2109791,608.7799788
527.8015143,414.202772
803.541285,239.6605494
699.8179771,149.3236839
359.4912288,951.4689847
756.639415,472.6207555
689.1831862,370.1036968
652.0890683,901.6290326
553.4377422,331.187006
411.368635,990.0095236
456.9452683,366.7944667
581.3774459,591.5910917
658.5439924,293.1066331
638.8286869,483.4661663
399.0323823,423.4578476
506.0539136,552.7830907
679.9593514,382.5144537
765.472164,946.4509514
755.3079614,296.6716875
602.4144376,582.081529
970.0771678,570.6906008
640.4609977,767.2529529
516.4023337,768.890341
510.2385442,727.7500225
276.1970263,344.7703255
630.6900982,880.0066384
592.0951699,398.0111691
405.5831679,430.9209207
802.0029181,601.8313122
476.7090363,766.6725009
402.4249241,375.0816976
524.9961406,321.3300413
415.1545996,354.4271063
609.4384332,505.9304781
773.766462,416.3196738
544.0338695,435.7474829
751.1357497,431.0007352
571.8363051,483.1703094
473.0807135,519.2011422
102.2125054,626.4273187
574.5906845,506.6940437
236.5208069,383.8830215
669.2328487,535.4561997
283.8681277,676.3415067
206.3340899,364.8428978
495.8531131,450.8714938
341.2502778,552.0143434
527.9137496,589.7097053
952.2675257,955.4560739
565.4073725,400.872644
590.1722487,350.7073748
787.4569839,151.1381683
562.6187323,690.8735531
655.4121296,738.0111369
591.8113008,861.3162777
771.4768285,592.7412771
814.989857,836.1207849
745.9857035,612.0900029
708.1810365,503.0773607
954.0986003,632.3946014
784.1362745,297.5282726
649.4901735,521.6518859
890.6426648,612.7614058
296.2478094,666.2553156
741.4708235,469.2583297
589.0760218,689.5070329
518.4999447,354.4142566
583.885318,591.9629604
561.0806649,351.4914164
713.332461,434.62634
927.7554187,738.552789
729.7642991,518.7989356
494.1391126,507.2170794
885.1279737,546.4784351
726.9625208,299.0167084
219.6046132,522.1070584
526.7907073,487.2454453
509.378443,499.1168693
557.7396568,563.2532689
937.2962598,879.6009844
195.2153628,717.2489214
648.1490573,950.6276104
404.566878,918.5309428
529.2465515,466.3020384
867.3741347,970.6465482
477.5139187,540.088073
520.2780476,802.6931165
782.1886052,465.2178776
519.9035453,352.3340861
576.4076623,457.8850985
293.55154,662.0124021
427.3308435,356.8909714
989.1846019,923.6808999
254.4671777,421.4908173
638.3062054,534.6905238
781.5194478,682.6680381
204.326393,685.3084144
631.393801,626.771712
332.8766121,927.028721
579.6350569,459.6353969
820.1548089,523.8469099
577.8117273,582.8193325
237.0756018,662.2935706
798.9326259,505.4008191
416.4604512,392.2577559
467.5878792,639.1036782
585.3042589,390.3894699
760.0487052,569.527691
631.0236432,674.5583004
508.6056791,432.297094
606.449591,560.4612033
636.8629809,797.5334856
220.8508717,649.4375032
592.6951465,575.0125138
439.7125925,568.933094
619.6462146,568.5516141
749.811262,421.8753268
659.9336161,360.625454
454.3838551,617.1464392
672.3116199,436.1874864
782.7226818,527.5318322
518.9951164,372.5049639
433.1868846,270.7999445
546.2585468,366.7763308
388.815208,835.1331537
498.5856956,546.0226359
179.3374356,735.3688592
539.3410789,537.4719753
457.43262,535.1709151
849.8791021,146.7540751
487.5342917,409.836355
649.8051724,857.8704436
833.226928,351.7293555
784.2027738,311.6360068
267.3442782,430.3048866
367.4199831,320.4388978
650.2975577,495.6970899
911.8043408,851.8858608
645.7537949,519.0111962
605.2579221,547.3991852
727.8659312,517.8814241
793.1266952,598.1035993
353.6316073,583.7120639
515.2758008,679.6316189
534.3652731,316.128142
499.2624333,446.5804201
636.4239718,479.1729405
835.7351148,561.5263507
905.9507266,639.7388512
430.0710661,405.3423602
452.5404364,578.5113765
718.2142629,673.10973
531.3062913,368.7022002
531.8970698,710.1259166
515.0641387,404.4534524
560.0311628,685.6472081
740.1983788,359.8864595
485.6042397,600.9360736
762.314025,122.7715328
643.2698469,782.5928599
711.605637,413.9422257
863.234491,595.1485198
542.8332722,727.6932539
464.1367779,478.6796159
584.1877332,467.277593
860.0000854,594.7710934
220.3822158,522.2770925
858.4207762,362.5892666
713.1184918,500.9889789
480.9608404,424.0826363
693.5292038,386.0214232
527.057738,574.7006732
538.0646793,685.7250795
611.4549237,264.7936949
617.4638128,550.8819805
293.5176387,665.6537817
681.9553634,401.8170041
482.029383,324.3148526
438.602868,562.0602929
448.2447239,435.2511914
694.5881588,473.0774114
541.1370687,715.9329225
780.4650021,604.737312
165.0034482,544.1521769
499.2239629,252.3392281
263.6429095,418.0885887
645.4924418,594.3216667
650.6339191,641.8469149
832.555089,405.5921252
793.9379744,680.8278334
573.3367859,805.938704
781.7064518,412.9468429
593.801755,314.6426731
733.0394222,448.47568
981.1975278,911.1757446
417.1391064,235.4830337
599.5910122,667.8916172
697.0496657,556.0417368
576.527358,980.4159885
155.4674458,714.7639953
504.7405266,622.7501062
597.909325,284.486417
391.3180167,596.2752832
725.3753618,444.7573902
757.5405035,555.6795629
722.9471869,509.2494657
875.933531,347.1946804
538.4569186,354.1795769
776.7046245,296.0949129
836.8320457,741.0363987
577.5733996,925.4936918
599.5658297,870.4237174
615.3948449,532.7478766
829.6269037,670.8545318
786.4161107,637.2802513
645.7365821,490.4047412
553.8410074,423.6007824
542.3111503,426.018702
689.1066349,388.1964935
232.6936904,545.9777768
766.9601958,297.9168145
783.2344221,461.7451322
703.0663747,545.8991114
361.219491,714.4802151
835.9392416,731.5532667
695.4302682,301.5267071
721.0058094,507.274245
495.007633,574.5319345
843.1117258,720.3884308
128.5139808,672.0245663
512.2491025,409.7035119
424.5394768,253.4155119
754.0883985,426.1988487
479.6311545,780.3231196
209.4911202,674.0907588
239.656355,518.1093969
439.0481989,266.0636229
686.4081784,543.2374861
564.4039809,334.6372278
581.1420243,473.9511085
623.2144648,913.8243322
468.8867948,610.1761683
570.7011434,594.5778462
439.270767,639.9433183
958.4289033,457.8177994
582.6026565,467.0999117
723.2673691,525.465974
598.1949468,763.8058234
567.4542739,661.4561035
403.6402774,408.1398582
585.6235573,738.148702
465.7994845,542.5649132
773.5015585,542.4952949
541.2378288,479.4566162
467.9986496,407.7589216
441.4562698,566.9904259
497.6468409,273.2853094
366.4202468,738.2596901
844.7354526,621.631387
334.7956084,352.1680009
451.3349704,500.5855814
617.3867522,718.3712971
745.0023261,491.3616167
405.9030056,921.0818098
466.9889213,621.7403902
675.7484745,68.17396827
763.4509245,559.0448303
788.7763631,294.1387892
624.2966848,549.5598387
281.1021532,678.1335719
683.085132,557.4053737
624.0460878,462.3892059
435.5957494,641.555195
740.3544326,773.4174525
795.5527129,470.7069209
565.0424279,599.4479511
443.1188416,536.2803993
806.4079746,478.5679174
358.8895744,273.5750235
525.0781898,419.8854386
279.3796287,659.3417506
497.6628553,411.2830241
464.2944347,645.3331995
670.2289596,162.4480702
264.5762663,724.8725637
720.8053528,304.1739784
589.1452626,382.9546244
318.4828367,405.2731598
280.4983716,718.5855844
530.0712534,643.6504718
472.2512627,641.5793274
559.2037944,407.1662259
472.2090771,804.4500592
599.2381721,351.3106219
391.0444843,438.1931077
368.7390028,930.5548292
490.0386434,577.8343741
508.3640856,542.0914795
567.0038046,415.1105887
804.0489356,816.6600263
495.7983587,351.8588347
581.6438475,737.0280605
770.9030981,621.1970666
631.1808805,429.3694899
478.2675373,625.9210817
597.8933257,537.8522434
949.1003535,935.7600297
838.829361,720.3914395
394.6239252,422.0369616
383.2332686,506.8387754
322.7453221,658.2720275
588.8333347,456.2600378
736.8690405,450.1149485
305.4506562,667.1817905
806.0248585,374.6319784
230.1695492,652.6756106
496.8035629,576.7106195
552.5919475,549.3240517
966.4686195,567.0062425
618.5802936,526.4863042
606.6028135,547.8503251
530.1140682,814.7911135
541.7864816,566.1876634
579.4812352,991.9171318
682.3674971,982.417431
218.1637556,519.6492943
740.9777341,366.9679901
502.7687534,197.4992113
778.6325343,260.9422694
675.1691264,390.245177
430.6406769,530.8248905
638.8698538,480.5727237
532.4225923,603.0356127
976.3519341,519.3900643
507.0239131,538.5328813
784.5112861,306.1014566
592.1968139,768.9051547
704.9778956,829.8210603
794.340146,541.9341488
289.3996422,661.8755683
786.2212718,604.513518
418.5362204,580.8511113
429.4884522,595.8718648
239.9212285,685.1082304
467.0221035,397.2004042
426.8637306,856.2414757
302.0230746,659.7383159
852.2706492,412.6048315
588.1693606,522.3358042
736.7419144,439.7553824
665.9545946,548.5258649
575.93237,805.3762208
571.2380813,349.9069733
594.7300783,356.2148883
738.7455815,451.7145606
743.2782286,443.9027691
186.2481771,685.8122904
479.8737517,252.0153943
466.9878277,855.0222153
555.2191559,751.2308199
419.8165,523.4668508
595.7443309,541.3225859
744.9270931,520.7841227
956.800008,566.2036681
897.3027944,479.5828569
377.2667149,612.3273988
455.703534,249.6405161
745.9189345,612.0577219
390.3154791,487.1244699
722.9158473,381.6650561
543.7747635,793.1680715
623.0772567,680.9936261
696.516518,194.82833
824.3608021,554.8763616
765.5201771,269.4401103
469.1618102,809.2606794
552.3372608,470.7287759
218.9536573,516.0675248
299.2942822,664.5068349
232.3334198,764.1657826
535.9062616,446.4347273
382.6704741,336.1325795
411.9181566,886.8819049
202.8435145,533.051297
476.2588067,384.8942837
572.3017551,410.7399303
202.7061266,736.8725267
219.5391026,367.0646868
959.6294557,578.1539455
579.5989685,529.9988941
778.9431289,479.9547673
490.4236322,699.9181651
534.743895,363.8251794
562.6621912,522.3725565
692.0656804,428.1276642
486.2380127,452.2552515
654.9906929,362.5194185
197.9670906,717.671583
688.1759446,157.8228202
563.9667695,427.7812024
519.4826479,487.7332748
349.6257712,270.7503843
666.0578415,529.6275686
485.7422568,329.9344408
506.1759912,617.0284307
284.0966581,631.1187186
525.981016,568.6065649
563.8025812,679.6542887
709.540534,575.2035881
449.6250296,978.2312861
414.361462,456.495804
815.2578165,453.9854919
885.8711806,690.3565349
522.9361461,356.8338894
225.1921105,810.4795219
487.347093,369.811768
483.6387134,686.7066097
504.2020008,275.3542181
705.7740144,567.2614817
219.9322858,656.5722086
564.0551856,520.0123666
767.8585427,122.382176
672.1952949,559.6577095
462.8250538,671.3895814
593.1993665,282.8085993
460.4019424,606.0125679
635.5732484,970.2004019
754.0417636,359.0989077
429.1855576,640.5537321
504.6425529,410.1378114
490.5170967,658.8656426
822.0013436,868.8954788
569.2726449,629.1744208
391.0270768,581.1461115
337.384556,277.1383645
567.5990173,491.1374257
703.9061022,255.5820158
729.0504393,543.1184329
389.1910286,764.5395526
531.6645395,550.4144597
583.8949956,406.1190681
527.7906832,351.1557776
762.3501135,272.7104361
759.6003931,352.2451828
234.2604008,725.107327
965.6433183,588.8540605
493.2563606,584.9889913
435.8025279,880.1334431
783.5788431,271.6478168
542.9566681,559.6280402
788.0799558,396.2467464
338.0033334,318.0477015
550.6311102,891.1697401
607.9524986,367.1481159
618.3553286,814.0232437
576.1800757,503.5630172
532.6340148,507.0330046
585.0464562,473.9682206
544.8049556,541.690631
333.2679676,403.2178739
532.1649694,489.6248784
226.8443306,812.8611697
818.5817767,303.0495551
474.7541313,664.0008904
142.858994,692.745412
408.7614109,730.4309538
574.1630458,341.860941
500.2490614,219.0461161
243.1178828,675.1424924
555.5137511,455.390227
283.4243847,388.4994961
621.9866625,467.9671317
908.441356,861.5797909
726.634234,202.5532239
806.6819565,546.9790308
483.9395856,196.3628159
539.5408614,383.7172289
374.438226,539.147641
597.1690992,535.288443
795.5566678,603.9197985
775.6486058,296.7898004
222.8366668,520.9101752
689.1502287,412.6841027
562.6472855,557.1865316
643.5381511,274.5483633
395.9325333,805.4808363
434.0164103,576.6783176
712.8696625,395.6863525
658.2632843,298.1827932
666.8621397,322.961788
619.9730782,395.05937
707.2093142,566.6183483
435.7925957,338.8364104
818.7552381,539.8920678
190.3503841,520.2767783
488.7003586,436.0548314
425.4881139,520.6944463
651.1293754,472.7142137
455.6621423,416.5920042
736.7033691,558.0596018
926.4035314,869.0882454
527.0177246,462.6176384
571.7403688,727.5953871
662.8454575,464.5448659
227.9816795,540.8860717
576.1601963,521.5448885
970.7645117,541.8734104
560.3100883,641.6689829
455.9094435,343.4348118
262.1576941,723.6431489
653.8148286,627.5571535
560.1857785,481.1768902
298.4048338,416.0298762
421.2057642,776.8441061
151.7390819,435.6466492
462.1819778,615.866712
561.5441225,361.6342716
770.2852196,655.9088289
462.8909838,613.781715
427.7133304,458.7819878
395.3463689,438.7812694
704.5889071,147.4785483
633.271136,925.717653
489.2397533,382.7149928
455.5024931,544.0562533
476.9686217,250.9888588
561.4861622,474.0798773
383.603007,661.833906
584.4184658,328.8123158
698.7166718,420.5044606
484.6789575,262.6590124
700.5762996,551.4346854
505.4505663,541.3250723
650.093296,516.4476884
381.3529524,338.9454136
738.6500796,582.1837626
520.5078214,440.8825009
468.9761845,715.9329225
583.8712062,378.3898203
510.9739463,417.1377306
710.8425357,491.1252864
507.857948,209.1554914
470.5743993,377.0562705
576.9707864,358.4445542
332.741681,583.9128747
633.5954679,565.6531988
409.0652942,584.338733
871.6997636,684.228307
338.6797564,277.039077
672.8241392,667.3183527
919.366997,855.4790801
683.1655484,3.981656791
452.978292,507.9111521
557.3785023,482.8330619
501.2807665,657.0422366
404.293016,987.0603572
619.3083551,397.5630378
652.1881356,601.9829389
811.7096254,752.6227889
517.0478366,603.5026528
652.9269232,468.4023088
730.5608073,553.0885378
358.2712165,275.0766433
561.8790907,702.9885994
427.4243829,345.1313712
390.9645923,487.2713955
620.8093602,536.7944506
593.0359422,559.2914821
809.7514846,421.4797645
500.9408696,459.0271353
365.6724857,523.1757159
515.9352358,199.3859675
447.7606679,401.0870358
664.8025197,68.07873412
426.9170319,570.5393084
498.5625205,538.6311869
432.8898775,765.4754924
258.9201575,680.7925228
603.0831007,643.34889
605.0961307,560.1390619
447.6001648,231.3210421
655.2834455,875.2421101
557.3417996,413.5581341
490.0985962,375.5384161
588.3632257,326.9818268
964.884921,586.290093
722.3077062,489.3511899
379.3959651,338.8684824
672.3093428,331.1453645
952.4455562,918.0383494
758.755692,311.3499073
757.2144937,364.3779053
524.7682094,635.798397
692.7533839,549.1702521
445.4391555,274.2385494
483.0853268,674.2715115
763.4213826,690.8213394
472.3903884,312.0763237
651.6674518,588.2614065
551.8698484,523.6411891
454.1390857,503.5902001
383.4692893,829.5924607
770.2671229,453.6650011
601.3028705,551.1326022
569.142238,365.8264339
647.6869779,884.6309272
699.6928285,541.3185952
496.2319448,721.5151106
965.6224203,934.6375077
778.3673162,692.3348897
708.6893912,505.8551767
484.239469,490.7063856
675.0877063,564.4924829
488.3907377,256.9139567
596.2078933,729.4512622
547.7581587,678.2402559
790.7236729,535.8520336
634.8295171,564.6729849
734.9149895,482.5094162
564.6772287,412.2684614
828.399431,444.9228276
551.8588975,805.7459792
938.8858607,883.9427257
598.5096312,189.5968451
700.4046359,196.6970756
795.4490016,444.9117121
600.7084667,730.5926721
664.4263097,480.3420139
524.3175004,546.2319086
641.9259144,888.9071455
481.1586304,412.8928741
689.3040654,471.6321841
679.6838565,556.0210937
627.1804524,554.6213313
689.2000844,545.410864
539.5384645,511.8057651
184.9381459,484.7141558
388.5861233,561.6080247
771.2464555,415.6556256
567.1785543,451.1036454
734.1683519,409.1774049
493.4962613,566.4950537
491.2403344,515.6252857
583.6350057,233.8850096
428.1477704,871.3762261
690.4101346,468.4852155
582.5365167,472.2444782
493.716822,250.5515088
685.1073003,473.6049184
607.9402444,805.3733583
827.5461759,739.6654908
576.1977379,596.0518862
654.8483613,493.3003985
566.2811212,335.3865229
460.1751797,221.0787949
644.1933914,595.1704375
236.2451473,531.805794
675.6416772,849.7731586
810.311298,304.6909966
528.9208563,709.7431622
818.1612538,538.7340264
612.3070253,551.5744652
641.5345289,947.9359188
293.5524988,676.3230992
665.1507907,509.1042743
465.3122376,471.3209493
893.3820485,876.4664477
518.2554748,690.0970751
588.9621986,526.4293266
490.9048568,384.3121394
493.2657534,360.1017915
881.1309162,552.6362905
450.6946658,585.4936195
451.3294275,233.2324112
200.9879914,512.299633
453.4368659,458.5516122
698.4691908,389.0317877
775.6924093,457.0866819
751.2222032,278.8639873
556.7834244,451.4081523
454.9073703,217.8979365
498.4425102,453.653802
495.0027194,556.8374998
727.7126938,303.9861427
533.6372266,569.2727234
74.68255359,597.6737084
773.5932403,301.6159656
456.5958737,388.3212507
670.7746612,33.65219363
467.0439603,678.8049748
723.7017791,503.8780129
441.4442852,433.0085294
721.6876105,606.5826148
501.8592009,348.4313036
771.6460653,435.9062552
599.6225615,610.7553458
597.0497032,275.4476136
907.01861,424.281692
371.6313393,480.8852957
737.145599,358.9856004
499.8004198,555.7386507
373.604296,588.8069448
445.7267997,528.7400816
740.2062586,448.5432507
709.6916143,534.3703047
524.818994,563.0317523
748.2476676,658.9424274
452.0283665,787.8383855
550.183652,555.5491644
325.2919792,433.1894075
810.4874409,382.2165701
784.1058787,471.1854109
649.6455232,350.2447432
775.0274615,421.2224777
355.8212447,342.5205388
498.3756364,503.9063031
421.5213474,407.1446843
562.5177924,482.4227903
643.0213323,471.2187575
500.712519,210.2831532
636.3738314,627.5685406
737.5653579,154.8752208
559.5142542,754.4463412
448.8980917,515.889363
450.6474766,631.6396649
755.2296723,360.1733529
564.9508809,586.3346178
917.8293641,510.3160965
156.7530286,701.2150252
833.437152,470.4778826
481.3472073,673.5356093
489.7766012,491.5366862
519.8636518,493.681941
843.8904669,235.9566972
535.7861465,612.05417
734.2820853,408.7348314
521.254354,586.8461618
372.9003085,575.8427517
770.5803691,641.7272768
655.2189237,863.8868894
705.7178218,156.4126736
887.5091242,490.1314915
544.1375359,597.8194012
634.5979457,532.1554316
561.2635042,480.9638774
684.7988479,370.991142
945.4294256,508.0764015
582.6424452,314.452163
574.6288703,710.9737471
585.6805289,737.0852261
817.65609,723.7802543
454.489484,415.9161301
519.6316309,593.6694444
498.4690111,452.8040911
490.9360167,211.1908655
649.8072098,163.2280793
731.0797534,833.7366925
502.9628731,531.2505818
265.2009761,807.9572585
492.1632197,575.5026835
730.809322,584.1159211
595.8378403,562.2597874
961.1415465,902.23696
459.4094418,579.5293456
457.370615,287.6382329
466.3777691,477.6980438
921.9398554,593.5901941
501.2083948,265.3593122
579.6553258,519.842625
890.0124872,840.6369899
419.0258642,347.7007711
706.8877836,274.6863254
476.6381027,745.1611784
545.5536604,547.1448235
746.1529479,313.402289
404.9487956,659.3147349
557.6774569,666.20072
660.7834106,309.4255423
171.8935763,733.2623625
583.4324668,708.0882024
636.0415148,534.4532742
724.2367845,808.4798345
827.2216343,578.124903
607.5566639,288.5519208
676.2858618,535.0219211
605.7605842,500.6159402
515.3829877,768.8922005
783.117363,473.7092205
579.3525511,417.7006944
919.2137445,514.3580112
757.7715506,692.9380114
587.8057793,472.1783492
503.7584975,459.5949882
599.7450437,572.831447
824.3021827,360.9460282
452.4826859,528.8504011
621.7620721,867.3467224
930.1430858,882.8150639
394.5226557,593.3957768
790.6015503,620.7656713
719.3911009,149.6541619
683.2310439,576.1156045
503.8071548,620.6341028
772.1271102,311.2522704
855.3876512,406.0254218
813.4366891,555.7737105
605.3443158,535.7051499
554.239299,243.3921486
672.7794219,568.3869497
444.8250821,267.7862997
642.875735,545.1948425
630.5865966,471.4110018
702.4560764,558.6738182
666.5171494,553.1510104
562.6898006,478.7597229
976.8622813,590.6416753
538.6650454,618.2210306
618.7639269,629.2464419
581.5482856,476.0684492
600.4465294,315.820898
712.6853551,569.4758325
423.4288834,575.4561111
636.5309788,931.1861159
279.0710265,365.0222088
490.2890756,564.0029819
933.3937904,889.0349949
752.2482756,307.6145681
475.7543769,227.0657177
759.6897829,525.0492881
242.6838473,704.8116502
664.5985127,865.9900849
528.7781803,478.0562271
387.2473291,775.8250296
514.3270139,557.7178621
804.3904504,435.8537699
436.3134143,568.9466541
771.4793752,957.3167336
931.5425068,525.5930504
482.955624,406.5195195
449.6298534,748.3730432
728.0099556,440.6451468
640.7204183,206.5887868
774.5047103,300.5188715
490.0070791,571.9540308
528.5918954,181.344486
645.232467,502.0691281
402.9979654,661.8610889
657.9351023,461.7903047
665.3215556,626.8953409
896.351281,627.5676213
703.390422,743.1061014
720.7533399,803.3670894
491.9761409,411.2533757
508.5303712,384.4705774
195.9245336,487.0783781
404.3596351,349.4570661
596.7606358,754.9696693
508.5488274,307.7201656
143.9336188,716.09462
626.0024459,463.2841939
789.9698147,153.1922214
502.711632,849.0063127
726.0436503,164.753351
654.0654706,581.3020005
579.2376942,549.2319934
460.5111066,451.108451
445.7097517,572.8813833
437.752684,484.1597793
523.0175661,801.9504866
422.3057213,235.0160771
568.9961463,746.602812
981.4505966,556.5483081
528.4745966,385.8044615
695.8580718,554.1930075
444.5486884,642.7667456
707.6529822,515.1782409
417.0016286,605.2963687
794.1831933,319.7353393
396.7898331,433.3470097
230.3338873,520.4711119
934.674849,864.7795999
321.4681135,655.7235632
280.0171319,853.8972279
547.6480506,726.4268988
650.9529328,538.9497971
593.6356791,385.3214584
719.0723568,304.4308264
484.291482,243.3415228
816.0225208,515.5892647
549.334966,483.1848516
869.926889,980.9468803
800.5286236,376.3324659
491.5209376,677.5434879
787.2052634,449.6275996
832.3865563,463.6266649
294.688035,696.9046456
493.0804723,249.8090041
794.0956761,653.5571429
636.5721158,324.052405
808.2872271,348.9674606
574.5734867,597.4520873
708.089939,296.943809
796.0540117,446.1624178
576.3067524,416.9604881
479.8701414,197.5044139
458.2276003,776.535295
902.9081337,515.7160694
712.734327,540.5818991
731.7800556,304.1769035
905.5449297,630.3167919
458.4208362,610.4255991
442.393956,753.7650764
916.0820316,455.5534079
705.3669741,544.4761151
585.6306432,332.4411591
548.0594203,462.0047383
441.099205,363.5181235
787.9954048,962.8014311
494.4515798,293.7492443
865.8355131,580.1440217
908.8345691,731.9074801
551.8170414,452.746236
760.8087804,323.5101679
463.4172704,481.7623567
493.5551204,700.8687097
673.2938437,439.9680817
552.1052849,515.0137019
538.8683633,668.2102901
487.7926337,684.4118594
587.8700165,478.5419881
730.3279026,513.8311101
567.6486034,567.6479343
481.2502523,288.5292092
235.820295,780.9944389
709.4236247,382.4988669
439.5546061,226.9081154
709.0792786,499.9772362
669.9766998,191.1451209
525.2823167,293.2516782
467.0928423,248.0216191
570.461767,337.076062
263.7995476,437.9472498
853.3820965,259.111676
618.1245062,690.0848731
546.8478122,783.5020348
770.4480896,308.1106089
433.4508444,270.4745438
527.2752427,389.9620027
655.0948985,671.1195493
807.8546148,470.3494899
752.6291446,444.870405
667.5570789,499.2780236
625.4359512,520.0962554
425.0553668,681.0214358
483.8631541,325.5690894
847.4261042,470.6647154
672.0592852,525.627379
800.6930666,575.5844411
655.1303578,412.8974289
635.8024829,527.0911601
497.5206885,676.3625677
734.6061925,583.8501722
864.4330959,581.7877615
659.8040481,900.2688014
481.5409826,784.3180857
793.2241146,845.363178
706.3911888,579.3744386
628.9298523,269.7090768
805.9057021,290.1981261
478.0070531,364.3467734
820.5456102,490.8837535
793.4148038,547.6834041
487.4323032,672.0510806
778.820452,453.3387437
650.4752286,605.4902218
616.2386921,272.5262568
430.0769685,561.7554099
732.9590658,410.7938573
770.2444571,458.3502164
721.3072359,385.0899755
603.549075,192.3271485
506.8022289,508.1981082
702.9734645,338.5321124
531.5500571,352.7053697
534.4302893,705.9338169
376.926833,567.2700482
704.0169893,553.1770233
504.8547993,615.6685756
912.410025,643.6979635
182.2410376,684.4763587
337.2265697,522.1740649
437.6683726,759.417635
577.2283344,462.7698918
433.5103776,569.7867121
854.02324,529.9236971
511.51018,702.410592
749.661605,546.1813037
691.9515276,558.299693
824.5250654,297.103626
672.9040912,415.2362234
415.9783277,596.2990186
602.1300742,862.6261338
861.8313997,739.7221758
639.8658749,453.3557931
518.2593548,629.077348
489.5519209,412.4459129
337.5981057,584.1872318
572.504279,190.5187652
834.1913847,571.4076985
541.4299112,288.1201077
552.638882,602.1514895
454.6934311,915.5967154
486.7535132,677.2252955
539.7728673,702.9092446
900.1764351,544.2327227
455.2728392,787.8748662
611.4631781,550.3697887
355.2280844,268.8229061
683.8687269,660.5351445
750.2533422,549.0232639
869.1616754,723.602385
557.0020376,403.845734
671.5994679,708.4916834
670.6750995,442.4448592
764.7960106,784.345394
570.3029717,720.4688303
630.5965737,469.7666561
720.5801781,201.2772576
454.6167749,219.0125188
693.2647048,195.1326489
833.3350137,535.6798683
575.4007053,806.7683778
731.3900783,303.7165494
726.8112458,492.5057428
607.6185791,399.8104218
825.8612679,681.3334018
389.6670999,341.2304691
792.0463479,648.015071
815.5942079,197.0780331
841.8735119,459.2008676
447.6370173,513.6613267
558.0000511,176.3709356
737.9218983,422.8502964
553.7682312,198.1147649
629.1369902,533.8999215
709.1995885,152.9449637
355.3806177,276.5918442
786.7182562,251.8400741
213.1153084,400.6780596
637.4037987,570.720667
441.9069488,517.6676592
408.3008446,357.450237
727.8515498,557.1415053
540.4455901,512.2696921
552.0491672,554.8747528
608.3718081,649.6459193
728.6337365,576.030483
686.148593,424.8831423
632.2431761,573.0606734
495.5006325,382.0333938
736.4496861,460.7362519
649.2612985,900.3268445
545.3860115,802.7135298
817.6377686,385.2307791
707.8638804,890.227365
661.0487486,513.2880791
460.5456971,644.7571144
830.9450695,309.1702822
575.2104056,357.4051898
318.6474296,328.4858077
634.7036644,596.1994176
429.5926279,456.0959793
750.431133,535.1538866
517.7530974,496.9146997
564.3831278,558.2773366
701.8394563,424.1019631
761.8197522,264.1379415
278.759608,679.3642821
592.1953458,512.8137261
781.8984892,541.0819515
908.0016578,684.6342953
720.6978065,551.3792958
433.5672743,538.1698089
644.2821819,575.9106567
715.3682766,462.5332899
582.5101957,461.8213112
406.7833308,420.7187897
710.5788306,153.1944989
551.3080576,560.3294467
552.4663195,293.7265118
677.6179596,397.8293299
675.1415319,375.4360154
399.0688154,408.7069172
470.2322254,245.2293445
615.7300228,635.4964392
442.5031952,373.5896889
790.0303966,563.7501246
701.3338131,378.513888
656.2648005,382.7416534
680.055063,569.8782898
507.0214863,568.1828586
596.2147844,497.0684993
568.4069858,348.0059257
685.4594813,564.140547
454.4130225,634.6584914
618.1514864,560.0425115
663.4744217,465.660848
887.3665679,730.5025988
572.2483639,393.4714167
765.3559138,127.7627594
229.592553,510.427795
231.6549893,512.2444732
264.1348304,454.5837036
545.2288491,430.7955994
479.6845007,450.9270088
974.3300805,597.0609963
495.6858538,389.3305279
605.290595,500.7791838
450.719294,379.7039806
736.9228062,851.2966753
446.8928516,627.5246845
475.074763,407.8462788
555.8964628,668.3611019
953.8003049,641.6405255
744.3344571,309.1062634
488.4466307,428.0468259
416.0768258,407.460453
462.5724195,342.6790604
628.1429317,577.6250595
556.5843161,440.0379925
225.0144695,771.4465151
793.1214819,249.7731712
329.3152529,600.8049438
606.2142594,665.7783717
770.3624001,424.3144536
633.5309161,429.5452699
390.403206,594.4057854
577.7255135,783.6621652
519.2003818,432.5015193
783.8849136,457.6617015
329.1090587,439.7693603
488.3301258,272.3482204
450.4635287,508.6781443
815.4077882,454.2018059
495.1465939,301.2912752
952.6440654,495.2187879
569.9947141,538.9650705
711.7236249,514.4528066
167.4975381,710.5677378
562.6519894,572.0063281
663.0497941,553.5331589
727.2793024,317.1427055
639.4121548,455.3395176
837.7579572,532.2429977
441.5777182,814.4610325
428.7918951,429.6422591
465.4288024,626.3203631
963.4153004,916.6909888
299.58305,406.6239679
444.0459964,270.6739337
595.1839033,253.3012852
782.0867965,645.9242864
513.7662268,197.9086053
591.8917022,619.3319355
700.0627316,517.7472438
677.359333,399.1320613
637.9987418,531.2457135
650.3960857,592.4731254
777.5597372,650.0233666
881.2275266,874.4225907
518.1062672,373.8360482
686.5502253,539.4226249
683.8431699,426.8013228
652.8049804,605.2781701
564.8196351,693.3372929
558.976792,418.8566256
487.0214428,420.789787
689.0924182,616.9147891
668.6601669,63.1063329
672.3491166,428.8787353
886.0186505,387.1220692
805.8572096,329.4404266
480.8304335,329.9846905
906.8033075,855.3295429
782.1002042,462.2658905
887.7480811,684.621759
405.1700754,671.8015454
734.5354237,527.1617813
224.2135719,517.2058843
477.8075852,788.8859612
399.4715412,442.8104388
918.8683797,872.5904302
502.8544579,439.215548
571.0674662,410.5839159
518.1690362,577.2858479
488.9939202,202.1453551
821.5599226,510.2973547
481.9701194,582.5100618
896.5528611,855.5652255
656.9581966,546.9596204
642.7563089,525.6755811
750.1207181,263.3277617
356.163134,819.7861218
640.7440579,874.9394836
722.9876946,391.6069125
935.3348682,894.0800858
730.3026451,448.6838036
468.5023753,540.6663938
961.7358454,921.4637076
755.7593895,259.256721
878.6283771,612.9805405
774.9607824,458.4856295
747.9262869,424.1072911
595.8177213,623.5617486
560.6176718,456.2123371
431.5662587,587.4963783
591.6883394,665.3823289
348.9081662,503.9505145
439.2835905,628.9511074
961.8917045,904.7746221
335.7336991,401.4644831
443.8663779,600.6812313
554.2352842,669.5169913
618.1645495,743.7393521
798.0552669,568.7642717
741.5295029,471.1185715
459.089619,772.1181478
302.6308561,645.1849159
719.1320099,149.8511909
332.0850175,931.6517353
760.105482,640.115609
660.7345436,463.5643386
341.1868645,511.6712923
749.7730463,524.4419248
199.2830093,759.8215131
655.189951,491.1650474
519.4555329,386.2368596
769.0773716,345.1785077
545.2361897,459.6752206
508.9117346,195.578231
723.7704955,493.933879
581.3203095,626.8092374
331.7736439,362.3374749
724.9192447,507.0360133
562.2272419,433.8307232
916.0605492,860.9299504
487.2526548,510.591561
396.4822646,437.6367254
906.0298396,642.1544306
704.8525971,275.6732462
738.881726,449.9376225
515.9826946,428.9626241
472.2956355,871.199485
379.24093,338.9074286
911.4326849,590.5933687
553.2238629,202.9330531
443.3205566,583.878567
734.6189111,504.9091242
686.7690182,159.7074452
962.5231854,488.2412042
570.3732012,458.0744803
384.7321764,484.6255659
622.50835,628.1258004
640.1033488,564.5991251
785.7842402,429.0251176
499.9640688,636.8957001
502.0521072,325.8823717
584.2784263,669.7522142
622.4410268,220.8655523
539.5467787,473.7002779
464.8052012,628.8712302
711.1426138,542.7430959
618.1746465,556.613476
535.5051837,408.4953043
221.8034188,529.1198064
559.8197703,470.8600519
705.1258,413.9874818
773.5856151,475.545518
602.5174598,565.7732548
555.1242232,657.6858297
188.0380998,754.3935633
498.0315749,584.0392824
495.9587869,626.1704916
603.1900778,568.4670776
223.8400434,499.1954511
581.9727485,891.5052326
614.0551668,481.8611428
812.0143626,452.8014167
627.5519734,693.1592773
502.2261978,473.5455381
535.3995398,403.4183503
452.2792182,264.3386269
480.8951051,451.6100286
576.0729338,943.0905522
847.0730543,852.2481184
682.0911034,539.1439845
647.7135537,974.4024261
473.0324157,340.0618345
501.2449626,501.6769506
704.4807015,230.9144478
513.1944139,534.1033231
699.8110261,547.6049686
705.7959761,194.0051751
557.2246357,415.1471321
503.8250867,695.9384514
640.5902361,512.8373779
540.4577245,471.5667027
642.7601739,290.6737745
788.9244922,288.5350386
729.9371912,552.5863124
475.4061059,228.4688649
635.4279807,544.5523985
702.2210444,489.8978982
600.4437729,532.4902346
664.664233,643.9688104
808.8104427,415.6445728
676.7978418,426.5176888
605.0637125,652.204726
721.9593153,337.726571
644.4008889,572.5977284
674.6894896,569.682013
748.9823506,926.799014
339.8570288,614.997319
516.2683763,490.5012708
763.2313226,350.8650815
423.3346848,329.8369083
603.5341542,540.3157323
511.9558855,666.0737689
515.5899609,622.8461343
573.8483015,379.6209275
528.1362727,367.3095627
488.4084149,380.285728
792.1676914,360.4486293
760.5678909,556.3436529
635.105012,601.8691719
596.1384279,323.2043656
710.4181178,415.0315473
711.5168764,608.2460157
863.0841598,458.0371639
356.3476212,298.1224936
579.8685609,506.6970524
593.0517019,645.0236154
977.0030098,591.9452006
500.94451,542.9370326
547.5415529,795.9337064
715.1176048,462.1967736
827.1524834,915.4620337
381.8380122,745.1044934
485.1756272,585.7069875
414.6695399,299.6899082
807.474315,687.5848199
502.1132733,664.7039057
665.1362445,321.2116358
719.8950363,308.4082
593.1380206,279.6477155
453.3788157,473.3156013
760.8301129,353.0153091
580.1442056,475.1106125
508.7476062,552.60332
589.2530486,387.5592312
494.2266448,560.1614183
349.9219843,668.3885982
590.5706002,558.7112391
281.470034,677.6857541
800.6961376,370.9372986
517.0049169,345.4261416
617.3362972,518.2142631
677.4670592,166.1745086
435.2976786,803.9160543
501.6792079,437.9679765
566.2366435,505.214237
760.2432444,258.8793782
559.7768057,865.0887244
641.238061,538.2090894
501.1351392,632.2519173
615.3842236,531.7079063
526.9090098,471.2183605
346.2503973,523.6203161
526.2857981,483.0985809
827.6849121,611.7131406
303.8486513,666.9339477
974.6791754,593.6973795
473.3435347,412.593319
488.5716595,514.1134487
654.5959667,858.1516538
338.9254397,577.4181687
945.81389,985.5909347
430.2773502,731.140467
577.8920688,619.5729461
916.3106818,599.8112325
767.3705918,469.1654147
746.097759,776.2011815
728.7731168,351.1125064
478.3190708,273.5566369
565.9243111,578.2061801
475.368759,389.1942165
862.3307809,592.3058911
176.6851796,702.9475639
565.7294723,293.9094583
593.5148299,417.7833505
610.7964626,494.7722864
715.5786505,192.4992302
820.2536216,372.3171491
606.6209102,509.4298631
539.7949338,444.3290872
873.4357558,725.1079747
307.9001037,374.8161785
829.8494718,399.8455443
463.5805449,386.2659439
937.1728789,605.1860283
748.9330941,349.6150862
667.480168,844.9346034
833.9380763,283.9784667
639.1913694,898.0880062
580.620951,627.7299247
497.6715141,502.9481949
748.7845006,389.7918014
448.1777902,323.4313354
349.5977273,508.1464795
773.0195099,484.7377449
343.3630643,477.3171908
373.0107012,596.7312287
538.2487919,884.1769457
440.2522868,360.572509
509.8031755,315.9398885
730.0627593,514.7847471
429.4179081,384.8457682
736.2793107,552.6658135
354.5797052,288.0196083
488.18342,579.0740478
771.9999841,518.6399961
876.998613,440.1668449
747.0117309,449.7306898
428.4259318,665.9462956
460.0557986,622.8502713
694.2530108,467.5144874
766.1917614,351.7522342
663.0398769,387.1690595
777.6104318,283.1427546
333.4828806,403.6438576
529.6858602,465.526814
655.7858379,418.6895793
424.1395823,374.6819983
666.23355,393.9999057
375.1489249,748.2525692
906.8669605,850.9935473
385.8275344,855.7583264
565.984878,766.4656518
571.0305688,371.0625781
493.6901114,336.1204819
719.6712997,381.7439513
667.2223054,530.4335279
415.3363603,713.7154376
571.4995093,408.5498791
428.0309959,674.3035418
470.0762764,600.744477
229.8869235,514.1298713
591.9254837,534.8325393
816.3408604,409.8357491
620.6079149,686.1348705
341.5880324,574.2364328
545.9150995,309.1960025
866.8893896,836.0250075
438.2942958,363.7417712
495.5085573,430.4365178
801.6142741,447.364399
829.2415255,191.8044471
804.5859484,198.0527311
230.8076217,521.9464056
214.5892733,513.5657374
786.821578,401.8827362
770.879908,470.267189
458.3889872,651.9360729
469.4282568,303.399736
518.4922146,488.5756938
786.1378743,328.4548639
482.0263569,701.0811584
465.2767034,615.923982
549.7134381,442.9363661
707.4635514,433.2651268
555.2386757,322.636241
485.3600844,397.1672875
480.9245722,292.082772
474.1030556,770.2894556
644.4229705,565.8814432
750.2979696,677.2132397
581.945993,486.8738691
551.3696282,587.2918484
669.9796809,393.0831255
599.6298422,416.6208586
637.1495614,551.4603012
590.8757718,562.772397
564.5659372,455.4493983
566.9865768,318.5485688
754.1659535,664.615065
788.6653262,162.6735566
804.9785473,504.9362026
794.6023829,447.8242726
521.5121717,468.0573931
652.6429643,408.5345012
421.412243,413.3257737
584.5445133,529.1437089
664.8892429,568.4536846
386.1594465,444.2511531
527.7879418,804.7145335
619.2494211,630.2676078
799.1118699,279.3753642
543.0763788,298.8145604
353.022882,659.152139
590.7968236,370.0482236
740.9558773,712.1710063
640.5439758,665.4068583
868.5926489,522.1315668
873.3715036,816.3202505
198.9997094,733.7722559
400.354518,736.1482624
454.5447178,896.4190057
512.3708805,639.2003331
402.8256425,277.715766
543.5758649,705.6718081
586.9044661,201.9594834
403.6828675,392.4945876
244.5142029,700.9158671
901.7316553,974.5506261
747.3022364,530.9196859
520.7588378,601.9650746
878.0512611,677.8701632
601.3794967,561.5685771
669.8110583,657.3781678
589.535165,548.3989139
459.1868437,512.0552585
239.266168,414.7090299
557.2979961,227.4135584
464.8159274,395.8074324
383.6086097,935.0650794
815.810574,437.5582063
600.3736034,498.2399964
537.2044432,314.44017
545.22425,414.3700481
245.6894978,767.0359285
209.1768703,801.9432782
649.0752383,488.6989049
608.0900813,561.6723778
653.7698566,810.7103989
809.7118008,355.6970761
446.8624408,287.9607085
863.0202222,729.5173076
276.7390576,667.6880902
324.1995575,660.4757015
523.7567133,482.565349
583.5720569,848.4731435
604.5689752,503.5924567
519.3992954,414.5042493
582.5677515,462.2751673
628.0765822,595.757868
516.4388116,200.4029545
608.50996,502.0157861
431.1090781,730.2435569
711.7315946,605.6949397
525.010537,413.1467761
480.7537174,521.5373249
720.3648007,106.2543411
207.649649,675.9122008
848.9929045,938.533646
620.9863121,626.2860345
336.1242606,660.3481028
314.3481666,474.9626214
577.6508497,352.8476151
722.7297122,543.6313351
496.396238,511.7886322
499.5511711,410.4105388
626.4165571,566.1650562
316.2769453,643.9415439
723.5432535,315.4092892
696.8680398,566.279471
823.4320144,512.6310303
550.0454402,259.6475822
619.447241,627.3756904
657.6161485,132.1191055
862.9279711,594.9408768
931.5500571,855.7933654
574.2943665,368.5480454
484.9243561,400.9601684
487.9989777,333.8578873
808.4310418,217.2331361
540.9779289,692.3894435
502.4519118,381.0691636
580.3627739,527.6849215
855.7937627,361.4342966
493.093865,593.0461183
317.8003765,433.5470265
845.2090222,368.2424729
262.6985119,737.2946033
491.702219,307.0231887
698.6362854,803.7597892
598.2999615,515.3450574
591.5092602,300.3471659
332.2581643,439.9638194
816.5360588,388.7884162
685.0013419,432.8339196
645.2957604,553.3034101
811.2896568,420.1683831
351.9450964,966.3413711
566.2328534,427.8250168
534.3375139,417.5416505
767.8408955,487.7557984
446.2889651,903.3282665
924.4389638,851.5764648
540.9377057,298.1491959
373.9684466,848.2081886
462.9096647,479.6745391
806.8321978,630.5751443
504.0096188,644.1187238
528.6154301,361.7928767
442.8058051,418.8765792
149.3636091,433.3461949
598.9323413,399.3729255
801.8185208,561.0905468
806.2256746,334.0515732
397.7253772,436.8503855
442.3140041,649.6120713
632.5964807,622.04216
711.6972589,305.8220641
676.2450095,15.81108419
769.2794761,125.8071789
533.2105616,631.4410689
559.5036329,486.2189933
778.0841961,307.445516
751.510971,635.9830568
716.578911,414.9166311
481.5383609,587.5925945
459.4900978,328.542242
758.0024929,278.4875011
618.0427116,772.9161673
552.9599781,687.1512308
502.9972838,440.4409095
442.249647,842.5108754
764.2062958,314.6168901
971.425265,600.7673767
362.1405487,722.3770445
573.3804096,463.1791605
508.4041739,348.2400413
540.8031192,541.1161338
449.6630057,514.0057827
276.1159658,584.5613152
346.2570637,358.8716454
568.9968204,383.1796929
611.3033042,491.4389448
460.1119462,297.6361475
693.1054751,618.9908853
657.4177742,65.54180325
338.9497533,480.7845038
476.5175531,204.1483855
380.1449397,322.687013
744.8298684,986.3008032
833.2159771,536.3409705
557.035864,299.2616052
487.2063495,606.3566478
648.096535,624.3420502
443.1124149,633.8072552
775.1615686,420.1451491
254.8249316,622.5493163
101.9708969,620.0794129
757.0616458,270.9166993
746.2049608,350.4534727
873.5074084,496.0786742
577.6950278,189.2576544
496.6486776,220.1349362
614.3201153,593.6092075
702.6716935,531.9410398
502.9182756,286.9704447
562.5190358,636.5548379
284.3757334,701.9918585
489.0239415,336.550728
228.5338228,552.3767889
700.6117589,518.7521543
505.0888576,225.811481
455.7292558,801.6413203
781.4450088,427.3070583
352.5522787,328.8558586
718.9934835,548.9858848
534.5354837,357.4906875
821.4124527,725.2341944
685.4881394,380.5662278
426.3780717,643.3468842
540.2380177,900.8452209
514.0993374,376.1969275
776.5085872,424.0253454
279.7327086,668.5578593
560.265341,361.0455039
765.4403749,303.5512582
582.4515463,334.1377395
508.1056687,683.370343
514.2624921,200.2496982
679.2617756,546.4673405
475.0909721,678.1544448
284.9503027,667.5557695
414.3729072,502.4001075
449.1969864,626.9155661
677.1651533,543.8170187
613.2840359,596.8447868
751.3093309,653.2369865
385.6021349,390.7043819
805.338743,557.6470528
441.3925419,488.5265724
426.4081679,585.4566165
496.7699613,807.8344445
643.9371467,591.1761608
819.2265306,337.057571
537.6983715,731.0278283
673.3124498,557.5624327
482.1821411,307.8832212
971.9811234,908.7176253
490.4803341,516.2370993
387.3558343,441.8087878
745.5182311,445.952957
564.9282451,568.2050688
510.0415632,453.0374127
383.3707464,323.4140771
331.0487134,361.5787984
524.8503785,702.65388
436.2211033,575.3975039
803.1800856,202.080417
539.928981,439.7827115
615.5329968,526.0502078
764.6178902,305.0947075
594.7849825,305.8305261
915.9402393,590.4450642
765.2438583,317.4465856
491.6999119,407.3201299
928.7080557,854.6295154
779.4201889,483.3892561
500.919672,564.2837325
877.6561754,592.1521751
443.1443837,561.0473383
608.2783136,494.7238545
371.711531,446.5270363
824.2469638,646.4137248
550.0325118,407.8644146
857.0780421,575.214035
752.2830907,531.2219781
543.6452555,777.302329
636.0908612,883.0527105
483.5003368,407.0037135
594.3506774,755.2978908
167.530181,519.5265847
553.4371131,420.3435362
771.9796403,465.7375493
568.9507099,520.9001671
547.9202946,597.1599496
252.6841761,739.4826696
481.5138825,361.7034929
421.8531247,547.2522387
576.1780083,461.8891953
379.8779239,332.623249
547.474754,458.8953787
383.9808199,640.6338391
574.9009795,714.7877098
654.1289437,580.8539946
523.4240671,549.5581672
584.1341772,335.3393864
724.1522035,323.0734238
667.6069346,978.9933683
516.779113,229.5276188
487.1876236,416.600717
649.7174904,496.5711004
503.5156605,586.046617
659.5181566,390.127858
640.1253105,506.3479581
838.7978267,727.0737932
497.190619,469.3410066
412.6866659,571.7250969
544.7127494,795.8704816
582.806259,416.9283325
524.9808303,378.2345999
516.2988471,405.616571
785.8576456,400.3245358
801.1466069,669.1123402
474.7461166,253.8091729
687.9542304,613.0903167
798.0436868,355.648665
456.6185694,347.6453397
465.5693512,802.6329841
674.6355442,439.7146185
743.0953893,624.436553
803.9760995,174.2277911
656.1978518,287.2495029
719.8392932,339.9761279
437.6747245,235.8943081
792.2466097,648.0230315
635.7041197,928.3421082
501.3453782,566.2260245
588.8693932,783.125653
558.8369023,255.2529795
318.8412048,382.9933198
550.4580832,354.0135335
573.3635714,526.4828985
456.3516585,366.5035407
858.8647589,603.346346
502.2510058,533.0214815
754.674458,640.9486258
172.5720217,676.1059494
504.6320514,487.2156298
492.8937829,412.3524129
715.207384,478.2025258
681.0019324,403.8344931
318.2013496,529.9768302
879.3903848,529.5054023
908.4942078,482.8721125
454.0493064,547.4650635
791.4312108,641.3679653
484.4104136,383.8178954
619.4817266,738.5355933
274.252503,682.0096939
565.7278244,451.1424452
485.0608452,497.7174413
531.0917978,455.939171
502.5652557,701.3280192
557.4945577,239.506123
666.6728287,323.2443146
567.316137,386.9026629
559.0349171,560.0602085
482.8870124,404.4630427
569.8796474,577.2426186
611.8713869,744.9543293
377.0852538,572.587971
618.7597173,538.7013066
641.5543783,470.3535851
743.6457798,287.0302011
418.4966414,320.6540418
724.5554986,621.7111388
928.0938474,852.7483379
535.4324225,375.2938328
608.1526556,794.6764819
303.1261776,547.6741273
426.8592664,414.9512523
690.0576539,381.5145995
586.3536262,802.991606
789.3342889,343.0044821
785.1434862,661.0275707
609.2343662,875.2537688
555.4156576,756.6947698
509.8470389,920.5928938
499.5195618,533.9581109
516.4366844,395.1000503
381.9947701,870.1518676
833.1071274,541.6921145
543.3861944,902.1733173
790.8001343,366.8733409
341.0759625,280.1656531
569.3949622,570.304775
560.1955309,482.4623632
603.1457799,513.6108263
641.0207961,587.2812971
393.3523194,744.858343
382.7454524,346.1355504
168.2518907,629.1142883
496.0170318,675.0457539
656.5396062,672.0716402
503.1785801,540.7323765
630.6415757,461.8063512
590.7716261,567.8323016
506.3804476,383.8832723
425.9933077,319.9838089
550.9582735,670.6917478
701.7505459,576.8385525
546.2117621,401.807978
466.8519678,542.1255991
910.9480147,852.345024
453.7486739,512.6904733
660.0762472,686.3530649
716.5554063,508.2821014
487.9833978,510.9969643
549.7460211,432.5209715
423.395836,424.9179305
557.9887257,244.7108846
536.2586074,509.8361649
689.858201,478.7560873
774.7963993,534.1893431
768.2632161,453.3864862
508.8057313,347.3130022
404.1188205,432.0713568
562.5487874,590.1446943
658.2118855,502.5124746
762.9549588,324.0562913
659.517887,585.5624856
630.524996,447.5849753
717.4055005,478.2761557
700.1579489,496.8258799
648.7145034,526.8765385
473.998775,656.9141991
664.041306,358.2715114
705.2738541,167.8083239
747.6666266,549.8515586
188.7868046,518.1338218
497.2523994,661.4195601
453.5348546,481.172607
625.4290151,673.7865862
712.1735848,565.2721786
615.9356777,555.9633013
487.9243439,426.0657131
136.322575,500.7969435
782.2054136,448.9819588
444.8053975,527.7319953
445.7139912,564.0940791
430.429584,794.7796139
757.4895092,641.4808547
324.0835919,311.9852683
298.2485852,664.3876982
485.2680431,339.8303516
944.2757927,570.099096
780.2824324,314.1351825
521.5136698,484.7598506
974.2456193,483.4878123
699.6609196,413.0999948
480.9381896,807.5743161
796.2240575,450.032982
598.8374536,272.2095061
216.1616764,410.9350161
468.4698822,321.0938572
380.7351488,728.0206814
294.264516,300.3781306
618.1041174,539.5375828
784.9344906,850.6458319
525.7694438,419.4708002
210.9793318,752.146054
435.9593757,488.3198696
747.6110333,368.8157165
814.7553792,295.3549155
558.3946574,737.0984937
836.284951,533.9440911
590.2325909,466.2079116
462.4898759,254.9183018
330.4149404,583.1113449
853.1646218,622.0430793
652.4412193,357.7844967
414.832365,593.1970137
513.7765485,394.8747728
530.533932,306.2492806
468.2744441,742.5864714
887.5097234,494.3090907
701.5989114,271.5648683
658.836011,585.5880597
844.4253374,403.631969
582.309799,397.8245243
647.2096033,891.7782943
499.3007838,542.7307267
663.7400143,84.41839084
417.352746,526.3189236
611.8188197,589.7546479
629.0569334,439.8081602
589.1173985,528.746308
805.1340019,534.6262961
481.2670007,404.0337577
721.9422223,213.7758522
699.8681475,435.7907332
778.749099,277.4118441
480.4601109,226.6495123
283.6309834,662.9348028
498.9226862,614.6224207
470.579328,415.3396062
875.9393285,685.16362
719.8603111,271.6312689
422.9514189,438.1198747
758.9266666,536.4405506
566.7772666,482.5477982
749.114645,147.9280586
717.139069,401.5367341
566.4923039,336.6368316
398.2989128,791.402625
684.4548763,954.9240748
335.2564593,833.3269433
453.2154663,407.6391163
878.1734885,351.7082109
617.8208925,263.4022483
729.9145554,461.8133924
864.6761426,582.8066291
713.4596919,474.5043358
630.8846224,222.6626738
673.5345235,546.8172079
655.7699883,409.9971749
836.3290092,382.2195579
827.8679162,389.7669377
551.9215318,397.0962066
756.8976522,550.4319479
506.4549316,735.2231456
839.5007356,511.6110763
389.1855606,663.7903431
468.2289627,661.4579212
583.9565662,406.5469322
149.6547738,688.9003591
400.5303463,294.7465912
839.2216454,622.8752185
739.0621385,320.6792397
480.9062508,762.521604
500.5071637,675.8791885
492.1281799,729.9702027
522.8579918,414.3429906
716.0932371,623.1996791
441.6012529,563.4738243
126.0734619,712.1530585
365.44421,350.4146938
739.4704072,436.3345791
689.8868741,520.1821918
836.066203,742.373584
509.4007043,685.3859514
537.4240451,508.2667445
544.024941,486.0215673
646.9558604,891.2504531
450.6770485,498.2819094
855.870299,733.9979722
582.5917505,341.4222746
631.4918496,602.9829393
692.6753345,572.0588134
622.4373116,537.467901
392.8866896,339.7021051
814.4717348,580.4460423
547.6204861,285.4903037
637.3964282,582.6227214
623.473436,566.1699245
693.9429555,487.2011712
755.2856851,352.5003175
657.1605857,626.4936358
492.7788211,453.5190158
380.8462606,324.1705597
638.149837,874.7678197
644.114548,294.8724766
526.857596,472.0573112
671.3091571,171.3815059
596.9607328,579.9870462
891.0421998,902.9078823
588.9600264,392.6409908
609.2592192,729.3922789
564.0014948,472.5066542
440.2136366,632.5567167
466.9356799,641.8942395
559.5490243,596.1882394
725.5620361,296.6824688
515.9049299,499.1738677
230.1549131,781.6913949
338.5800749,580.0048896
675.2552354,361.4003232
602.0563991,630.2097527
823.2941171,389.5752367
701.0669321,468.3822298
780.2978775,421.7580287
625.2026719,593.4126799
593.9347236,970.8257965
421.1791135,813.3986639
792.020626,656.4936268
178.4218459,707.1780873
466.2830012,793.7420882
472.3132528,376.1593604
394.9402274,242.4341448
911.6120337,689.3774492
476.2060297,666.9878956
567.1918422,450.525826
540.9216614,395.5952136
718.4015066,622.2641362
797.7655404,419.4272157
461.9403243,325.5096255
816.9445372,374.4792235
568.0205739,573.6286935
855.1869099,689.9078395
696.5041439,551.0465613
487.5518042,622.5910831
908.8186895,852.4370405
404.92601,402.3994201
662.5946358,373.3712228
673.2148506,373.5915484
699.0778412,440.7697786
980.2909864,914.5393405
850.6429524,260.9957577
338.6918608,558.1886422
434.844348,913.8886017
336.4766514,854.5343022
549.3866644,404.5648166
567.6284693,696.4338863
514.7813482,549.0899779
308.0583896,685.4947666
215.3328848,391.9209679
473.8991834,383.0420442
548.7532659,340.0306609
795.0909631,499.8817095
550.2708546,390.9839416
407.7168374,603.0898531
593.2178677,620.0417204
655.2378293,571.7827848
979.3196236,535.5377066
785.0212737,771.7084821
583.9616746,521.0257182
918.4230039,441.6434339
600.0276693,238.6157108
446.5164468,269.5079317
897.8086323,481.927439
786.8813659,337.65946
875.5845858,685.1695539
870.0107359,452.0896051
480.9815287,517.1211806
489.483519,701.0430271
202.3247332,680.4888517
637.4892186,464.69129
600.0584247,543.1476634
814.6782436,281.7082458
291.9038291,385.949423
610.7093049,552.7612357
807.7536,330.565811
567.7340832,311.394056
709.9513644,395.6686763
707.3681993,234.2565858
871.9292678,599.5968407
662.5892727,495.8930324
752.6566042,553.8026477
688.8863438,155.7411872
458.1115598,384.8962895
623.8219317,522.7954061
432.7531038,521.1792462
598.1371214,723.242969
210.4813887,511.6580456
204.8404853,362.6935478
716.8603682,392.2326832
535.1317151,641.6426567
216.8720007,651.5182169
616.4289169,746.2682806
569.2230588,178.8723052
469.9772541,800.1831179
582.1431388,379.625169
438.2245607,583.6891016
602.14104,634.503668
859.5145463,336.6670859
447.7973107,531.0566242
588.9955456,474.5293039
817.6632208,241.9595202
495.2667091,676.347545
374.6613484,824.3179345
665.0316194,422.826937
637.5698147,543.2838077
412.1048609,390.8186713
174.3743334,674.7167803
714.1998728,201.0547172
509.9739853,341.5458826
649.4879863,386.2885719
555.2711389,473.6198993
822.4426897,632.0704124
496.2118857,257.4273603
290.8778167,295.6605507
793.1700793,618.7759712
462.8289338,516.3723034
258.0883248,431.0950292
697.9189951,233.2046224
569.6444206,574.8942547
633.413872,593.19459
822.5715086,246.6361064
588.3326351,475.0045345
695.6358332,553.4006083
199.4961245,660.26599
837.2560741,373.5232882
409.6533761,326.8618125
861.7117489,575.6473107
390.0245541,748.307729
549.1795863,443.2357331
487.8473282,297.3232621
684.4848976,469.9113668
423.7052621,334.0420665
377.040926,610.5094252
512.0807795,393.5388621
582.1985075,705.5508745
485.7121306,679.4771089
558.9154611,420.1818805
533.9589668,466.1598767
949.2308053,506.9289741
613.0481649,620.3077827
725.4130232,513.3864055
450.2718358,405.7746539
748.9974811,513.1958536
846.956909,155.1609024
678.4949741,552.3594053
729.4104552,399.5381332
779.0525329,565.8905529
566.7455225,418.9876509
447.7561887,233.9911503
670.6768672,355.4432158
510.3638577,208.40231
713.252494,488.0347104
451.0122564,561.3876991
849.9108312,471.7486672
587.9272577,641.9806146
526.0906747,473.8914775
719.7032086,463.9258857
707.0629229,577.9343721
746.8948815,321.5087046
732.2682163,351.5987063
647.03758,609.5110963
272.7124282,624.7190378
875.8325611,500.6773054
798.7263568,324.5199048
569.1227331,904.4682139
924.6215934,867.1296144
758.9746048,474.2280565
795.5315452,173.6131359
299.8691212,573.0841789
750.8688388,392.9451007
540.2149624,479.6305157
749.0861518,523.9037411
768.1916084,361.9534669
509.3367218,564.3354866
615.6498761,691.073758
550.2615366,354.3372001
477.2109193,522.3097496
422.1102682,959.5426805
628.6807534,798.2237765
881.4981977,538.4365816
736.9835379,296.5576071
775.794233,692.4782006
443.8962195,791.99016
743.609152,905.2879422
550.0201977,364.7212329
508.2123162,428.8857347
705.8250835,565.7923727
389.6332435,978.5022584
666.6037228,876.1930099
763.5315206,360.4696276
858.3478952,847.5394602
541.5782051,540.122903
616.1340071,598.0440518
620.0040583,439.6019797
809.1832821,221.0448424
678.9575927,388.2560828
676.942001,700.9584488
660.8189298,282.7480908
461.5087157,355.3483578
500.941334,477.5255233
450.1143139,530.0385715
649.0496214,540.9186243
956.1843017,634.7974773
552.2498335,440.4398439
840.151242,622.1296216
580.6955249,460.438828
631.2842922,659.360764
872.3648013,559.1225345
927.2934142,452.6240279
430.7912628,790.5612298
18.36624953,608.6930395
647.199716,468.044439
727.3186267,634.9915811
413.5276968,315.8535551
780.7615149,691.348721
798.9011365,383.8981278
526.0926671,742.6584507
430.1015968,523.3120274
479.650944,375.9589884
536.8278137,363.8621615
668.5523509,409.6839344
494.8640132,502.2769383
664.113378,120.4469461
516.2999257,428.9511116
972.0510533,575.0148122
427.6687629,515.8624935
393.5118637,843.4564055
721.7076397,269.1878171
647.2215878,579.9672598
512.3962129,787.8585063
613.6561712,258.5137567
639.0142527,550.6806474
700.7111857,469.185243
776.6058718,447.5509601
438.7240768,565.3265862
622.0554539,459.5679307
681.6049801,569.6777924
256.9285498,748.1541801
576.6449864,960.8029138
483.1975022,678.5241615
225.735475,704.938455
581.7847259,378.5745219
450.6330652,861.7520606
861.364152,728.3908159
872.428649,437.3625355
545.7918384,474.2567437
783.4126773,170.6123408
511.753781,712.0020586
518.9384444,615.2428844
472.0783256,869.9916953
409.6106062,453.2216337
571.1616198,472.820835
845.1926033,321.2028604
426.1706641,360.2594147
501.1208027,352.0261317
471.7632368,229.23686
553.3126984,592.504508
532.8319846,598.7938484
858.8516508,527.2189887
468.5966038,491.4711213
798.8732125,453.5967827
665.6632501,512.1255663
147.7774538,717.0114628
466.5255536,767.3085932
656.5597253,579.9926249
734.4187691,434.145092
492.2089258,565.0038389
223.8912923,545.2362332
255.9534868,688.2970075
820.0601759,292.1539364
499.731179,455.4051243
606.1800435,334.1942573
541.1740261,762.6091701
578.3134756,676.4303473
235.3588748,515.646284
408.1766697,428.3517507
422.9375767,316.9634571
373.9347551,424.11007
451.6357826,501.8457311
501.9582082,320.0887587
819.4297736,332.7706969
559.3263364,738.3330066
789.4834366,328.3105292
570.0721942,733.0342644
890.2203742,436.8352583
792.5917947,354.1869315
872.6346785,359.764711
640.7159391,508.3348584
275.0190948,285.2555195
567.8558612,517.2318762
681.2256241,617.3782355
716.0099894,816.0071353
643.9658647,600.9687933
336.3680114,276.4696779
553.284355,320.9386786
596.3064812,545.1279613
593.1612407,575.5393104
428.1646986,519.8036998
928.8630159,494.0895173
659.6369086,587.0540556
535.0559727,464.0995553
446.3607226,845.2834053
269.7353459,843.7045618
439.6872751,230.4664211
430.5161724,535.0573153
975.5291797,515.7220033
797.3815254,649.0625422
682.4421459,570.1649325
573.9151753,527.5285728
630.527348,548.1039973
298.9386407,332.7227664
766.26653,270.1541157
623.7033296,862.8762958
847.9301894,400.7040516
416.0328425,651.6025654
694.9798738,191.2476052
645.1045319,480.4829011
790.1348569,255.8576056
542.6221793,479.3637013
587.1532055,513.785269
554.0010311,800.8862376
471.7307737,203.5820578
652.8856664,499.246453
673.9301934,869.2834566
521.0997384,369.0174675
828.5228419,337.9795328
762.3825168,309.7042871
533.561664,806.4420786
293.213321,837.755415
610.279449,644.1877152
471.8539748,394.5065815
511.6564515,415.2744801
644.0592993,852.2413696
392.56441,341.0971455
778.1085547,664.8610692
435.441718,965.1161977
617.8906426,534.3360179
650.3525368,608.9120906
492.3899974,707.1418574
696.5671677,542.8245819
462.6104704,794.553438
415.4010769,502.4696004
448.8169862,420.4664756
819.7988828,129.5906158
437.671998,426.851468
451.1507079,634.8946337
960.4143239,905.6170412
560.6412664,424.0004817
668.045674,178.0146337
714.6212946,535.5485296
640.3554738,387.6457317
692.2817319,544.4213523
747.3250669,534.1969902
900.8348064,448.3172211
668.9853377,904.5938068
668.9118574,522.9163606
530.3672269,342.8519988
507.4366161,622.1231863
459.6462116,547.8828777
622.9123792,555.9991969
494.2566211,682.5792392
413.952639,427.5460213
662.0271374,542.8820191
744.2488125,550.7128239
950.2432752,900.628886
443.7340535,287.7773232
933.089248,445.8587675
664.4257853,159.8098877
855.5868793,268.237753
373.0847658,447.9840896
569.9760631,522.3152446
579.1925274,611.4448218
724.3412298,318.4839859
670.7085364,536.1484546
491.680452,328.1340598
617.167315,401.3994197
691.6644826,487.9118963
433.514752,246.6059565
567.7508466,678.1116334
670.1818603,910.878843
809.1803758,334.3091108
212.5222828,520.2960215
280.8164266,700.4873343
636.2811609,585.04693
527.5703173,559.8140999
595.1799484,534.8646322
720.7724552,497.7502655
478.0267227,844.9505663
481.3614839,783.6357972
792.2081842,566.339102
789.5787887,114.7123374
660.0706594,192.0818129
711.6099364,407.5532217
600.4576001,504.0352808
455.2983663,639.6875359
560.1320428,690.2637035
534.4752164,432.1456345
425.2748638,551.3753051
951.28286,673.3287602
821.4597618,249.9698241
676.2868355,563.2749149
498.9888859,311.9783525
477.5948594,235.2507777
461.9857607,383.0192908
166.4585225,546.160577
474.5614647,519.6111421
584.9128734,952.554441
677.924105,428.8336881
674.1657198,501.6524212
650.3002991,151.7191426
670.9109704,389.8036691
621.5438484,477.1808376
500.9127209,325.6426148
816.1376174,248.6867747
492.8034194,454.4595941
683.0600394,524.6655726
280.8117376,352.5502538
715.8342659,193.6834726
599.4254157,546.8527275
874.9097957,814.3623508
203.3642133,758.9164334
678.239793,522.880068
498.0140176,613.0319393
565.6434681,423.9175123
600.2067784,691.4272401
786.4196461,623.3967916
533.9537386,909.4618641
737.712723,289.7625312
448.5046988,897.9673024
417.6480753,546.5690308
881.0468595,440.3300258
694.0142036,437.0972045
601.6815374,291.4400981
767.4837109,261.3778853
485.9161676,599.5310251
569.7560417,354.3042087
680.0384494,439.4280385
273.022873,599.4679466
496.0700036,505.4922715
550.8377388,285.5006461
548.068948,561.1038771
537.5379133,383.9290089
588.9296006,981.1725965
595.3534697,351.0930752
552.3660687,281.1025541
632.8547627,626.7814485
236.2952577,386.7847799
530.9238044,804.4451701
538.5752511,538.9444065
577.0529105,599.3163826
854.509663,724.991596
667.9462472,477.9874863
442.6866937,377.6136975
674.2205042,434.5400275
477.3180013,424.8086348
713.6110868,209.8626854
324.4811644,328.0584867
452.4761992,583.6318315
475.2518647,573.4847767
692.4085884,193.7127866
518.3815223,232.2047891
478.7402379,247.1526649
764.550567,354.7996227
683.803516,434.1375493
456.8125693,391.5257608
730.1668152,341.4782284
575.9458376,849.6951828
710.4323794,576.2581423
541.2410497,553.7175889
495.9922238,599.9570088
457.3269612,617.6787308
626.327407,567.8412233
341.5563333,322.8172026
311.6772746,525.7747433
764.9781308,528.7202534
665.2096948,624.9569979
491.102542,631.3149745
701.6016678,270.6237049
627.037192,484.8410232
291.6563631,680.8706658
292.135071,682.2337177
547.6247856,562.7876077
623.7297256,625.8998118
827.6402846,190.952793
651.2609508,469.851694
548.4191366,187.3379068
675.0159338,555.3317639
322.4607189,329.0582573
639.7334456,759.9745605
781.0932772,651.6548
749.3406137,246.7544491
562.1486832,477.0492481
461.6856975,784.5443034
558.8067911,194.4666993
655.5255933,570.2107736
703.9110608,466.9192635
506.6039146,892.6319751
922.928461,618.0575363
821.4549979,542.1711686
508.4214316,443.9237466
850.1764837,150.2402552
898.6646439,581.6892679
802.2476426,444.1319955
747.6924833,862.1571296
746.2724938,443.7099816
736.3950665,436.349163
517.4711309,608.9596868
597.2326323,329.7376416
549.6816791,443.3481629
484.5716208,524.6483351
735.6841579,519.2186094
656.7714923,579.6403755
507.4733188,729.331436
528.684536,441.5524412
964.6142798,551.0768156
522.0904712,553.9589755
636.7588201,481.6895416
528.6861389,515.1254004
635.7755327,531.0167796
927.3638235,859.4203909
212.2453498,691.2482634
419.0000375,868.0238084
511.2116149,725.0389832
791.4898902,677.7028244
706.8684136,326.603084
207.2619338,796.0682001
503.1211141,535.5800793
549.5290558,841.746077
645.0587359,628.0893198
744.8066634,515.2420925
511.4491787,404.6341006
147.9050743,436.1580679
501.5321874,441.8196526
572.5899087,598.6303331
741.8377455,260.4757516
435.3820049,961.5877702
793.3135643,647.4074361
485.1039896,520.3654309
705.8860849,905.7831472
296.3773773,616.7311531
452.8635549,754.6265506
386.4818459,323.3469243
655.7675015,469.0639333
520.7786573,606.3250354
566.5820083,731.1235639
397.0025589,374.4663529
592.4833495,628.2687352
624.7094177,474.4587036
377.7422319,567.741894
661.1372994,480.3857656
916.4731474,907.6161226
221.3697428,672.4173706
446.7989826,517.2122987
713.6654217,532.410044
592.6056369,692.4524593
793.2461512,294.1453289
515.1546221,227.241226
763.8738893,373.9592592
444.4340112,760.019524
777.5197837,595.3324902
778.6257181,569.745781
727.1750219,155.807149
606.8197039,553.121571
662.1807344,401.0499283
733.2942887,478.7289253
782.6372769,641.2690329
585.3072551,386.5285795
716.4731624,161.49506
490.085488,791.2380651
815.5686658,451.5676141
554.2124236,623.6872788
237.0174018,680.9902413
542.9254334,726.2994463
632.0550936,971.0521604
537.3427749,897.7893077
737.4500516,312.5133812
451.4558945,617.8417446
856.7943678,717.2801368
480.228869,411.7419156
719.4741239,393.8997197
355.9755908,274.2139991
432.2374086,272.2027156
187.9923188,521.3195693
644.5192813,593.703773
543.4618619,212.4787831
416.0150304,310.4339211
500.2995164,754.2897418
463.7818404,434.3683219
512.7629251,286.5761151
928.3976708,594.9640272
947.2486205,893.6330829
713.2073872,519.4139042
690.0192434,555.3703339
475.5062368,912.8867835
906.4429321,851.2867925
764.107618,449.1980639
318.0333861,356.9527127
427.2035975,539.2046603
635.5483955,594.861522
835.2013229,167.994488
701.0881748,146.4239105
696.0551277,136.6955684
924.4836662,852.7412967
475.122072,538.3122214
525.151745,571.777039
722.2843962,479.4183596
504.0016041,210.0809634
820.5974284,502.8872475
847.6360735,632.2825268
489.3942941,601.4181573
705.0774423,436.9273584
742.4411976,691.6052974
483.9409338,420.7633772
740.7607838,527.5337963
517.591261,573.8918306
490.4523052,678.5116669
213.7644216,645.7553388
547.7227443,405.289457
432.792518,418.9359178
520.0542211,606.2670968
644.5633096,573.5798019
404.7071122,374.0129146
577.5231094,385.1159047
170.4946946,482.9338329
458.5164879,443.8729745
733.1728702,302.7498747
490.9387581,662.9786381
376.9288704,615.9616745
584.8715417,593.054434
329.2302975,615.7224608
745.7452934,817.96071
529.4421693,457.8367501
537.6117831,508.2563393
482.537498,408.1697782
464.6423611,342.7072044
688.9686028,535.65396
629.1811533,474.8669694
716.6287368,467.4320194
693.3673824,499.8401098
966.242486,546.8400449
532.9326249,943.6703564
571.9612441,382.8184174
693.9353303,472.6031211
658.8704815,624.1360159
531.8262411,687.5822081
448.4675018,715.6387162
529.5407722,546.7336326
268.7319993,532.4714928
870.6697963,791.087901
351.776294,270.0391578
407.3517431,911.8607494
557.2551813,257.65199
603.1755764,188.5559554
970.2217913,587.9331851
764.3895695,318.7710256
534.9417899,911.5312325
547.0657213,314.6349006
473.977817,729.2027299
849.9238344,722.3473961
583.1462008,330.938202
877.7627929,727.1251711
653.6165592,576.4431155
718.436097,396.2782961
967.2528286,613.45458
156.9828174,726.350887
802.3875772,186.6114487
613.1439515,547.9703811
837.2097538,939.9451298
927.735794,665.120529
514.644964,639.6509507
346.5302815,591.0815326
477.5414832,809.1924819
561.558504,507.8591264
509.5409535,194.4094919
521.2464742,360.0621141
493.5102083,681.4691701
622.9368427,916.3987257
464.3101494,254.6547051
778.7333243,568.4657822
659.6101081,225.5144958
530.2317865,366.736925
413.4055592,337.4481814
832.7206556,256.5274832
599.4466134,279.023679
563.6085962,445.0344426
563.4149409,748.8941984
569.8734304,649.7466694
726.7603714,208.6136304
456.655392,581.5871806
340.6696563,512.7878804
534.9402619,562.3212153
782.4070386,614.7558906
455.147316,630.3963974
517.2711687,545.2065013
535.9950971,556.9150996
551.482238,666.6638947
563.3668529,559.3409797
287.1123157,650.1545173
566.64271,310.1675664
546.9564222,461.2635291
471.2422085,639.9023873
518.1997167,413.0712866
528.0412053,324.9970576
546.9375615,500.5577926
509.5360998,613.0842575
757.0399837,126.9447026
513.6732716,376.8804697
507.4602107,496.9381635
683.5490989,386.5422441
769.9321847,497.7086032
459.9164482,643.7602271
737.9683984,558.2428827
760.3566033,307.3248749
461.9368637,284.1074862
792.8459421,484.8117718
763.2646396,348.532973
508.7429771,621.7435242
797.6201079,593.3859358
912.1851799,530.3111944
300.1150142,661.7823191
507.6046695,709.1924422
748.1052312,348.5836615
565.2131479,459.5395778
596.4331879,413.0887957
535.840781,418.7615168
584.0273949,625.1680048
659.2480548,506.6310279
535.9602371,404.1733286
738.3547803,464.12935
463.397391,416.8847061
600.1928764,314.5495701
828.0051393,388.1628962
327.6393633,648.3285414
699.8857198,277.9242239
685.907299,432.6194442
751.2269371,308.6598873
724.7077623,517.1148707
781.767573,539.2476598
367.6398097,343.3623728
768.5011394,353.8883376
804.8758846,155.2553843
608.7307454,596.0093045
770.8183074,544.8232246
667.8890959,910.4876475
568.1361499,693.6631533
974.2399566,601.9136549
608.9004317,682.4718449
222.1590004,395.8749613
546.6199559,338.6800617
469.019239,538.6796397
559.4936258,474.7646313
629.460633,439.2053936
248.8981666,618.5452404
729.0706333,410.5489605
586.2546787,369.8483322
764.63747,365.075112
703.8211168,624.0176941
184.1497721,730.2400258
545.5085835,448.9419053
521.0548262,564.7220854
548.8953128,587.4130537
291.2598093,670.8465295
451.7513586,340.9411729
522.8755492,371.6744544
709.4034757,266.1258657
539.6697852,678.3872023
385.311165,318.8115179
503.720851,643.8435727
598.7755684,526.883935
557.067683,776.9117394
690.8817866,634.4295576
714.0898097,509.595614
703.9035405,500.422693
493.2833857,352.4377614
344.0917999,292.6138518
823.2603656,683.4784268
848.5819542,355.3202973
461.2626279,546.8442028
590.7443313,821.1677483
630.1704031,740.6541249
623.9065277,842.7661982
369.6317619,780.726538
596.1599251,578.5553163
603.5009121,458.2580537
395.6951942,436.1679925
385.7000937,514.8798977
828.4858396,313.941601
530.1241652,925.1198173
698.5828044,859.1759747
52.97547564,621.6350434
514.7502333,502.8707205
750.8975717,642.2317378
485.8521402,404.0821478
821.5838019,684.3540253
702.5081643,148.1238339
581.274918,506.3940081
667.4076315,514.4136306
291.4476821,530.5934076
403.578572,919.7800396
657.3440542,214.6845256
530.6997532,549.5164213
622.4409819,531.3738764
581.8518693,239.9879768
528.3727579,387.3631215
773.4074798,284.253764
669.4584578,580.4774457
407.991029,716.8983645
425.1082486,399.9999499
704.6895174,497.8247103
783.9517124,384.7801824
549.490915,749.4012503
520.2217501,330.2716465
799.5556578,622.5948858
715.914098,508.9133254
658.0960249,538.3718942
422.9744143,864.7877067
645.9816512,534.0281471
669.0868319,499.490702
418.2947617,261.5995272
801.0173086,679.2611083
507.9166873,410.5901214
540.06165,480.4426178
489.6952711,595.834423
354.3562532,410.1444766
635.8717386,571.0837185
525.4494413,490.7299539
755.6578653,368.8710225
621.6541512,827.7971151
501.0995151,614.6702049
867.1196727,537.1387603
783.9071,431.9627715
590.5176135,341.4942748
522.0977069,316.6396025
628.1819414,525.0661912
393.5092271,746.6359079
858.0214959,467.3015373
724.5813703,496.3317823
416.1033416,892.8180348
632.9548637,517.9477621
729.6707297,474.8791714
504.0762529,473.8536596
502.5353542,593.9038107
639.0653369,626.8341428
462.9922832,545.3938564
445.2059511,566.1881231
701.2007397,925.6456319
539.46046,553.699453
691.7329593,157.2544031
570.6527408,688.68112
794.1250383,652.0559618
807.1833901,777.1815208
570.7683468,378.5976514
721.0450439,537.1554962
774.6155824,478.8925033
505.1145944,622.5114776
774.6078524,354.7673835
660.9528123,393.9621714
479.4164063,597.2642516
553.3032306,475.7245573
532.7348348,344.8657686
551.9455308,436.5313991
510.9791446,556.2760822
821.1302315,196.6236756
595.6059842,529.1442104
788.0366766,526.1227303
642.0313784,789.378074
554.8014493,449.7918879
722.9956044,362.8267252
742.2745674,317.311089
206.3325019,494.5683416
574.435934,526.9288149
828.9724723,447.1794884
569.8257469,344.563957
551.0909724,462.9883788
769.7150096,367.4108978
461.0606133,270.2380881
690.3913937,436.4344099
679.0528549,414.0725615
567.7392665,347.3486262
520.7461641,467.311044
530.7124269,467.4596202
799.9576496,716.4783772
422.4329073,353.4664699
280.6816753,701.5538816
500.8787747,383.7755645
776.8217585,416.6437792
665.8578044,555.8820242
717.107969,349.091382
611.6686532,384.6298721
545.9846099,411.5805315
621.241553,624.177135
318.5616052,767.2571734
666.0572123,414.7711682
498.6594905,374.2160655
241.1855537,385.1523645
456.3785189,413.0111332
561.5683613,259.2356183
479.358446,374.400203
402.7855243,449.5441287
562.6094892,477.1127236
598.4301886,539.6704677
574.6559853,212.9279172
276.2667165,799.2331373
464.5710681,265.3690487
740.0718669,459.4730935
888.6703223,845.9373409
702.8839698,471.5185215
498.3523115,518.4310785
226.4548777,783.7919787
842.0572351,415.6314932
155.4192979,709.1399568
938.9786811,592.6108159
531.5405743,546.7812287
653.7499023,491.2908492
611.2154724,557.1990261
807.3188455,472.1976133
589.9743988,408.8989944
592.135483,357.3976472
429.9572878,947.1526712
487.3729947,402.3093467
469.2124599,486.1615979
475.0327272,943.5491721
273.9115425,744.4964197
789.3231283,300.8320703
490.6049285,581.8356711
577.1809654,506.5088407
575.9826602,491.9948674
638.9367726,529.2004357
559.0721441,584.5918202
482.4786838,654.7844475
943.9138293,594.0239503
779.9413072,289.3630826
586.677254,667.7921416
564.261934,462.2656815
756.6931358,725.8748416
440.9423572,405.153835
781.7595583,152.9552852
736.0964265,436.9322894
691.3543524,394.9962497
637.3770282,461.2267768
740.7355563,486.9403325
554.2725112,468.1167526
378.7078422,244.5684304
566.6593985,597.9116684
209.2326135,677.7876743
953.4369782,572.4445556
575.0985748,371.5473571
371.1398829,598.7284715
167.9193494,687.3008934
773.7833602,994.101082
536.9797778,294.9473601
815.2176533,119.5198861
726.2398973,342.7962122
373.8209917,451.9435153
223.7776488,518.1158322
813.4890017,289.189016
443.6007404,546.8495725
636.5917555,567.2241027
547.6683944,663.1405863
629.9750249,831.2703202
562.2545218,366.8572109
568.4122889,684.1296044
826.3526195,501.9351776
454.8692594,416.124003
500.5979467,431.3221035
480.7521594,676.4052747
584.2076875,528.9327438
502.6421815,542.5167111
774.3805654,482.3931628
750.7944746,436.1100538
640.0819414,912.9972075
495.2130932,658.8301439
608.7391046,550.7596888
624.0571286,686.9768925
541.1430011,289.121299
544.428371,742.4892106
439.5818261,341.172426
673.7776601,539.3438342
777.8163714,468.0894443
484.9011211,672.9884413
537.6890085,178.5224377
717.924866,470.0595669
654.6320402,490.9251233
513.9255764,553.1828944
806.6304379,688.3317122
656.3894847,707.916246
478.2799563,399.9391488
249.4318387,414.8878812
430.9525748,420.3440377
254.7701921,589.0185159
491.6364388,416.6014483
486.8293455,722.8058071
401.6220191,603.3820953
713.1387607,206.4479832
697.8732141,397.9884366
494.6812188,589.4050312
612.3775095,527.8889708
545.4090219,407.7602797
766.6773005,357.0139108
627.1043355,531.1189923
847.1535455,839.7995018
637.4870314,507.9607332
545.9561166,540.7008686
507.5494057,552.3261005
721.5102542,377.6132796
849.2565496,376.7842953
443.0096324,345.2421086
508.8366664,808.4292296
494.0204955,623.9090043
645.0981801,490.3261176
433.2048315,656.0656164
515.8813802,537.7260863
449.7200971,364.98811
607.4143174,601.300901
493.9895604,422.2688833
629.1411099,476.274567
213.6425837,782.0403013
699.0356257,428.3917624
230.8761284,513.3301802
500.1098459,413.1525637
814.8759588,438.0998375
507.7579369,551.4690558
803.3569776,525.6053151
586.1977971,192.0798907
597.3363287,573.6178705
551.3725045,389.6410314
530.6752748,448.3464098
669.5411363,324.786385
507.5396383,670.5963674
705.3071112,478.369781
460.6546516,401.0460003
617.8861784,633.6784447
787.1897733,297.187473
376.556091,578.8833497
619.6374958,462.3192533
928.9192684,512.366744
334.8197722,659.0678323
565.7207385,461.7828247
403.801979,851.9313467
954.4525041,922.3506931
700.1891686,510.0286181
591.3087736,528.930926
555.2198,586.4448119
426.1382758,955.5383957
579.7938822,482.1840154
384.2854972,950.3703863
504.7680012,905.4867889
218.3594183,551.8934098
772.9940876,308.6700208
458.6820994,324.4137223
810.3336042,358.8759704
715.366419,479.5951215
547.6816523,594.9620631
550.5530758,761.0193364
577.9917653,471.3204896
489.6324421,826.5324106
418.1051811,847.9793801
776.1664882,421.5214686
653.6627447,556.0810172
494.1071888,429.9960964
413.2981627,264.9354596
815.2828043,294.3228222
562.4210021,490.1255576
765.0334994,371.7170778
732.0467418,519.8056638
774.9012342,641.69042
676.7862917,175.6939541
440.4587656,232.1313055
756.9709227,569.9535912
542.4084798,731.0435614
333.1572603,320.9366937
509.3947869,550.613787
563.9319844,526.5192746
559.4823753,450.6939588
651.3691563,497.605701
369.0810568,626.2922609
431.2195157,305.1147865
456.4394154,234.0076774
483.8551844,506.269439
613.4204201,654.1775857
830.5687995,443.5144361
763.4299815,861.0388074
600.0865734,546.0904155
437.1447676,531.0732557
608.6299553,591.7846941
458.4514417,581.1707453
648.8682052,246.4849394
860.6455134,726.5384301
632.6931061,566.8493924
548.1549072,398.8420756
694.5011359,336.607622
624.2031453,904.5001188
427.6168398,693.5725367
460.5473749,650.1908099
694.828464,478.5868263
955.5118036,866.2174726
425.7613317,811.1835819
554.6557621,700.3737763
640.5246806,764.9823977
528.0934579,401.466677
444.6330896,627.8754086
654.4102062,459.3851931
609.2249583,693.1633725
524.8005527,532.5020396
774.9685125,647.3342241
722.6078743,460.2218245
503.5009945,553.4938158
286.2157514,595.495295
638.5572069,605.1282359
796.364831,377.8207346
203.9801293,396.7272422
577.3750253,419.6186451
784.9525573,273.1961136
543.8091892,413.8904717
585.0157009,291.0528307
551.4615197,435.3938545
781.8078411,305.4153654
660.2239868,522.988528
457.9960887,639.123005
533.5878203,292.1988791
545.0940679,796.2654589
729.2181032,554.5537188
626.4531998,431.0596141
608.3944439,709.4129349
522.9628267,577.7930879
808.0102642,373.3460875
661.054621,571.2951642
634.9205548,835.1310016
685.2986786,178.2142326
959.0765035,545.8067397
453.6309707,231.97924
862.9985601,723.7916206
467.8309858,493.7998241
610.1116204,619.5531387
771.5467883,283.3662143
461.2337751,223.2969483
565.6464942,483.4687571
673.8372982,199.2830235
702.4779033,517.6185168
644.9089889,607.1099128
611.1078511,555.3734262
574.4108114,446.8379785
869.7082458,183.1980001
521.5873298,313.369026
561.3217342,201.923755
463.6334417,835.1453975
936.5545659,602.8444131
497.4324672,670.5006736
403.7633438,444.5308591
672.0250693,754.9960165
743.3071713,877.4688509
655.1211897,485.6850302
181.1964342,735.9315723
546.2890025,473.7158856
407.7231293,595.5564722
420.5142106,812.0589923
779.6813173,643.7030198
622.2731832,592.637957
700.860693,514.5904761
620.3632502,566.038544
558.9490927,478.8269593
473.0600851,450.0418619
495.5641956,221.6248137
427.6960128,874.6938346
713.7965627,401.991029
660.0864191,504.2882427
214.3827196,653.803565
529.0280432,587.4824421
947.8917265,500.6252379
632.6994579,884.1515597
610.8334049,526.6590127
303.2134252,654.2516753
433.1815964,517.1175451
585.3977384,779.355442
602.7285677,347.4241366
470.5140421,872.280073
387.093882,365.633709
711.1033494,257.4249993
494.2203229,678.9175926
611.5380216,530.8752656
759.3463806,356.2267351
500.6909468,374.1748419
423.4504556,327.898022
669.4834606,304.3302017
423.1658075,582.1309012
725.0216527,401.3903936
470.4502094,249.1329001
704.6046368,464.5510714
608.9774923,706.7785552
788.0493203,152.9343078
717.6798269,391.5124306
472.3757522,742.7885358
785.3498751,44.71477507
700.7759023,554.2338549
795.7066844,460.5251823
962.0478182,577.9166959
561.5926599,712.2308463
648.1202344,786.2008721
919.1068274,535.9466201
940.3051611,892.3799117
81.47566675,617.0545063
833.5041007,730.1564504
557.7234626,549.3348747
427.4135069,567.8961114
745.3035878,692.6882046
956.6848515,663.420334
583.3713755,594.7453731
734.6229409,452.1211548
773.732336,465.624827
782.5400821,314.7014266
463.6837918,429.2378796
459.6897155,529.7215283
380.117555,827.2524335
492.4568562,633.0729201
631.5647607,549.3779578
447.7782253,293.3388474
750.2094038,435.8122329
640.8165794,522.0208921
382.4827061,579.9525087
449.9299166,801.1502731
788.0474178,318.7735329
475.2319853,665.0828574
515.7137763,547.9041685
687.8590431,199.515969
437.2966868,324.6026654
532.4363596,366.1358926
870.7041021,598.5349945
377.6829384,603.7889821
750.4449302,344.8844686
820.7892261,577.3125503
774.5338178,309.8002943
867.8881371,717.5359193
540.9699591,400.9395461
205.2863105,515.0221639
581.8384316,408.1472129
485.6531067,391.4818629
653.6826091,580.3417611
503.6370491,220.4726017
640.5286206,521.0713295
898.3990662,544.6292461
595.4850301,535.4671272
816.5270104,447.4026138
956.8932179,908.8104985
399.4998098,425.3805412
926.1458935,503.2900182
825.4393368,356.1224748
655.0057335,496.4554111
610.2234812,597.2293589
403.9960538,436.841234
541.9196749,474.1350371
404.8216395,600.0505506
494.3445428,572.7748247
927.2800515,616.8702434
659.5658701,509.347019
496.874901,423.2914908
251.8072216,431.5755459
687.4884209,304.190589
326.3942134,525.1702843
483.7981978,686.006833
437.0621191,636.2260314
712.9377947,455.3663244
864.4057262,357.2842145
720.3259558,522.3307897
780.9135838,314.1375853
550.040901,615.6835983
766.0225994,332.4831975
746.3564755,706.2535973
451.644771,716.1966655
437.4646353,652.1119573
822.6932117,328.7362831
577.3764485,987.2261916
584.9832827,505.226251
604.6783493,294.504536
606.7717207,565.6375284
439.7744478,445.0886621
616.0360184,556.9865983
510.5639098,439.9721769
672.1198671,560.7114071
709.9708543,226.6234367
657.0636607,506.3515518
417.1781311,746.0532203
568.7778477,510.7657948
592.8202053,310.3198407
575.6843048,580.5521412
562.5139124,523.2357022
564.7913366,702.9552319
715.0576071,391.6277437
735.4352388,450.6445449
773.7107189,790.7624794
741.1149273,567.0465259
492.4240635,445.4005028
533.4104939,527.6934461
686.8866466,561.8914706
497.20921,702.0016577
640.0034875,521.0604438
805.429496,415.5240153
625.1697144,484.0938384
109.7272234,478.7624391
577.9367562,709.026357
869.6462408,879.1615659
806.43482,819.6582306
596.4180724,578.2893585
746.2204209,712.0921947
385.4947534,831.7071478
608.5110686,503.2477918
853.9800207,529.50979
530.4348347,549.9262541
437.7388867,235.1947195
438.4000145,873.0482144
463.684391,348.6661713
788.0665781,649.1383869
863.1215815,673.4150936
336.9014737,979.4448217
603.409395,290.7459419
687.1986644,383.1062092
429.8675535,972.5653973
884.5262294,613.4370919
772.8645346,361.2531469
712.9346937,508.9571398
240.71137,675.8058093
590.6954343,517.8338279
432.9052926,587.6431158
450.3315339,688.1970096
495.9242864,579.7841461
560.54539,521.1314829
732.166827,410.5224045
461.2988362,479.6323753
883.4343619,858.7251899
364.3549192,360.223331
429.2269643,649.4309007
485.4464331,310.0297505
343.2651804,475.1117199
788.8003023,325.422916
520.8336514,401.0317507
690.7563682,472.6050642
662.6864824,573.7790038
272.4737859,421.0512944
639.6883388,667.3111443
603.7237049,679.296607
503.3309786,340.0901875
194.0023015,509.8492026
450.0079959,897.3507877
824.846461,95.71473263
669.961,859.8732232
786.0994938,677.5906871
604.6487025,789.7814715
688.1992396,555.1925482
763.3133419,73.01340104
466.5746603,281.2220669
704.2801551,576.6115199
338.2691357,522.9236944
967.897103,582.5912553
434.556554,631.8072753
696.0896283,485.441784
448.056956,646.5656439
491.803024,585.1092981
443.8553671,628.3683362
883.1967831,437.3870022
498.31856,739.6780062
685.3164008,820.6302541
841.6021068,904.9814503
500.0457585,548.2333302
929.087157,853.66633
782.0950508,266.419466
768.2274122,497.8402344
592.1822527,473.3536072
577.0560864,460.0336963
761.4845893,557.6620128
294.1854329,411.311962
567.1407131,333.0120208
313.3488798,369.173837
721.0849674,551.3295893
745.2761132,556.0082649
100.941409,615.342548
643.5191705,472.1292905
558.8565869,698.5557191
861.5214642,581.9694544
669.7408288,566.5714416
618.5893569,688.5260459
518.3121318,557.6394684
432.6618265,371.4061565
815.0250915,550.4674048
349.8897459,407.0515813
597.0130154,559.8547802
483.9325447,342.9871611
767.5638876,449.3022406
621.9703186,454.4310113
474.8716249,784.8881744
787.5699233,318.0594857
526.3979436,346.044495
686.9928896,397.1929242
763.625854,447.3378847
705.9746657,338.4803166
752.2558408,274.0718791
731.2346837,467.4810364
196.2115486,517.7351045
456.0356708,462.6311985
708.021612,561.7231916
578.6127747,463.0352019
801.5752644,670.9240456
470.1549999,265.9197479
874.1726709,435.1362543
402.7736446,286.5916392
521.275357,544.9260014
220.493777,520.441777
96.85536617,612.47399
696.1415064,567.2532078
786.5603297,306.0641193
732.4407789,583.6906895
721.8365935,498.8227884
293.5923325,334.2876528
761.7030227,309.6956579
580.2265245,474.2368528
541.7937772,325.3428299
773.3212359,313.5522442
743.4886174,219.6585147
227.7112481,771.1144701
585.3709529,474.5823534
496.1758871,607.8189246
218.1244013,694.383009
707.2136436,850.3681318
773.7104342,308.2589761
478.1589273,314.4553389
696.1477234,418.0893618
356.0916761,267.1216037
412.3692102,314.788157
486.1623752,698.371707
713.2688679,330.1568975
785.4109963,156.0033632
670.6435801,26.4544097
493.8646664,385.5604213
631.1323131,603.9676245
796.2375701,574.2414055
573.0273448,180.2027209
404.2859451,795.3170454
694.0893318,408.1744375
516.8482339,352.0991348
298.3018266,661.197563
564.1261041,389.5357055
742.442456,569.4560669
496.4555615,438.9515752
452.1264601,486.207042
810.1548846,606.2015737
598.6375513,567.6158205
813.2073348,385.3194317
659.8148791,493.4364801
161.4260447,714.994747
604.2109518,365.7662387
814.0800198,371.1706411
342.7726903,532.6372855
590.4423655,560.4172844
543.7971147,509.879645
567.3423082,312.2099817
519.8156387,464.9009179
445.5624166,600.8028544
546.6285099,800.0688912
618.234764,440.1677224
459.6903596,620.8266813
704.1217493,477.4843625
258.5802906,662.4099911
487.2872302,614.1128616
439.5224576,403.0503679
480.4661481,596.8942634
436.8030881,484.3440631
809.2308457,430.9836232
621.6798131,533.615995
445.337961,388.7607736
407.6806441,239.7465693
605.49231,182.5089628
206.808753,675.8656284
530.3627177,546.2142742
707.5487915,474.8683902
768.5646875,306.4662632
435.451755,417.9078569
835.9840039,253.9777862
705.8515993,563.8726879
274.5523714,359.4141541
446.3726771,873.8103174
849.6452386,796.4883963
505.5978564,226.9885985
659.2284751,463.7233616
705.7919313,285.2592386
910.8309106,597.8947235
586.6917553,604.4646264
371.1906224,402.5216073
206.9710538,723.8785181
683.0457178,442.9770255
221.7507017,662.9790351
621.3684994,776.8780795
583.818654,459.9296659
635.6425491,515.4501116
478.4875587,203.183445
550.8456486,670.0355975
760.7425358,481.47492
765.8819607,301.4988974
345.6998719,272.6196314
417.4291775,235.98528
643.8018112,584.209421
689.4414682,619.8655226
648.4731045,490.5511653
450.0749297,275.2739857
362.0081493,940.2598538
214.3081907,525.2177343
876.8935385,440.8917569
780.2969637,415.5285074
797.6844499,946.4367226
443.4979878,428.7861128
655.9551197,296.0338193
572.3892274,572.3524346
819.086551,691.0366296
540.6696712,535.9472887
730.5997272,583.1887775
696.5686957,414.2372677
724.8852236,512.1463975
425.9459537,607.5875043
484.022234,435.6359933
601.6486098,663.7570383
418.2902675,611.1378494
957.4378258,569.7303405
524.7178144,342.2719856
661.3708634,395.6055769
765.4630407,461.2042114
891.1317244,619.7934388
712.3763934,399.3489812
667.3038753,200.8905751
660.6066385,485.5799341
469.552986,491.2149001
699.6245615,442.7194461
549.6795069,450.1856742
626.8377691,482.8630654
419.5963139,547.0567768
512.6346605,411.9500392
613.6363967,591.8915661
454.0427598,799.6759197
441.0789961,395.6522747
374.635327,572.8608864
599.2143078,499.7585194
534.7971813,551.2673884
689.2399181,411.904616
798.901511,287.1888272
551.7487894,454.7926212
210.1198747,683.6830194
538.3703602,511.4400392
414.5836556,585.2334076
509.0606277,724.626476
487.965376,409.3335655
922.5696735,865.6570997
661.4065024,692.6654512
491.2158559,368.7009884
597.26159,801.0844366
428.9289834,582.4484249
455.6075377,498.5789781
660.6295739,214.0620979
235.691476,388.0444072
467.5940961,519.7084865
506.7904241,453.5569382
827.6307719,941.1948326
623.1781516,529.6346517
456.5966826,497.2387215
589.1616964,175.9343587
476.0535263,673.6760369
642.5853942,581.8180994
794.9296211,526.5854037
377.4420789,568.7622032
526.2293209,547.9795744
502.1323737,607.4537628
472.0099388,439.8972934
642.5841359,522.210065
489.219754,566.5913534
564.726665,470.0220624
539.8116972,736.4807253
829.4487683,186.8507668
504.762713,322.233533
739.6944733,514.5394116
955.3659516,876.3833738
481.268334,604.6749439
431.7474502,459.7187216
576.9916844,344.3063568
422.3706476,932.4088029
701.4780022,149.508887
636.3094594,527.9186191
532.4261578,461.7445263
804.9288264,452.8845533
280.5451113,556.6306299
580.5822409,678.9017969
536.3060513,480.3713488
382.4157874,357.5314514
524.3559259,548.605763
660.9570518,433.3039475
466.4242991,946.0462793
543.1702478,338.9621078
628.0628299,562.8583125
759.098615,563.8220203
828.899801,403.1451842
500.6873365,669.442463
614.9473717,542.3941269
497.5731809,767.2088042
911.7301714,975.4214399
702.113513,516.9022131
739.233203,666.8680276
551.0345252,385.8428017
776.9309228,395.7000798
440.1231083,527.8427536
554.6115391,413.1204289
799.9720311,678.4617515
474.9955451,411.8043464
471.1398754,685.8688709
438.7271478,236.505286
592.3851811,542.6947057
499.3881213,590.714365
968.571249,910.2456132
436.5247469,493.109575
432.7409844,537.7832519
972.1667042,569.8413913
443.1740454,343.6389446
404.5984123,430.3857875
546.5007246,608.653968
581.9445698,410.1431602
476.8716667,435.0770829
777.0155637,672.4205883
962.6289491,568.1187563
718.7181983,736.4635505
178.6427211,710.0588055
727.5621978,502.8878117
435.4511109,576.7278987
319.5745395,428.3329253
572.0499148,481.7588256
480.402615,852.1611582
616.5806113,527.0730243
470.4360377,368.0979293
752.1328643,661.2510304
806.1660515,539.4508316
345.4222498,590.5528138
567.9227949,373.6199222
682.7893084,70.94710407
781.7814001,306.2201128
740.3749711,578.1801673
465.9717924,491.8167264
637.3816123,543.2095092
578.5312498,464.8981808
312.3585214,658.8523541
513.0137768,474.2155619
690.4653234,371.0116598
751.8719607,552.2251623
550.8832951,403.1399816
427.5473594,398.6477837
294.9651178,531.9389713
524.4606259,680.5714032
713.9166329,279.7308313
855.0886666,570.8005024
741.7668119,466.1717444
773.0112855,307.490981
676.3875357,69.65920736
397.167706,658.4792944
657.8826549,544.5814201
660.0425556,363.427486
786.721462,339.8970656
632.0649359,577.8181187
668.4037125,537.7598717
592.3577065,833.0721428
571.8927673,488.6654329
545.3933221,775.8861859
806.2709013,322.4686932
558.7044431,749.6696735
425.892233,310.9225864
801.3439775,462.4345247
416.8650647,945.5438241
833.262597,388.3703303
421.6120255,574.4369928
487.2812979,324.405511
711.6515078,261.1896526
479.1013924,848.0086942
768.2650587,300.5005685
426.2695666,460.7787082
853.3052605,404.3520545
560.8084808,597.2413938
189.6505612,521.3597899
713.4660887,402.8384207
766.2105771,319.6073018
529.1256124,514.9632014
404.659174,356.6968466
553.6444458,777.3690013
502.2132844,500.5455488
605.3215002,255.1152054
530.2639949,499.0015144
475.381223,667.2629631
409.3902103,367.4405044
928.1436283,866.1249129
705.7210726,531.0764942
919.0500206,855.0182872
699.824329,507.0169581
634.3133275,560.1306208
471.6798543,712.2054184
279.4501428,671.6450296
627.5670141,974.5532587
453.5215517,357.7301518
507.183817,332.1043085
662.3792734,402.6372757
622.2210804,674.9201192
143.8295479,527.8762255
750.2540612,433.599679
618.0546212,630.7955953
188.5552631,739.8433392
800.5753334,421.5635906
954.9981458,502.5585456
656.0467415,480.869479
491.6113611,540.7378925
723.2712791,158.3994695
416.2035175,648.1198954
961.5347596,935.3281538
633.069451,650.9092239
721.1544328,399.9130106
686.6759132,383.5779923
492.6778213,378.5544429
636.6316041,472.747811
576.1986068,578.2768222
877.170831,440.0875318
674.0278975,360.0031098
969.1215796,928.4840401
709.8497205,460.8652714
786.7366225,337.5137463
414.370795,289.5819875
553.0459523,278.596379
459.4217859,409.9473013
746.6102334,428.8505913
742.8198645,354.0467547
661.9413729,895.3258396
525.260325,636.9342074
364.0669304,486.3058281
573.9965055,354.9397786
874.8437608,512.5591763
288.1378038,383.6739995
410.4935231,427.2516479
741.4744638,617.8978237
558.1241211,377.6167062
498.1661165,385.2894699
943.161604,894.0909297
900.6609705,514.4773359
724.6545509,294.412018
358.4374273,498.7511225
769.3362079,466.2016226
592.1769495,541.5765506
622.623986,435.1337679
555.2181222,371.9984135
523.9969287,559.0091645
485.2609572,452.3176405
227.821536,816.4861268
652.2401485,483.7329598
557.3325865,700.8784463
545.3496534,543.2179503
554.1800953,461.5600336
823.1050159,724.1538781
501.3263078,562.9333423
783.5767308,331.6031696
813.1456892,637.7026622
449.6301081,376.6740385
264.3040073,429.8752464
750.0512826,348.5967619
678.3882816,393.5143745
888.4910184,453.3500473
354.0867356,841.3927621
830.5942517,220.4195313
608.3250833,643.3798547
853.4301096,583.3652678
753.1279566,655.2252032
436.8482698,581.0961334
570.3856951,452.7872089
631.9599213,570.1259654
762.0453614,300.0207831
555.6159793,802.0592181
828.2585376,794.8923153
701.1007885,321.6590358
410.5638724,358.9239427
793.3433609,444.5792492
668.8781509,952.5222644
938.1141155,865.9246872
512.82893,560.832675
576.5877901,370.9070025
746.0684119,325.4795383
321.2472981,999.2339062
533.581858,569.4758325
568.7185991,403.0503679
483.2537696,601.7073073
610.8800099,290.8209926
591.5503223,559.7537585
487.7794657,626.4569044
621.9763408,627.4963524
626.5795769,575.7131472
455.4641875,538.5324216
241.3970361,515.5146527
460.1378778,399.300194
516.2656499,387.6573905
505.200988,710.5383193
773.5851357,305.2599987
769.2525558,309.32895
487.4073753,369.1455259
515.0760783,613.5512977
590.3299954,615.7394893
618.7735745,522.2044237
616.5054682,561.948093
445.1581028,924.1239121
432.231656,640.7720728
624.9304728,693.063876
429.0813819,255.37805
751.0138968,441.1640664
958.829412,590.8510317
833.8340504,804.2259936
604.2648673,503.910461
471.6759144,913.7312292
751.3242517,426.0500845
552.1903452,391.7610255
357.941162,586.6863239
593.3305674,897.5594336
724.5379413,306.915857
871.3253663,723.6026357
511.3490777,725.2297858
775.0188476,433.8972492
803.6335061,443.0215921
766.3475006,467.9510017
496.5751823,745.5244597
566.4275574,728.2002431
430.5574292,574.9632044
773.9101418,436.6187145
669.2817456,551.7741268
613.4592201,652.1844799
371.2116104,439.3932502
718.5692004,619.8618871
971.6420655,592.5709504
395.1207597,843.7927965
775.9376582,458.6273315
621.3287407,864.1230108
875.1438539,443.4413076
560.8356708,477.5230161
871.9119351,435.2193074
814.6345899,641.1673635
738.4626712,531.6374104
774.1134447,419.6891409
813.0274766,473.0117212
626.1306057,466.5174122
762.3240921,436.2164244
620.3799687,468.1602535
579.7137505,722.8859768
566.005102,509.3936123
550.1640423,508.8301888
724.8358023,297.8466321
448.5570863,377.2686356
470.8516769,839.0391329
608.9919038,387.7167499
720.4570818,497.7521459
391.9970164,411.8575839
195.0304262,533.5559043
200.3721653,663.2882431
637.8863866,393.0965393
855.106164,478.2354336
517.581988,376.2705992
487.897109,444.5237134
679.0764495,547.8845701
268.577818,725.7038045
832.8070792,462.7425209
510.4794637,208.3191316
738.1069398,667.3729065
561.1901288,755.0456394
505.3731162,692.1716878
711.8124753,524.2420543
529.4069647,564.2611671
892.1873536,438.6353468
569.1235271,485.2933332
492.26383,757.1956371
526.7316384,483.4033176
439.892136,527.1513344
80.82610409,611.2968725
290.92177,474.2165648
405.1932355,846.688997
770.6345243,354.8014404
902.4554772,847.1972816
239.7439321,643.5824414
419.5493494,350.9455437
462.4400201,851.8502577
530.8228046,573.6371137
685.7472604,719.853214
465.1572924,396.5593392
764.3302909,320.3635964
814.736144,632.1434991
585.8205684,474.8914988
622.5004852,675.6702292
549.4490889,791.6548138
774.7272784,209.022711
612.9009647,686.6513246
950.5752023,639.3670034
736.0033515,556.1323743
687.8131273,429.4002248
503.9498758,454.7750076
574.3248822,428.5756282
678.3857649,631.2864544
512.9927888,806.6904437
407.6567499,661.6553472
704.4197601,226.3348091
454.9691956,547.8199872
80.43254642,571.2228924
347.266867,559.5600307
229.8320942,401.0246468
425.8108579,353.6204367
606.3755265,561.3506961
636.7501763,634.3548412
330.1472804,606.873478
783.3908954,291.6906572
230.8971463,722.2459774
804.0769795,533.9685578
815.5170723,499.4592568
595.1128948,600.9094966
460.7326111,626.3117967
494.8769864,311.9157545
662.9913994,489.1705626
614.5221748,645.0670537
488.6819773,348.4122066
699.9787199,163.818017
596.4704449,394.3996468
328.9259048,510.8448153
722.7550146,624.024213
399.0370413,664.0763172
475.652688,915.1714838
750.0714167,432.9488566
520.723738,335.6813351
715.870699,513.5652777
598.5259002,79.87318522
311.3039559,684.196423
444.2180646,731.1758194
498.953097,582.3569517
488.5323801,201.5412513
627.330439,602.6863929
568.6010456,437.2303819
542.7889743,399.5670711
726.7446566,202.6401214
713.6242249,518.3975021
241.930873,374.0972004
568.6540473,710.5868348
595.2419685,471.7111419
442.179103,451.1057139
671.6173848,557.9701553
451.2762461,812.0672244
562.4435031,339.6473424
489.5737627,439.3375472
521.2780984,569.2036902
447.023633,434.8042093
705.5373045,531.0511291
684.2395139,621.2126325
674.2283541,543.0317862
202.5680046,523.3765685
804.0205772,618.948826
924.4878458,465.6564185
716.333842,881.513628
637.1422209,533.9394109
866.6761245,791.7040188
624.746405,626.6346902
275.1474343,285.1306788
631.5705132,318.0731293
410.8439513,304.5991473
580.0972112,385.4999337
308.1357649,319.6640286
466.8337363,744.0977234
462.0663418,498.0508444
470.2962529,785.3634049
240.6249314,513.1043177
559.1329807,438.4226475
713.8208913,196.9744832
466.5480845,510.4847517
264.7705509,433.5716186
273.4540772,647.1104092
617.3259905,392.5494131
968.1000914,514.8674867
378.564507,725.6305507
229.6490152,785.9059763
738.3183473,355.249906
756.3053607,151.9978874
446.0609889,546.2535964
372.8473518,622.741477
446.861512,638.8643392
665.4793922,512.1288049
575.873406,408.0985093
821.5074453,422.1863526
326.9519294,666.1935743
425.8536577,786.379201
598.017935,558.4829321
625.9527699,245.2386423
399.5516729,929.1591202
465.7238021,502.0953708
566.2118654,192.2667235
457.2091531,546.4743608
496.3898712,608.844311
722.6968296,115.8500491
350.818249,465.2322943
615.354457,557.1119823
532.1164919,463.977974
682.0699207,396.7343043
495.9605696,694.1188272
719.2311221,618.8502279
732.0930472,49.23566026
621.1175729,763.4362948
301.9759004,392.0160558
573.2981057,342.4206035
842.5581444,338.9974811
428.6459233,601.3103868
285.5721511,629.9385924
667.4031523,551.3176172
593.3800486,543.1431086
609.3887871,873.46793
537.4638038,606.194616
685.6434142,400.9680453
646.9144538,439.2183687
760.7321242,316.6545625
364.5441103,347.6470321
437.1324535,536.3167755
445.3681471,222.7004081
585.0857056,333.253888
763.936913,345.2613309
494.1165966,365.8124977
835.2109704,415.8361067
500.8493976,210.5938447
374.5123355,568.3220952
741.6089155,580.2046348
566.4873303,412.9912005
803.5578537,388.4948159
796.8707139,568.2335889
498.7294354,537.7597881
823.3779191,499.5478885
818.9404144,385.8922156
378.8924193,607.1141751
794.2720138,293.3953652
162.7936468,717.4160095
387.7758628,673.348693
675.4389735,254.6551229
367.2494279,452.8407389
354.2449167,303.3459134
339.868519,301.3183746
194.8630319,749.2482864
747.9325339,318.5181892
719.6029428,925.5524244
652.128842,907.0737601
784.6228922,605.5318214
607.9583111,657.239558
861.5512908,287.3267265
617.2422484,164.0024052
467.4886021,488.4398212
607.285843,569.7661943
562.4875314,410.7038048
785.6826262,634.298386
442.9444813,530.9383859
868.477013,435.5950623
705.2925051,268.0805268
601.8357785,882.0170234
377.6249032,726.7496878
570.6328764,661.4357946
587.6152998,989.9728967
706.127229,277.1253268
662.3412375,676.0826319
431.5905274,671.5492313
516.5619229,452.3405402
296.5641865,408.2927385
810.8578834,579.887299
717.9081775,966.9067794
814.3307666,452.691912
558.7935332,477.5114618
622.8696843,718.0494065
581.1238378,469.0466541
636.8951294,299.3619583
444.7814284,510.9403002
432.4210119,302.7678016
509.3983523,506.7014193
667.8737856,642.7130693
548.2982874,443.3071692
648.5053879,874.4086127
863.0880997,741.9192055
743.6815237,875.3407081
899.2754964,901.6638627
418.3260414,524.061615
953.6459888,902.9407901
337.3647815,347.7377532
754.5063747,626.9947538
903.3420643,498.1121051
275.7497479,714.7709112
586.3109312,285.1078627
547.832328,507.2411491
484.6360977,772.5131668
502.205854,485.9225932
723.5275387,164.7101843
612.4398891,562.1592253
721.8788091,194.7361463
701.7738708,517.0518966
841.695826,534.5742495
783.3269578,124.0163255
731.8981334,531.9397444
401.4205139,441.8210734
706.5063753,538.9551459
617.739847,401.6882771
435.1127121,523.7308237
606.4265807,641.8540815
342.4148166,539.8961003
856.5641446,283.5357052
596.2221549,393.6049493
721.6870413,471.1544045
363.8234193,356.5206906
600.7657978,288.3257867
276.1304372,719.5080268
772.3390121,485.6676465
816.7472116,242.4901404
772.8803842,425.1346833
844.929078,727.5684759
411.8048577,357.5207328
383.9371362,243.8940606
338.9690934,311.7090099
383.1990077,340.3249507
570.2159489,566.5406231
869.8524799,605.1956812
509.2722748,428.958508
816.6789746,334.5323824
658.2722727,355.4883048
456.5978511,503.9129683
938.880243,877.1264007
633.1245949,535.479956
483.8978044,209.0082734
462.5941265,925.5825951
651.9162211,480.4956254
535.4421299,804.5405505
723.8908354,322.928734
402.2479872,395.4927084
223.1777172,545.0814725
815.5854891,531.4517895
812.3067557,317.051065
689.8610024,242.2139446
343.7182264,319.0233397
529.1286834,421.7989807
536.5546858,517.4941149
414.7269758,410.6921252
717.3003061,401.3242854
608.3949533,925.5961761
770.6450707,763.2575897
520.7930687,486.0390973
433.8534504,458.549105
460.9014734,688.5755852
759.6958051,489.0461815
772.882856,486.5275954
551.8581185,487.4126379
658.0665429,503.3146939
686.7325103,430.0104087
591.1804041,758.0765426
342.5421974,275.5242522
665.0223763,622.623782
813.4748899,409.7689932
591.0891268,761.3540349
455.4068414,380.8608729
568.2127462,453.6253237
801.9974651,420.1086267
703.7348879,565.7249692
672.8934998,538.8667441
505.9521647,212.2306269
842.9157783,470.6293003
423.279496,830.7605939
876.3678511,442.2374251
813.3588045,416.2739163
391.4423864,462.4103505
611.8271939,394.5074799
704.0700509,334.2352719
456.7177116,770.6477015
469.8375292,539.6029597
483.4087898,232.5393623
624.2866477,480.1610105
942.0927468,595.5044674
811.8794315,755.4479713
782.2574565,601.8272379
739.5791969,702.4866874
416.7662071,293.957159
551.0169828,569.5091373
574.8210575,303.2699225
454.545317,389.9867828
504.2947462,495.1896201
647.4837948,491.8157235
69.32041079,600.1545601
714.0951428,605.10636
632.4801706,542.7555277
447.8801839,919.6562854
542.5696271,422.5187319
703.7107241,560.713977
712.7153465,540.1833489
781.1626378,549.5135171
491.8847886,564.7362723
332.6356327,528.2636601
181.765236,686.0350606
757.2773078,56.86475586
454.9822438,779.8509186
524.8943318,677.1855972
745.8598657,707.0178106
252.7772661,623.1438925
482.0696361,756.7785541
165.8861853,547.0047929
469.7806925,451.6800021
806.4238542,541.3177595
714.1392759,469.9519636
469.4002878,853.525589
753.8991924,765.7651021
771.7617762,350.5390539
584.3831113,906.2875038
599.8811133,284.9050043
680.6843269,526.6969768
520.4767365,568.9937279
562.7870103,415.2159564
701.1785982,391.2111204
432.7324454,319.2428505
482.8968547,385.7549431
646.1948264,594.4438122
796.8074654,424.7136514
662.5684196,690.4883333
781.8165598,187.76598
556.7949595,355.9039461
465.2512962,459.4175368
692.4247076,205.9506887
455.9549399,796.9894516
698.3344395,158.822946
564.7785581,485.3853288
843.1073064,157.7571091
572.32511,647.3471574
853.1029913,628.0890482
439.4790735,532.9790043
819.1203325,523.9067498
184.9083193,690.244711
699.942991,535.4606292
816.693356,199.615173
404.9153587,985.9890461
725.8580545,532.3160008
801.6097799,486.0942988
839.1274018,71.56035937
723.5354036,214.4787839
960.0242118,899.5137605
715.1567643,471.2075166
616.1793985,536.1703305
687.5007949,531.7459958
352.6222984,295.66147
636.7214283,539.0509024
585.3008283,533.9539321
677.5397455,547.0267314
591.8895,781.8825109
889.4434007,537.7870546
596.5816315,832.9964862
512.4788763,728.9539051
321.0929821,825.4161568
475.2956682,494.6877917
413.8188165,303.7963848
499.5609385,625.6449904
334.4058708,615.6106788
634.2301997,431.293667
742.6660578,568.2288669
441.6937436,446.696757
458.8723541,431.1601971
794.8658333,344.5888416
427.3569099,828.6256189
914.6471512,465.5029323
552.7427132,282.7474222
746.9852899,390.0297405
911.8295533,470.0509168
574.8704039,462.1229974
260.4916767,714.5334944
843.4568059,597.6016664
958.4775156,909.260531
630.7210632,453.2979171
834.7982225,665.8820888
860.5598688,508.6839737
749.295432,263.2122396
523.6162544,408.9648309
233.9554689,785.2729136
761.3628562,300.6038468
609.5673869,851.3041762
501.7548304,678.3361795
707.3450692,534.8764372
566.29751,395.2898709
563.4480782,482.4284943
531.0609077,473.1130981
495.2449571,585.1033852
696.6735006,551.6663981
596.7138811,307.862599
866.5238158,367.2930774
413.6023755,443.7352841
443.4580943,529.8720475
678.5178796,876.9811258
604.2760129,509.0670415
570.9749455,632.7524085
524.1897601,586.939411
527.303676,565.9719553
183.914051,736.785859
357.0016781,535.2346413
192.3981843,552.025041
803.7780398,418.4964575
552.2664621,311.2272396
375.7645413,613.625826
786.7907927,287.582112
830.4330595,400.4353567
813.6253859,540.0458674
465.1489331,382.0276897
555.637926,459.2103116
622.5243494,566.9239208
500.1138757,729.1569933
581.4884827,322.7131721
694.6991058,477.3182355
431.5789024,536.859117
695.0403359,420.6015961
584.2066089,524.0551588
393.3553455,444.3587565
475.134491,504.9379577
417.2394171,371.1203705
382.8164159,331.0736151
687.6632455,555.9096041
578.8534545,303.0216618
606.1107278,646.0966398
449.2985555,584.9564805
784.8892189,170.791401
772.0922652,560.4127504
556.3231278,466.9495596
443.7253947,434.5185904
519.9819842,412.3777572
536.106104,372.4255255
789.9097271,440.4277881
567.8494495,363.9882977
607.8829583,504.7499549
758.863538,347.0422389
502.6771015,309.4305777
457.623504,547.224429
784.2178743,401.0758785
736.8648459,867.3871938
703.4297763,270.9032437
502.3689637,499.2315974
894.9134644,511.808941
425.6590885,327.6363892
462.0121117,538.2043047
594.5038999,502.4893242
630.774769,471.2948529
455.4550792,503.7451071
840.1955399,610.1358432
856.4351009,284.5747144
430.5758105,831.3781742
764.0818062,874.4689959
505.9363151,704.1128346
295.4367698,321.4349702
708.4932341,574.7568567
564.362035,400.3125636
522.0372448,567.5752238
741.3570751,780.8740694
484.9522502,683.8733623
711.8319802,379.0916655
802.6658585,284.0300536
957.623077,470.5507603
781.175611,433.4635765
972.6181023,530.0886332
522.4279262,295.571334
494.854875,585.4165003
549.0065444,787.1791429
500.4965724,313.8613477
819.3623904,297.7810254
551.5934547,440.6774487
621.8824719,555.313628
487.8993561,571.9180098
584.3597265,638.0113479
485.2167792,370.1470933
644.7721404,316.1465077
822.4487868,498.9303709
660.6919236,590.2427073
471.6775473,974.4034499
472.7970242,360.9962153
775.8134083,397.0472105
432.2710402,583.2173394
699.8782445,255.4756243
643.4093321,274.8106647
281.1625104,602.2480818
474.0909362,636.9500659
701.9906714,147.8211656
621.813336,633.5264419
276.1596645,679.2056143
589.1220874,478.4692775
547.4560731,443.01196
429.2792469,230.8262967
702.9286123,436.1735711
709.7396873,225.5915732
440.2424595,546.9438456
408.9685489,444.9289495
770.221252,299.1655144
742.3535756,464.7431903
557.24065,259.9153578
383.1069364,348.5624125
850.8500754,259.7100339
487.2597406,582.9990823
779.5676289,439.2931269
530.6903453,490.4795829
954.4455231,869.5579391
958.6421833,713.893892
592.233202,567.4318293
475.6895105,655.2944454
561.3965927,451.7846803
631.0918653,553.2404361
658.2579961,422.3590402
474.8000172,871.9833386
405.3856175,424.8822647
570.7971097,838.6868418
758.2009721,351.7097571
894.976593,541.9162637
782.5526959,431.7555463
327.6031999,419.5249989
473.1837357,405.3195232
749.3792489,355.0839879
771.7579561,439.6964199
707.1355642,159.2310028
66.11496285,598.5702633
584.3355477,412.8118268
469.7586559,631.6413573
678.6627578,387.4078135
829.3659251,740.1190335
954.7622149,494.5851193
363.30699,484.71332
823.3659196,461.2293885
437.7212994,236.6226676
440.6137408,569.4861541
758.8786385,361.9823839
177.3515655,542.239387
929.7424722,493.0430281
838.0952474,161.0302764
532.9050304,350.2980016
787.6299809,539.1460948
522.7948333,552.9478387
576.1718812,525.1248193
946.9701594,544.3217096
461.2018063,609.0890197
521.9055496,410.7221914
478.5490993,790.3771132
803.814383,440.470328
224.4147625,774.8273066
898.509384,599.6787864
825.6874919,268.6053593
602.4981347,625.9503749
695.6947822,375.8608709
745.1173029,447.522837
209.14219,361.1628855
643.1675887,393.3438598
795.2924833,526.1197216
545.465559,469.5337315
227.2982455,541.1977034
864.0346246,592.1038267
614.6042091,399.2917738
442.7367891,430.1592982
640.0670356,226.8164541
847.0729794,912.4310678
721.4775663,320.9227575
653.7049453,512.5880725
637.0672276,621.8604671
352.0568823,790.2601286
639.5720736,991.4906884
744.4257793,536.5100226
509.8770752,206.0139553
423.659586,425.0879856
636.1528063,577.2441856
490.3204002,356.5217562
794.3613137,173.9919623
708.2004215,297.2118979
464.1854801,929.6901791
216.805097,654.7684219
575.5017501,703.0216535
665.8760358,374.151002
584.9715528,278.2710618
263.5416401,418.3585581
152.4621249,693.1451321
702.363301,516.7872343
785.2404112,626.6383048
471.556743,542.402965
385.445362,675.9854964
702.1696906,575.6655092
440.4954683,546.243045
749.354351,428.0270394
614.695067,476.7921702
616.9364926,552.9859699
773.2341981,454.7811713
865.9900988,767.1479195
906.4576281,535.6533122
725.1632352,622.7077961
819.9369897,265.076514
437.0945823,550.7193428
675.4025555,371.9207302
424.4164254,575.9475135
519.6289643,404.5523221
284.3716137,717.6537815
580.6922441,707.9785306
823.5072474,371.4078071
471.9618208,859.6422
704.230539,552.3374667
688.8709137,154.2302904
747.5809221,471.7290479
487.2127013,672.2097276
585.8687762,464.2567188
796.9001509,327.4333428
875.9623538,521.8435243
475.5934693,761.863991
489.3449477,674.6379896
860.206744,264.6271918
671.583918,557.0046297
759.2677769,967.799678
596.335394,214.4979017
434.3942832,889.447523
441.1098413,632.23702
678.8274705,336.8198617
531.0059735,572.6730298
546.1076463,434.4953565
651.49044,636.8872798
400.764135,857.0287976
288.5932766,681.9112212
576.9312673,503.4991656
532.6916006,385.6924496
680.7091648,563.8812125
177.3134996,477.4014557
592.6648705,424.939284
526.7866775,390.3163623
857.8198708,603.97874
552.0975399,301.3995054
770.8251086,664.5183683
677.3544194,378.3877309
904.1160866,626.8054974
608.8805972,504.8592506
483.518838,491.1192898
632.8579087,431.5369131
542.9407437,592.5339892
304.2435423,374.8762901
299.2460594,318.6338157
420.4123569,293.8037981
462.2284179,500.6789142
439.0483637,425.4717011
799.9249168,548.0117301
434.4119304,373.8417522
225.9031089,545.9246437
553.38907,201.8247599
751.8611746,370.5002202
387.9583726,749.997498
695.592599,641.2660242
279.0585027,676.6515296
686.3140397,376.2853085
421.5810005,234.3376748
261.2538941,421.6112704
731.8708086,514.8457153
648.7976612,581.867388
500.0248155,248.0667498
558.8383854,397.8010396
340.1619008,469.0127643
685.0739982,376.3811695
853.8572989,665.6567696
733.2727614,859.3500204
472.9669052,285.0972695
270.5148511,715.6661081
583.9229645,589.6059255
888.5341029,488.1225272
770.9103188,361.1741682
528.911059,514.8899894
471.5775212,453.4314915
469.3794497,397.204395
642.1005892,485.0268322
430.9267181,534.6988186
395.4531362,302.5181201
667.9706657,18.21636293
671.3179808,365.1578517
574.335114,425.9770187
633.9574313,440.6986978
477.9728821,668.1788031
527.9513961,325.8978331
615.7366892,366.3897111
757.0452419,322.0410589
560.3392257,508.2239121
213.6191839,734.5468744
642.3239363,625.4513254
80.43512309,616.8429561
400.7178446,358.9304615
414.9074032,358.1384385
511.5111837,502.7160225
527.3886015,557.0840681
489.8093041,746.3449819
471.1397555,513.1590387
776.7958719,307.6252449
436.947442,873.9385848
475.3569542,362.56971
446.821918,482.0107427
437.2860954,368.0288751
464.7103285,391.1983751
871.9293577,438.2615768
625.7951281,938.4980638
789.9303405,292.0427394
513.0600671,311.1440821
663.3821107,528.5837747
614.6608211,522.6250168
514.6997634,548.5922447
713.8120677,410.1714296
500.8990735,800.3844927
622.7369554,556.4326607
473.1953607,677.8253877
650.9859952,564.5295277
808.0177995,517.14945
696.905956,229.7731841
696.3538577,542.1868599
615.5712874,548.4663175
423.4176329,439.3393441
517.217358,497.0035194
581.0720945,351.0714083
426.9579592,546.5761765
482.0871485,510.2266291
404.3196666,407.087477
390.0312205,348.0972945
345.5974789,273.497967
979.4184961,595.5336979
621.2659416,454.8840317
946.9223561,637.7131927
911.5498788,852.5578487
497.7386575,431.9062954
860.479812,597.0930475
833.0234753,369.0589
511.2567367,456.6449025
638.6628057,411.7804439
749.9470021,470.1302508
597.1216254,498.8434734
398.6771602,331.6445185
703.7630516,557.7176949
747.9286689,434.0378857
878.7942883,623.235909
544.2730962,365.4131745
645.4359646,636.1803365
515.5102187,537.6628406
421.5687013,920.7106098
619.0084117,970.0303886
960.255963,457.6096967
445.3157446,439.6869759
524.5017629,583.821673
490.51843,568.9448781
399.5902182,411.4568191
614.2843264,354.3372836
334.7536624,959.1167385
334.435143,349.1842551
661.6918845,499.6202439
798.4218144,449.324785
766.8603795,305.0613401
638.4612855,968.4001045
476.9794377,321.6073235
770.3473445,923.433475
583.0418004,837.5679763
271.5230514,370.2047812
480.8690687,248.1966051
894.4253337,845.099038
345.0034347,316.6879509
646.8643134,310.6787552
522.6298659,752.1958231
266.4837874,756.8599983
788.2934007,394.1681638
467.3026618,395.3382192
798.6470341,316.8485201
522.9798298,815.8475899
871.1866601,533.7856531
451.1450901,375.6434077
485.3920532,609.8240235
524.0239239,393.6659802
415.6561231,450.9731215
918.9948917,859.2924161
489.0325853,584.2430392
623.7406615,900.0490399
745.3055652,555.7130348
876.3248416,596.8813928
509.6136997,506.3115401
854.7878543,530.5619415
653.6006198,507.8188222
809.9608098,382.5756309
311.4315464,520.4286348
473.5548523,811.2684527
883.9991488,632.1171102
237.6144122,819.8112989
832.2241507,309.6508615
688.4441588,535.9062532
469.1369723,321.3164185
584.8766202,260.2824418
554.0695378,425.7589288
548.5453639,543.8274865
603.5450602,714.3904551
470.2283903,256.5893499
476.0769261,251.3240169
505.4095192,189.4767681
391.9255885,592.6803506
613.8957124,521.6830804
774.735338,302.3474592
805.0824983,415.9693258
594.8729342,179.9162662
904.242928,434.8383707
784.9228805,184.2839577
746.7271577,527.8016763
644.5906343,815.4197884
669.4718206,554.8794121
573.141947,205.0315266
433.7527352,790.9348327
622.4770704,803.1475786
431.9340197,643.1782082
536.3206874,479.4963772
722.5278175,518.9655431
503.6523893,435.277831
616.5822892,621.7369218
613.072943,562.3136308
609.6432491,594.1844569
446.5059304,557.3491901
568.5217978,742.0227346
440.7104861,550.3206673
412.5724981,906.5041939
615.1863586,396.1172254
255.0680831,663.3141097
750.3005613,529.4286383
860.4571162,788.6385989
501.9438268,408.1073056
393.766865,420.6886399
484.7209933,411.9587728
553.5397158,258.2801426
345.9315783,709.0222618
251.1291357,744.1666522
820.6154052,268.7560249
377.251929,569.4972069
670.1249187,479.3224986
631.2811313,445.8312503
650.1261636,565.6926673
571.6655253,741.5508261
581.0573235,987.188332
550.3787905,564.459805
447.8912845,477.1164427
686.2856214,381.8606852
333.8917185,664.9622372
707.5345599,230.4643735
476.3891087,661.0379131
622.7507076,474.6069037
586.0175794,547.013819
540.4561814,670.8198898
346.7736877,361.4983571
375.3210081,467.195313
760.9214502,364.2379165
658.9110043,503.3498373
833.6128006,416.6646939
898.5211588,848.1879216
971.2613163,579.8365687
728.3423321,567.2412356
519.8679962,429.5120904
883.0341827,506.1933436
585.4605075,609.424366
422.2638652,546.4099451
451.9438904,500.5164228
592.070302,340.6954822
693.0406836,479.2177369
611.695948,550.7591246
500.5973475,417.8867124
568.1186974,485.7559857
545.9794266,626.4916091
817.7973279,577.7898493
511.2607965,607.3707516
387.4720095,568.4700236
432.6550102,348.2054202
710.2606857,460.7222948
649.5024426,496.3273736
299.6015661,585.4082055
620.195871,877.523551
429.5690633,886.8760337
593.7113166,413.9218751
779.9097279,677.5882425
831.9499142,403.6558507
443.7004069,248.7206228
871.2451596,847.4768413
746.7776126,280.2273108
862.8112416,535.9580699
562.5577459,436.1534921
654.6032623,540.5881881
484.6362176,705.6065775
652.5531251,320.5523096
726.4512299,321.6835443
525.6808629,372.0653992
647.2419765,546.9218234
566.6337216,488.1769348
788.6046245,330.9021184
925.2788412,459.0750658
433.8864079,910.0043938
389.0915568,981.6791469
696.148008,515.0598773
406.4306254,596.7065322
533.6267851,331.51786
440.0514407,480.4513932
645.7435182,266.1496846
224.2253767,520.9045548
759.6286167,531.595957
691.3558654,645.594289
293.258368,624.9548249
558.7713618,444.1612051
626.1832328,168.9669294
720.1545917,201.1385015
437.0021964,458.8443141
661.6065396,520.2963349
434.495313,570.8447138
875.2116416,773.4206911
946.3381392,959.1160908
577.3585615,462.7663399
412.0161153,436.880598
375.6593769,348.3683504
447.4611141,516.2768185
538.6035346,186.6423298
713.7076823,295.6117845
574.1350618,484.5040055
633.3183701,315.4699232
763.7625977,377.3120739
500.793969,570.6333516
639.4795229,477.3234799
774.5928567,663.4438187
501.8161464,536.3403228
209.664297,726.4180607
699.1826311,403.1291377
613.0269673,285.498703
405.0270847,354.5593434
417.5337427,433.7592245
563.6293745,390.6618629
722.2051784,157.0330537
648.1935948,566.8071868
722.2048937,411.8647505
530.1999225,605.5988698
629.3369075,480.7042505
496.0826922,411.7529685
752.7905016,426.4391488
446.1921449,540.4747972
555.6032607,739.1130575
490.2667094,730.8815505
584.3578988,393.3398691
580.4023828,461.4066101
591.9737514,837.730217
454.2554107,514.5150284
490.9817527,335.2355857
514.3605557,200.1531686
812.5457126,433.9445111
755.907893,561.751064
396.8999862,574.7290261
518.6856153,413.0979472
533.9165116,369.5781748
754.5218198,980.3581544
417.1615025,828.0764659
578.1238051,452.1049203
661.3229551,476.8692685
705.3345409,286.4649389
614.0492345,521.1120098
410.8917397,358.2669148
757.7858872,530.0433562
748.370734,470.0850156
594.0458803,548.615019
423.9974904,505.4316375
727.058517,533.8149671
613.1892381,558.6296069
705.953468,156.1747136
607.8258968,392.1048338
567.0458554,477.9978914
502.2090748,510.9556781
635.2645414,315.5014311
437.1847061,627.4009093
474.2939395,252.9929965
578.0848103,228.9921721
387.9271079,346.1941158
621.8687645,630.2033801
552.1526538,809.1067544
935.7157073,892.9125377
580.1110683,524.6907705
521.5176546,341.8331313
536.6812127,478.9537013
483.5281709,368.5549613
661.0122107,490.5455239
504.2492499,628.3009744
963.9288384,907.3522124
428.6788208,802.2628914
492.5494968,327.8718838
878.1692789,676.0354327
433.4735401,521.6303026
504.88142,668.0097719
533.9551767,340.7204294
717.8101739,212.6957866
505.4243651,664.5146074
481.4826777,374.1393433
578.4462794,181.7288074
652.9510871,548.6023155
505.61447,665.8321316
816.098353,548.9306414
235.8345865,516.8565392
569.3770603,489.5744615
502.7916289,260.461502
391.5726285,770.7461324
875.6060531,691.4722036
695.5222796,536.1498127
285.9441965,643.3931432
942.8625145,883.5783161
386.8493672,665.206925
531.0844124,456.0915289
780.0159859,491.3374425
625.9870457,459.8727093
564.627313,380.5858263
434.9580365,584.5817285
665.1875384,361.6512583
852.4610088,723.7052036
829.3945682,186.4556224
392.1162627,662.4659658
552.7076734,547.7572848
601.323424,305.3102693
862.6266645,672.5198132
625.4572687,796.0980156
609.3546462,622.6578181
712.0688099,158.4018723
514.2155276,278.2766404
629.964898,588.5656209
833.5344965,474.5240805
429.8247686,579.8056876
709.386203,150.7262461
477.3791525,675.9682799
484.8268319,352.2899374
570.8518342,804.0686003
759.719969,497.752919
560.825364,506.5876941
454.8967939,390.803377
580.5538226,304.4040196
728.009656,304.3282794
606.4726013,967.8834414
277.4505804,629.989051
626.3707611,461.7061652
945.4750118,643.0637934
558.5605386,179.3842044
512.6348702,413.2839442
743.1509077,311.6892652
814.8367693,433.3426847
235.4366096,383.9158249
712.7913884,379.3703267
630.4927875,443.2140453
413.3813055,573.1684229
711.296091,467.9817365
373.0041547,450.6830313
481.5063622,421.7980196
609.1449914,971.5347874
556.6220824,286.1951367
723.8705965,617.7503967
607.4888014,596.4360405
768.9492867,478.9223815
761.7366693,301.6480586
800.1072318,423.1330528
527.9833199,477.2623653
480.8371748,399.200802
624.1170663,440.4042617
695.3313208,330.7972313
516.5574287,373.9088424
390.9347508,442.3513175
775.127098,567.4045001
447.7336877,375.7074683
549.2624595,682.8158829
614.062777,552.9735381
517.3875986,382.8413797
434.8333822,559.3551039
434.7332512,631.5912747
707.3652631,188.2474787
521.8117705,757.2105553
754.6830569,423.0945036
822.5779054,315.2458158
355.5528058,985.790262
565.2955566,369.8220268
501.2610519,450.4400777
561.8292649,417.993856
457.170458,340.3907872
516.5304485,915.3125382
615.8140195,370.3051553
758.3371765,508.3078009
491.1973997,411.6193314
207.7405818,690.8174323
808.7464901,625.7270824
598.0839549,545.7215764
488.8735353,255.078286
259.7587165,745.9117689
537.2713619,632.4196531
818.6696834,519.4225125
487.0076157,591.5539842
948.2848497,983.988314
928.3715145,597.4967166
473.2142813,339.4185548
389.3240421,596.2252006
599.4023304,497.3821159
724.5032759,478.7312446
692.1404191,371.5659944
559.2302053,281.3056005
771.5598665,326.6056749
609.0897127,645.3686773
486.5090434,449.563748
486.129987,598.6020847
770.6358875,764.4609499
524.28288,580.9441098
713.7593057,157.7073399
387.2940839,910.6626962
811.4998358,297.7223973
329.6851861,347.8188631
529.9773844,636.676252
666.6347478,409.1344262
422.3203124,463.1948518
221.8246913,450.8481763
553.9821555,312.100289
329.5768907,565.6895332
494.7755822,396.4749908
867.9060091,743.4454802
900.1701132,621.2187335
709.0392502,231.8046302
640.665619,530.0277067
382.1614452,584.7640691
462.3806816,386.8091003
324.1011943,846.7109774
807.0997379,242.8497026
634.4903094,566.235364
847.2853606,468.1323394
760.9475465,491.102324
423.9290137,401.26689
727.3725273,483.4062219
593.3145231,763.5236938
442.9667127,274.2337438
502.1524329,616.0901508
504.3451263,582.9972227
260.8603365,415.6650487
676.2116025,555.2525135
784.0090136,182.6110919
595.4325228,508.6633515
673.1625829,437.1718373
648.5422554,539.2623482
223.2038735,671.7666736
225.7361941,501.1382027
702.8418891,900.992627
613.5426475,553.99134
493.8970846,345.9591018
631.2826443,480.1031763
467.3419711,488.7657652
372.1058826,780.8695772
324.6706851,573.9193478
223.5172245,382.9800104
771.0461637,308.375334
757.4740042,509.7321135
826.5043889,241.1060484
627.7507971,883.3607067
777.5890993,531.5832745
332.2531907,404.4927955
486.3644947,401.4103054
676.7076581,256.4289269
643.5197248,553.0510334
707.6157103,153.7759537
672.711035,476.9816565
336.2677606,584.8352544
223.7520019,523.9600918
500.8582511,441.3673426
445.8799922,249.548228
499.1519207,611.7412428
690.8933217,558.7876479
876.7022051,437.3583776
675.3940614,558.5714384
474.9216753,227.661652
397.547826,277.1540558
536.6214996,806.0415853
693.7580339,23.35865201
563.4892002,488.5448963
596.4456818,608.9618598
761.9136661,154.1578306
788.8321212,587.9171804
267.8741152,722.3814949
612.5143431,528.3190079
573.0491567,362.6369046
707.4682254,476.0005233
578.1116258,352.5006727
460.249439,609.5045774
775.8154457,628.0430608
563.7640209,991.6658415
290.0520062,679.4194001
664.1884013,354.7376933
622.9173079,717.6757618
609.370271,509.8944796
784.5684524,293.7071014
588.871071,786.119407
788.7449935,769.4952596
717.1080439,485.5710751
599.2994281,700.5016884
636.9352028,859.6122591
512.7001411,914.9041262
484.8390112,496.2243043
643.769363,531.3722257
557.8230542,486.7585142
741.1622213,573.2485717
493.1889475,662.6534462
552.0488526,434.571222
959.6063255,551.0336071
558.5787101,748.7599136
886.8666923,858.569677
173.0120195,705.415169
826.4136508,405.888985
670.9871622,654.2065028
891.9883951,424.366521
886.5717375,547.2146507
779.3620638,417.1882519
528.0580586,461.0719952
432.6861701,399.5754287
194.7972517,367.2128868
520.4705644,496.8724523
899.3799418,617.2557767
613.5469919,347.3711498
454.5706793,576.808925
750.078937,360.7440056
758.6714406,718.6760965
546.7155027,367.9485174
671.5083703,366.2051139
775.3090385,173.1819705
516.9229276,726.3952864
849.5654065,359.6012167
876.3215608,445.3626013
634.7990914,303.3804092
729.2073321,505.7005622
556.5729607,317.1533404
610.2370087,590.4887532
878.2552831,445.7006847
378.2574028,333.0554591
596.0913585,574.3780304
540.3729637,503.7992431
603.5244018,848.3423898
476.1272163,213.3362457
777.6356893,682.7393906
973.6844727,578.7128977
700.2394139,560.5072115
451.335225,635.6455168
608.8283596,590.2914944
512.7744153,614.4492943
800.0498707,444.3408504
494.5355915,313.4405665
566.9465034,514.1809149
456.7702489,514.0831944
388.0417401,567.7434401
982.852025,604.3702698
425.0397119,368.1834269
496.5697743,353.0387729
397.3770462,412.0228125
406.5458269,457.963346
685.2140677,566.1387927
751.6440145,267.5359287
701.2747443,206.5847961
605.8723551,690.920815
581.9667113,673.7343725
685.1027911,569.6722765
578.0329322,391.7565752
593.1960408,495.5711835
419.0210854,613.6997693
866.2403812,634.7062757
624.6285969,434.7912133
389.3960992,344.91372
972.2030474,590.1813003
608.2414462,495.8288883
752.0002852,630.5077407
505.0496531,434.0858997
638.6376981,857.9627317
219.7993472,703.9714669
144.3847472,432.3533402
786.9231321,539.8032272
436.8549961,533.1602376
475.3084767,657.9529158
453.840131,364.3535639
327.2363528,562.3847117
443.9766508,527.3980907
972.259165,936.605729
844.2161471,342.0678527
715.0139534,404.5680342
810.1562478,398.0565087
534.9962597,555.245326
250.4426307,544.85561
421.2955434,923.9542541
702.4376801,270.9120609
304.0453178,651.4842644
384.0386154,586.716014
815.9461642,315.0612604
739.5141508,448.3711272
219.7658204,401.0495105
488.0981948,445.6457129
646.3038559,531.8059402
647.4140298,535.8434254
629.4150618,821.7140806
496.5786579,585.8637122
504.8143964,509.3063805
450.6043622,860.1012378
743.6694643,449.2198353
613.7273145,727.7949652
262.1456646,607.7751102
674.1316987,472.0332205
712.9201924,464.6593642
690.4420884,538.046974
569.2101754,503.3218605
812.1303431,561.1364506
863.5788821,367.1561392
508.870328,236.3566681
603.8296483,546.8492173
615.7417677,562.3592212
364.7896138,301.3980637
468.5503435,255.6698953
340.1820498,540.9686442
576.0313024,637.1420803
651.6364567,189.3587388
263.7422015,756.0685394
588.6054934,516.1087902
766.268822,576.7023037
693.6135152,536.4427445
235.2782337,515.9875014
833.2935022,467.0323619
441.1445516,251.5113721
504.1654779,503.5690973
471.5814012,763.1126073
769.3488516,483.5865776
441.0861868,372.1747158
443.0752028,518.1742723
704.4998019,567.5084261
509.119367,345.662263
677.6805789,557.8532542
536.965651,538.8481068
604.3683988,552.6958589
711.8472605,192.9695089
602.5768133,640.9515927
537.0603889,715.7588558
584.0717078,552.3001085
695.1326768,409.2840471
585.7087825,465.2151405
395.8806402,745.8349631
595.5460165,742.1638934
956.2830245,469.8769756
685.4978918,432.0329122
789.0180166,534.152758
624.2023064,859.3891128
431.9941671,410.5458056
655.5972909,420.0023397
536.0419717,304.1930963
795.1605185,106.5463953
412.6290652,652.2421051
452.7356648,687.7399776
863.7184721,730.4134447
643.5541504,583.0321363
399.1647667,594.1290464
643.6538919,495.8377264
614.817624,559.7935195
566.1900536,256.0305231
436.6019873,972.0407946
949.5329958,889.3743737
326.6043775,457.1676665
623.7312087,562.9131797
663.9362614,434.0918754
763.1848974,570.1466295
867.3142569,790.130733
848.0712176,367.294143
798.2518135,669.6218575
410.5577003,927.7785802
657.7269606,495.1628342
555.0818429,197.5212543
529.7237613,409.644048
202.2918806,486.7386442
179.7061253,758.4796475
720.494129,391.0519302
654.2555156,583.4466285
627.1059983,686.1321543
745.2296731,613.384126
478.3566274,374.8170143
707.6553342,422.1458185
739.7742605,473.563068
779.2435067,288.7076427
562.9601571,463.9518149
954.2204083,496.5697423
809.5329913,386.1023241
669.5047781,429.1015264
689.2433636,436.9026619
766.7673194,352.0530012
526.7375108,351.005906
938.2134675,884.8302127
629.0164706,841.0441692
430.7284937,545.8265053
556.1855301,448.4745517
862.3092687,672.9815045
761.41033,543.0080508
767.0615851,467.8126008
465.6941104,672.5237621
478.3953225,509.9211819
564.2360324,410.5685172
491.0444918,570.3839627
673.9814274,714.2841055
265.0155301,722.496014
803.9338989,202.6366321
706.9615036,576.369026
847.0439618,636.8473308
177.3774222,739.8349608
273.5847687,522.8781249
424.3981939,414.2985076
627.7884736,222.3710793
485.863136,714.3076319
752.8269047,540.256352
909.9823895,642.5907985
849.4969897,367.0947321
345.4300398,554.1637352
494.8821997,659.0975225
567.313006,376.2690322
485.2240898,383.8804725
372.1232902,633.0146054
805.6956279,680.423245
758.7465987,321.4929715
526.8580904,584.4621948
185.7889291,681.9501046
404.5510284,499.2679945
505.2758765,312.385281
404.7389461,766.3472882
591.0721537,848.7959116
565.0998489,297.9917817
667.989826,563.6379664
416.3219847,527.3429728
410.4106649,363.7580475
799.1357191,444.1754547
456.2914511,511.4039764
381.0957939,580.5292833
526.1792854,629.9770161
525.6176744,489.5474875
638.5707494,858.4226679
500.1018912,326.6463552
511.0709912,343.1022862
641.1090024,543.757325
595.3424739,535.9477065
541.0964111,699.8849856
633.3326467,595.6770924
775.425783,299.6789389
416.9416609,584.336581
898.2121072,844.6386212
466.1390218,673.1493866
435.4965473,596.1675545
420.4090312,583.3899017
478.6223848,344.4182015
160.6868226,715.1289482
878.3582603,595.5705129
437.5699046,416.6304489
658.0879353,500.600019
720.172254,189.5173231
823.6949105,545.7692144
256.1643549,590.4064942
468.178313,408.380618
817.9968407,584.8387437
474.3679292,620.4108938
409.7228565,405.4075072
169.308973,684.7515098
631.6640976,856.7434922
546.6537823,486.9111438
984.2653481,591.3183434
536.6653331,510.4569628
593.5245224,446.0242468
462.8075863,543.1707929
791.7174019,446.1970598
650.044384,546.5624702
698.1728578,565.5744499
874.3320804,413.1064718
760.5417047,868.3608679
458.5043385,496.7342813
513.0620445,398.9526458
893.3332265,599.9699421
767.1418666,152.6985416
452.7995574,480.6323548
542.952923,901.6401482
651.9588861,602.683029
914.4298563,516.8804208
528.5488709,638.8859225
562.8355777,312.612815
431.4797452,344.6085027
637.9460247,469.5635052
861.6169212,506.721937
260.3503938,422.0266818
879.5253908,433.5984254
317.2417466,716.059372
628.857885,439.0622708
626.6389903,169.0074426
422.6456031,338.9567798
446.7422957,435.7069071
507.4535893,982.9329658
612.1135647,685.4030217
194.1324837,519.9408261
608.2096721,388.9410457
795.2822066,254.6913946
416.7897567,391.1723832
878.6529904,594.2618686
541.7144844,320.7779423
102.8866214,623.516597
427.291639,221.9605779
499.3195996,580.9911418
899.2409809,533.6878699
578.3969779,465.6111416
668.6648858,415.0689682
669.9101106,583.0047654
623.0367189,517.8980556
593.8081967,559.1601434
831.4951154,417.8509212
545.3329949,465.8278317
718.3729084,522.0612799
656.1746616,512.8097353
472.8284836,932.1613153
419.4590009,358.8279981
219.2283732,395.3425652
744.0826167,923.5215843
262.5311327,434.4855363
598.5350534,635.6452451
643.6711346,504.3689974
546.9142215,451.4699563
670.6355804,361.1638675
905.932525,582.2804384
211.2618826,754.1581314
788.4632068,411.9954833
463.4272026,266.3363503
472.9805226,668.3806795
840.693543,719.9268857
536.988182,607.1863216
144.2655459,692.8968088
605.2345523,675.4391641
436.3657418,579.6021816
725.0504007,205.2674182
614.6468891,629.9807144
451.0815271,458.8098393
949.2414716,560.9508088
578.2181684,637.7452857
583.0354486,838.1799989
444.1326897,519.2563437
566.6492866,743.6694413
825.16534,390.5386101
781.0496235,419.4455605
326.7844603,304.8272454
561.3618675,463.8800237
700.0293696,377.6791161
553.7553628,548.3769545
588.8002573,311.6567126
652.8002465,562.6206241
748.5869952,390.3716056
464.5572259,383.7728274
643.7626217,593.3116164
833.0523431,341.3213365
210.3300837,757.7090407
419.5871906,229.1118103
682.6871251,392.9252098
485.9565406,325.3960256
395.8090774,274.7087654
637.1262515,92.06499549
596.2116684,551.5749876
711.9540728,389.2384905
559.3853903,705.5771381
498.9649917,454.0133851
421.2413283,581.2965054
586.2068154,281.8191921
588.3601546,163.6091621
663.1993613,899.9674704
240.0884879,409.9132861
636.2510047,596.9854859
628.9674538,719.9957937
686.1156205,412.0165443
551.0262558,501.387926
525.7726047,183.5789367
728.6795175,341.6516682
566.1674327,693.335099
438.0110259,761.7040695
961.1141468,903.6575117
392.2710582,420.0151058
636.7352555,471.7808229
560.5195183,852.779031
340.3141046,478.1276213
457.8946245,500.822058
555.5408512,695.6780514
774.603523,318.700488
511.5225541,223.1091544
446.2642469,350.4383038
272.9672947,720.782447
605.1577762,725.5144645
507.1335119,423.5611259
718.859661,569.8724813
705.5482853,508.2069045
407.1326355,349.0609187
259.2850122,710.4421867
879.5294206,597.4968211
604.9928838,237.865956
717.1140812,466.1237721
925.3187947,498.0281119
930.7234976,883.1352203
487.2115028,376.7237241
577.8155175,408.2939086
666.2834207,587.4566382
488.3055126,430.5314594
566.4218198,485.596879
550.8111481,365.8423341
568.0412173,517.4235564
623.3877614,645.5302494
740.4047677,439.3931875
612.9563932,508.6532597
515.5237163,283.1743879
425.4150681,830.4435925
720.4121098,459.6675944
188.110082,518.2663306
465.8088475,628.398695
494.4810319,388.5709112
477.1370795,266.3275749
929.4773889,891.2709499
269.3390318,357.9875013
475.4026903,768.1117944
674.5723556,524.0813179
618.0956683,731.1023984
341.8057917,505.379779
930.640984,491.9282578
422.2398212,406.1562173
376.6586488,575.0619696
810.3460831,581.1914929
610.9470335,551.5105927
647.5994457,626.3576587
415.3620372,951.5246459
600.8095564,392.3230491
591.0389415,421.1141849
377.8130606,521.5460168
660.614803,566.4823084
556.5081243,261.2855136
860.3104104,726.5268967
979.2478661,595.9733671
804.6461258,480.1021734
415.155019,974.4290657
480.4904168,227.1073382
552.0701701,395.0485679
579.8744483,390.0988365
586.0532484,932.2345482
452.1498749,239.2381385
543.0364253,427.1312366
441.6578649,422.5961018
226.4079282,697.1103873
418.1928031,385.2419782
871.5073517,793.7896634
719.6972762,417.5095157
420.1812648,412.0741696
762.2733225,299.286845
586.4516448,324.5202183
610.2728875,214.7730946
466.5467662,536.5175653
594.0527115,737.5556092
687.6579723,160.9152767
475.5220115,238.3186421
196.384201,367.8520296
399.3381682,423.5622333
549.7161347,396.391875
462.5695282,237.7955855
671.9571768,431.1085684
478.3385308,402.1247914
758.9970908,303.6009855
419.5823219,548.7322335
220.8413739,399.1191489
521.6189391,580.9924163
483.5700569,749.0056044
848.9585987,346.2034345
617.6799692,779.8597985
476.5125496,853.3182594
500.5205565,797.9808855
595.3289164,299.0914457
856.8447029,810.7086647
403.078936,435.8002399
755.6188406,345.1187095
614.5226692,623.7680544
766.750571,451.4597392
468.348269,492.0667213
737.1505726,922.7255079
803.4073127,335.549077
602.6036137,198.8950038
683.8071713,570.8831585
669.1089734,566.8519415
203.0383234,489.5114248
503.2903959,674.5272522
609.1986522,382.5784933
300.9920886,705.8199455
560.6074999,265.3701143
753.9519244,564.1100211
781.3294927,550.8114846
548.1312677,402.5394089
440.2506689,224.7351762
595.3646154,579.2319426
635.9275717,556.5730882
632.0969496,724.912262
429.8129938,461.6991867
890.0621481,842.7460148
463.5768297,908.7631948
537.2877957,472.9833264
519.9874821,703.7637611
740.8604653,715.843852
621.3463879,595.3855396
720.7652196,202.889573
863.5934133,354.1952473
563.5600738,449.5763679
508.2383377,770.2599744
492.6721287,920.3030335
583.0833119,483.8876788
424.3367581,602.5929347
493.719938,285.8690046
833.1007007,746.3730424
406.3922449,452.8390674
223.3913418,499.5593174
386.4599741,488.3007099
754.9521551,353.1618167
632.0188104,426.103531
544.4366403,782.6638363
459.0262657,922.2002783
716.9809628,617.4246825
517.0423087,492.086466
495.4485297,409.5199177
468.3718935,329.9958269
478.3311453,845.7913347
175.0560896,731.5904996
738.148676,293.8517286
638.1911837,543.7324195
724.4670676,514.5307824
436.5314882,629.3275518
534.7460073,399.2067359
569.8754079,556.4040779
591.0248297,391.484203
482.6199667,400.8954601
508.8268241,450.0399605
185.15216,683.6734918
804.5237635,459.7511906
670.3661827,369.2523352
457.3469005,519.509598
769.5669854,544.0840003
838.1302123,520.9851842
566.4881992,505.1994442
559.9924527,190.3407287
442.6691662,483.2164431
786.4919129,396.9260889
488.8813852,378.2943981
618.5018098,546.8062178
648.3333946,478.9415202
898.1797489,846.6450155
794.3302587,248.905011
676.1429161,377.2670686
795.5668846,469.9698278
714.4650909,527.5084938
548.7926202,418.873863
852.4025092,949.9182852
585.9347961,511.0632396
349.3234009,594.3634544
495.1859032,446.9509933
296.5314537,672.0656018
343.9788904,297.4263524
464.1161495,617.7557246
588.1435189,473.9516309
305.9468016,645.1872769
542.2944767,960.2666523
747.7758958,573.4899375
468.6066259,321.8006125
556.7458079,393.213921
151.4772495,522.1173172
501.475066,737.8899735
498.2191032,566.1944957
837.091736,191.9670848
294.6408159,755.0607665
574.2079429,385.8186902
592.4322354,558.7086065
888.7751272,444.8209701
636.7067772,623.7030536
460.8323226,607.1875334
868.4180939,713.2586355
690.3707653,155.7665105
161.5603316,709.1271698
814.8201108,587.4988647
700.4560796,242.129826
569.3539451,578.3529176
888.0458223,446.5472406
661.2821327,369.3102947
632.7891473,532.2859345
453.0624236,503.1386632
464.7330992,455.0642829
963.6606092,907.1228189
428.8583794,947.1044064
856.0965374,574.3545248
675.016548,367.8172205
591.4866543,757.5396961
456.6082627,331.0955118
771.0368007,618.8591705
499.5555155,535.983247
394.5632384,658.0786549
829.0289645,597.3133313
505.7028711,420.2978623
600.2934717,495.6340113
615.0109797,651.9734102
682.6932971,554.4793785
454.9405225,328.6436607
512.222332,187.6321549
675.5685265,540.6326293
226.7049204,654.4124534
148.5891824,705.5065796
505.5955344,462.4629403
693.385584,495.672456
636.6949275,539.1158196
829.7494158,189.1875555
399.6287036,407.0166886
770.8862448,299.2354461
694.4877133,173.256478
560.467805,461.8032589
859.7743564,605.0234115
168.0977694,714.765437
453.0361474,505.5870459
723.6342761,475.3925541
214.0663424,514.730632
517.7960171,555.1318933
591.0906998,470.2463997
449.4812749,411.3134873
409.6594732,717.649749
638.2594657,956.8071118
429.2036543,591.5436
782.5039787,316.0890079
384.5277349,859.5988244
599.8268232,633.9629353
390.5066776,953.6550661
464.2223925,416.0357056
802.6959997,442.9568002
631.7552401,912.6292668
684.6538498,390.3072108
517.0692739,606.9091438
763.5561638,363.0749441
393.694688,587.9868196
715.3858789,401.8192816
638.5851459,623.697872
889.7746238,842.5443265
628.9367583,608.4225478
569.4996023,657.6960468
777.6823691,631.5329809
481.0126137,430.268197
212.3267699,517.0266151
558.5577072,262.1103608
781.7932499,198.277925
743.4425518,432.9691027
779.0872431,483.4257785
696.2336077,381.829428
676.9695355,617.3578849
703.9398687,412.0793094
786.8292481,557.2564215
465.8625982,364.9760961
430.0978366,402.8497243
579.5409333,184.5118051
660.3221253,490.5634091
484.3334279,230.8646996
646.6322925,591.0268116
704.8854947,546.8524559
862.876857,811.2806547
863.9632266,732.4844637
690.1788477,555.9530842
669.2484436,407.3743704
593.894051,240.729207
502.7221634,669.0271351
530.4543546,340.6345975
932.2569958,855.0089895
454.0436886,640.9373013
831.8782915,309.5380765
422.0601278,643.3482423
639.8162139,401.1971255
864.6690268,259.9521936
612.5503566,367.9334111
521.005405,332.0328098
716.4526838,200.0187167
775.8228462,627.7609103
564.2225199,593.9538933
516.5170558,278.9246631
429.805129,971.98856
691.3252599,231.6113621
405.6216982,735.7314511
732.3967357,471.0132038
569.1444102,521.7213997
589.7517258,237.6032368
703.2537082,321.4967742
636.8205705,587.4558234
472.6105446,277.5302077
863.319027,714.4160919
825.9032887,724.7847887
603.3122003,620.2387285
696.6195402,500.8559269
665.1786848,573.2222664
519.7526748,920.7793296
484.7517486,706.2695184
552.6056399,312.9434184
710.9197162,525.6300116
652.9259495,405.7945657
547.7412155,779.1375609
715.9242549,350.0969401
901.0272783,563.2312677
481.971932,417.5837098
913.1847663,854.3627637
554.3492572,556.4147964
760.9784068,297.1075123
482.3896236,580.2301879
745.9826474,545.2325768
541.7403111,569.7393248
648.5145861,479.6819773
497.4913563,580.9604697
874.8151327,498.7579966
620.586073,627.8045993
484.6036046,488.8549819
600.7335294,496.5860395
819.0769484,954.0427097
766.6957417,468.6754331
618.7042288,542.8831056
538.5762998,545.6801857
535.7956892,553.9125702
620.7337976,631.5903554
471.5054941,400.4233637
953.0045007,898.3959188
193.1439829,661.8567221
870.827543,725.3966232
320.4060725,591.6644709
804.6118799,506.3869878
612.7578542,363.0371053
753.1198221,625.5350261
543.4938157,214.675395
879.0579634,437.0998371
495.1281077,247.7050773
521.8678882,218.5502215
743.0714652,318.2464438
562.1503011,712.2689566
401.7180603,882.9846384
865.8150045,494.498974
611.1431007,599.1006745
504.6673909,551.4226714
552.3817385,809.1157806
343.1865768,468.706941
675.98081,220.6100623
647.1056523,349.6919547
158.623008,722.3282782
546.6215588,325.9593864
349.3034616,659.3032015
464.2604435,686.0507519
800.3485257,317.173503
431.5925948,571.7769972
701.5399774,275.0051446
320.2396221,589.4683396
326.2739035,417.7297369
513.288178,631.1386304
741.3399971,864.8875793
955.9321318,899.8534526
602.7790826,638.7178524
670.4020914,430.292016
432.0919611,543.8698175
600.6121109,566.4618324
578.7089358,977.1190649
732.4222927,567.9897159
380.7795366,320.1224187
369.3108306,535.8396227
871.0112512,714.684745
336.5920776,615.1026867
824.926368,641.8452852
686.2359154,245.5265804
593.874711,696.517399
459.8722552,339.6328211
444.0563031,398.5029057
424.9366897,278.9930695
563.1189674,406.726494
398.8977209,427.9456161
801.3339105,155.1942072
525.9015884,394.6669208
569.9191365,678.8792942
663.3130947,874.2476465
571.8074823,521.6423792
413.1269634,811.7121544
540.8885691,896.4989247
788.1817796,171.7448708
490.8438854,571.8328047
432.3859271,492.388988
636.6141366,557.9465661
460.6437756,421.039364
576.9708313,855.8882652
712.5426641,409.5189148
667.4605433,558.6621595
912.9650446,603.8595824
869.7452182,413.6931502
790.4347853,364.9873997
452.3457025,696.6009326
699.2227045,553.7131803
643.9366524,551.9872441
739.9796607,490.6610878
494.3541454,424.4070969
416.9183959,939.7386359
548.0163209,564.7664222
358.3871521,269.4053429
444.7604105,733.4810375
685.1017125,330.2964893
777.3181736,630.7583206
771.709194,596.9544168
705.7328175,413.4865936
765.4319858,308.3583264
482.6272473,663.7871881
366.9675513,523.1543206
419.4319757,782.8126005
553.649734,680.3298286
482.7920498,785.9323652
507.3675252,980.9838206
915.6376893,858.0774598
222.9366479,788.6512188
279.4254846,302.9909479
541.9269705,474.2790166
743.8314205,535.8574869
451.500522,528.1895288
713.6770917,485.6729953
616.066579,527.6480438
336.2991152,339.0841696
413.2269445,392.7087077
788.3059395,346.310202
820.9951657,340.1429653
570.7305805,380.4853895
507.9026804,204.6420026
536.0321743,392.3981834
558.7110346,477.9874654
499.8215725,557.4207934
826.8632513,323.1555367
650.960603,613.1220963
503.4409968,657.2571716
672.9581714,848.1976163
600.2835095,336.6167944
637.8549721,300.7921421
671.6594806,536.2734625
222.2428323,651.6485736
446.5616136,212.9081516
528.4991949,710.466152
773.693536,318.7799682
466.1391417,456.6851858
681.1108121,364.3520178
571.350002,204.9977413
452.6436833,415.4576355
725.1849272,309.7138147
731.43535,161.1623046
393.3566038,693.6844441
510.3286681,625.7616617
560.4112379,507.9938917
480.947163,201.5439675
682.2818525,470.5955358
350.0718811,284.4920793
496.0792616,601.2332677
845.680779,595.4864151
733.0870009,447.500397
377.514076,453.5967201
569.3694501,698.0249318
225.5925443,770.8453155
210.7080615,650.1808227
746.8103754,621.4960993
569.7266646,487.6607732
510.4027476,202.9156277
621.9102011,163.037402
901.2130837,537.7171646
478.2648707,606.5611777
709.7036588,193.7499986
647.2370928,548.6725397
795.2403655,376.6192548
815.9536695,240.698493
436.4481506,321.0782913
717.0399567,491.0238885
342.0333484,541.4062031
241.2408924,676.2226625
884.0612138,443.6083122
773.342104,648.5148309
933.8535477,853.9247869
567.3784566,386.0229275
840.7265754,595.7683567
562.0938389,414.5598478
592.2837468,568.4565889
616.6070223,633.5615227
571.186353,380.1942129
528.9875953,514.3217604
616.1563433,707.7743559
698.444203,507.2514498
649.5012592,496.3790441
556.4996153,323.1062063
459.3013561,594.1904116
580.0412134,506.0876834
262.1555219,428.8130659
539.4514267,541.6658718
668.1504639,534.2957555
551.6574072,451.9017067
513.1556439,568.1022919
512.4284363,553.434122
510.7559323,429.6447664
436.0148941,579.4766931
440.4511105,254.9549287
659.4423693,588.0077134
691.7368244,520.6951567
590.6210552,462.9887549
431.884898,232.3484552
467.1960592,780.2219516
527.4283153,567.5790264
574.6008264,719.3610386
708.9279587,429.7907308
576.2867981,584.1127243
655.2618583,611.6809641
540.6832288,399.0152855
595.8770448,535.8360707
535.5322388,347.8779927
467.0183283,504.439932
418.132371,799.8291552
409.7602333,424.5670393
878.6647353,534.3991173
656.354355,253.7110971
437.6523583,710.0936982
689.7254122,555.4841636
537.622719,475.3853666
456.4386513,618.7974501
916.66505,440.0370523
974.1590909,911.9130258
438.3216805,566.9645384
538.5650343,477.8058143
783.3701022,869.1509478
426.149751,608.6361456
673.5484855,68.57874476
756.7776568,524.054929
712.6682921,327.7210093
758.766538,653.481946
480.4072291,211.6636723
480.488739,601.22888
711.4990344,913.1963676
726.7184554,203.9909295
854.0604221,585.7821427
690.3466164,514.5866316
765.2614306,300.4020331
714.082604,189.2844821
578.8669221,309.2562812
846.0063843,720.5028664
573.190889,504.0790117
460.4545845,340.7665422
650.4840373,379.2582939
785.8901087,444.3819068
500.6808199,224.816516
339.8189179,540.6589138
504.5788251,424.4803089
792.0367452,621.6624143
460.3744378,906.1580037
511.2401231,353.975841
713.5449021,160.2885449
964.6157779,599.1977682
488.6546525,826.578398
531.1763938,933.9747967
326.7085532,598.3207072
918.9769298,472.2098362
191.728188,480.3247556
633.3729897,973.155335
831.0927641,358.5911873
382.364089,582.5311437
566.9260248,565.1524569
545.4021158,532.7335643
957.7668617,572.8898662
921.7422901,859.1750762
712.4514017,469.8410382
548.1657233,542.7790751
351.5852902,498.3446537
821.7963179,421.9103449
342.3378458,293.4473073
499.3574857,341.5283736
578.7801839,527.922777
472.0902652,639.137777
295.9074481,704.0966837
669.551413,518.4288638
766.6015281,463.6087589
620.8688335,473.809302
657.675427,587.0965328
326.8827336,578.6829359
624.2461998,449.8303117
156.4614744,434.635596
558.7019862,753.4541342
205.358068,758.820865
607.4323841,493.5047821
487.558156,685.0602373
639.6608042,499.0859464
621.0928248,865.1612051
597.2246926,351.817235
783.0875964,390.3402022
563.8291719,191.3984797
310.3987777,401.4960537
482.0644827,262.5977307
529.4631872,476.4706766
230.9222988,522.3023114
545.0430586,689.8749317
358.8963757,458.7652518
621.8277923,737.0732539
975.4561189,903.3069757
413.8610471,234.8311874
609.3178086,549.9260243
647.9292007,480.1286668
767.3684345,597.6940799
874.6568018,333.1857949
904.1420331,570.5957636
333.7462261,571.4379946
491.655614,583.6151791
275.58132,584.1615323
302.7087707,658.2848563
562.1963068,570.356926
819.3994976,571.1439554
565.8400897,468.021205
424.6810593,366.3715125
332.9712451,806.9749552
745.5394587,314.7179536
189.1735461,485.8109783
674.17336,562.596241
562.5377167,460.1001179
804.5176364,430.0989568
532.3345209,506.9538169
549.4254344,759.0427994
655.7147395,585.0552248
457.0478411,436.0593027
799.7474855,575.7688293
676.5457468,308.443636
182.4971175,715.9005161
698.2304436,537.8650304
567.3511918,491.1586956
202.455215,718.1564665
949.3994279,903.169912
784.5754933,284.5283928
472.3145561,828.7742786
405.7447046,981.4410407
414.3513051,589.0239692
707.7314661,160.2149985
484.3871486,770.0055918
503.386527,660.596844
514.9062422,426.1013789
559.4095242,559.2318929
544.2695607,475.4801202
552.0569871,265.0189515
397.2239286,433.7945768
685.0386738,735.089613
537.9837386,294.4351684
775.6799154,540.51951
113.8564405,492.5256756
522.4765535,606.3236146
433.7756107,577.283675
501.7910986,191.2772536
534.3425923,559.7796042
100.2258114,616.6008591
883.4906892,547.9048162
704.513689,272.7956203
459.3166813,229.6115493
697.3668818,484.386791
554.8213437,487.5056573
771.551657,668.4953031
924.1596339,663.3876978
464.2008353,421.3074111
524.5221516,429.3303976
439.149813,225.7639475
722.0959542,607.2530774
471.1669605,309.038233
440.4762031,442.2059799
387.682668,330.5744193
526.8902989,430.7347984
922.3057587,460.870871
383.8556263,450.6456314
469.4370055,671.2134672
578.0057722,508.6599249
465.127316,695.9201693
754.54489,519.8267666
865.741704,503.7476144
480.8382834,265.1818608
777.7013197,629.1471961
515.7326969,482.5511412
726.4201599,533.8125852
257.1761956,690.1166735
750.1449569,767.1589724
444.9056782,579.2643281
339.769991,387.7444133
752.7645101,485.2155663
341.3946617,507.272469
800.3255903,570.5648825
763.8253518,692.2834072
711.1680361,467.7145878
422.665827,555.2761236
914.2644246,442.9446191
707.3289799,528.7618112
482.5120158,582.5266933
641.5931783,855.5449793
460.2293798,811.5697629
984.9838519,560.9559278
873.1329212,512.8319037
530.906277,721.5179522
649.7617134,386.0188741
499.1382883,433.2683026
893.7086875,668.1569272
594.9675672,341.2871541
832.3432621,741.9484569
476.6909246,524.2252765
500.2472787,545.9553995
320.2571495,490.6524586
878.6661285,511.4326428
717.0914154,604.7981967
498.5857406,202.2278649
606.4661896,570.2100005
669.3991043,532.2404904
943.7627041,609.2788821
534.5500898,695.6473165
611.0797174,526.3592905
495.7685172,582.4115473
696.1385102,566.1204479
313.3850881,327.2937928
574.6071183,980.2520972
253.3305329,729.6898908
477.0122904,273.2375043
644.2783918,627.6606616
498.2881192,315.5474603
427.9372618,648.7614201
865.0880366,433.1523627
718.8754207,196.636964
498.8440975,592.8991719
484.4096646,759.5506034
341.7033687,276.4209743
633.0118203,581.912059
764.8890407,291.697782
675.0549136,428.3982395
908.0009836,586.0779995
787.9083371,683.3379366
460.0041751,390.0646123
713.9484968,511.432016
647.8139692,578.6177262
981.232253,497.1484391
442.0435277,419.3946631
507.9346192,490.701601
833.0022626,409.6343742
545.4184597,197.5540786
597.6555372,534.7469999
703.3103502,575.8139182
531.6557609,175.7221608
646.7716428,906.9842509
465.7958892,536.1638743
459.4196736,915.0680175
820.4925336,641.4871647
511.0991549,327.3544686
510.3058375,416.6298639
625.4761144,891.7444672
516.8115462,451.1295537
574.4234101,503.8318375
871.8790225,416.8161952
207.6288409,516.9107796
485.0276929,323.4863907
606.5641184,593.1661326
440.2262054,217.838598
524.7848829,442.281532
322.8435055,654.7819193
715.5320605,471.05215
604.0921249,562.4846678
154.2445123,717.1592241
517.1229497,633.2917205
733.6588138,584.1137272
738.9778571,487.9732407
549.0256597,841.5003654
768.711648,259.9151906
162.6302374,700.7989243
450.0511703,498.2848137
477.3441426,668.2970832
486.2173843,572.3895839
694.0498277,241.9612544
495.7201446,582.1871056
465.5025972,427.8486477
482.0216529,240.1329801
585.2851735,590.766516
581.9486146,474.984163
510.2016768,409.3621483
401.7261049,378.7587638
880.6767916,527.6694182
867.409609,731.2691731
767.4678314,237.2213599
641.1185601,777.0910295
537.06728,411.5005499
655.0747945,542.1189967
487.243981,387.1625824
573.7613536,482.6781131
720.4651114,482.9761847
566.632643,589.8242871
476.0759224,413.4195661
768.7663126,629.6533914
590.0841023,747.9505696
776.9163016,538.3685303
733.6396834,440.2530529
719.2198417,463.0629907
712.3527838,484.3483463
501.3490784,329.8841702
639.5034471,549.3869422
506.3851665,501.4938369
682.2532843,615.4560852
705.9438654,490.6755045
641.9981512,582.2939567
443.4323425,232.4426865
526.0730574,347.6280814
508.0803663,678.8397421
708.1189116,560.1358861
221.378087,788.418148
502.6711692,202.0989081
802.6231036,685.6147182
670.9488416,398.1420272
341.2770483,514.919199
440.651597,263.5936568
726.6057707,250.096984
528.8174447,515.4223228
410.9033797,360.2995099
782.3754743,440.7808315
693.3630081,196.7194738
503.7945111,371.883163
493.8446073,240.6436675
870.0430043,660.7156882
604.8567393,665.9602527
317.0719255,844.8825359
795.6402151,680.4587645
501.7753989,677.3369313
611.6271867,529.6924023
660.2156575,897.3281388
334.2610225,620.7651281
566.0518867,505.2230334
784.3284917,853.038052
745.4736186,555.2696256
367.0990218,335.5448565
765.8061734,289.8500555
188.0736789,684.2552809
565.5948558,487.3122429
539.7923422,420.3894609
758.6529544,602.4914742
600.227332,272.9814502
665.0346604,482.6097275
634.4900697,960.3753421
937.5401005,864.8443081
568.9906184,747.4143708
397.0130005,371.9259954
513.7138393,402.3497554
254.7364706,686.062724
667.4081409,585.9308233
887.7287261,492.8905866
859.3825365,468.2734564
805.5879467,335.7938067
612.9514646,559.648558
791.3836172,216.8280253
689.0878491,392.893472
664.0947121,573.4243099
756.7554704,552.0091617
321.9667008,668.1780927
873.1135661,617.3925896
454.2991543,637.5362845
975.5992144,989.4536428
733.731515,301.5199584
409.2232655,650.8946609
592.4731776,574.2038175
157.0662298,717.2850469
801.6652384,454.5848736
240.1216252,642.8243291
706.7375723,533.9843327
542.414517,967.5831759
615.708136,737.8939224
592.780132,533.7562554
534.7946496,554.2117492
581.2650158,394.0065708
635.623988,597.5657916
477.6135553,355.2049424
829.9010803,616.7822176
510.4557193,671.474494
776.9734979,157.1811493
711.6308644,197.5379276
761.6871431,457.9447087
422.2240915,381.9651962
531.6557609,175.7221608
447.4240069,343.7721429
777.1781191,637.0688474
622.2354468,882.7460306
611.3969485,913.0693957
466.1224682,359.6715454
629.4499368,601.4716456
659.6943295,478.0321364
453.6058181,578.4954554
570.4267272,413.2321483
969.7591128,577.2849704
594.4018964,445.7843854
425.7434747,482.2859147
668.4694777,172.8791978
231.5160135,657.0505105
486.0511436,263.8462007
554.5184791,669.1465225
563.9570321,508.7149593
487.3061958,209.3135742
650.6439711,609.3495242
379.978699,941.7386158
492.2228428,603.7897134
760.3400946,532.9443414
602.9092198,492.4209347
775.494859,503.006426
836.8104586,244.2197121
728.1109853,404.1290963
594.0271245,351.7380264
545.446144,398.7794985
346.1142678,662.5361064
550.0354181,508.2500085
640.870405,588.4991367
417.6266529,929.4196874
964.3448821,906.5355764
508.6878332,453.2979798
445.119962,723.8552841
861.316079,487.547445
584.1720334,287.4864182
487.8266549,340.4809442
505.0232571,347.5873802
746.0090134,467.5300324
529.0451062,350.7268269
678.7143813,569.3543348
704.6833903,206.6740755
539.3640443,576.3382075
601.075194,540.8297419
966.8663418,594.6621111
759.4296732,361.0610698
722.0416492,455.2642162
601.8437782,773.851167
545.0420699,365.5841697
798.310418,454.077383
539.365857,556.5774341
978.1679981,594.9036022
807.4980295,629.5390602
658.5595424,477.9196231
550.3696522,748.1264122
533.4132803,408.688071
569.7132868,751.4591479
452.948046,864.3609081
628.8294217,686.0069584
858.2804222,575.1055333
907.9050024,958.0873823
499.87393,541.9557113
190.1351116,539.9094097
653.7646284,570.1477368
493.2945763,986.8288742
475.4598865,928.0684823
745.000079,308.0995352
324.2372339,308.4229302
776.0738776,573.5654478
644.4092481,599.9924448
218.9132544,518.2348853
449.4779342,410.3007625
246.0377089,371.0770784
839.8195696,376.9791722
438.0672485,634.7174539
359.9433011,552.7584777
589.9528415,477.7290712
525.6093451,575.6245782
195.2364705,657.4257013
784.127376,835.1104212
983.8380989,569.4496107
801.4393146,717.0153073
310.3813402,718.2031852
474.5214513,441.8522052
579.3185449,528.2928488
782.1698494,308.0016684
636.6446373,567.3423618
419.0362009,700.8108756
488.0837385,574.506047
499.3385052,534.8110395
879.0901269,590.2831578
636.4243013,600.8025201
609.887689,705.4837217
580.5693126,741.4210962
604.9732741,639.5484037
447.2170037,526.2912601
511.0898818,786.3422607
444.2711112,363.6766869
567.229204,545.2119546
954.5134156,908.3534665
629.9582316,469.8104496
501.7773164,493.0665755
784.6383074,466.9968633
673.2377411,391.6415127
677.1007963,304.7592777
491.3522101,409.4192094
509.7249313,403.6159434
736.9090689,586.8097229
454.4960755,864.0642991
361.5987271,616.9993883
587.7308009,608.3053333
292.4401227,567.7183466
778.0885855,952.5927812
784.500485,154.3521433
678.1757506,521.2345104
358.7150045,503.1025377
926.0757539,502.5796483
388.1545597,566.4500483
713.9656198,207.1031933
449.1091996,419.2061379
880.3337038,617.133297
584.1005006,474.0449637
611.7869857,655.2676804
874.1596526,346.6924759
545.7951941,189.2037482
730.74104,310.4088694
702.5204035,264.174067
396.9421718,445.6461099
469.1125987,743.4161034
241.3801379,379.1670296
419.8120058,773.2452454
588.8574386,309.0969448
832.2916387,439.0694165
897.4899781,845.5863034
377.1606816,600.893283
634.9809869,482.3359973
486.1283541,584.4774891
950.5709927,914.3985996
673.9281111,551.6684248
560.2384207,319.0813828
750.9785573,553.1147596
739.0827819,437.604716
901.9708519,536.9383465
201.5421271,758.4019015
640.8352902,493.9877643
761.4904317,483.9540376
597.5900566,498.2896193
588.5645512,237.3579012
686.5096725,391.1821615
613.4337529,596.8171024
665.3845494,500.3127704
509.573956,505.9281589
697.5559381,517.9737749
691.3551014,242.6690753
409.9109391,657.7638264
718.8800647,521.1064729
202.8125494,510.7245503
455.1474808,319.2882319
434.2221101,267.1719161
654.6835138,533.2436458
779.6478205,328.4129508
583.7613528,391.5995997
641.2448473,870.6978029
493.3445968,587.6570729
760.1613001,70.02175739
684.5158477,568.4632749
555.7978299,482.8690411
357.7675059,946.5095377
495.6830524,383.2778522
673.5197076,388.5909275
870.8011021,525.310879
573.4006486,376.4367053
348.5069534,289.8042144
712.7909091,428.9591139
468.6563318,489.2684084
395.3689148,665.1725964
487.4323332,831.5600969
763.2230383,346.8734166
755.7700258,126.8914233
337.9002063,312.9566024
455.7143051,537.4406973
789.3166267,297.1255437
749.9148985,892.8361289
517.5282672,558.8372499
554.0610438,556.2412939
582.7335428,268.0939616
567.6868191,372.9679298
663.7347262,394.1361754
725.0443934,454.888712
423.8690011,361.7126444
772.4814185,432.2838055
664.6660756,476.4220566
595.0275948,617.9738773
398.8314913,930.6510872
868.4236068,437.6087068
540.9501996,996.2463787
630.5834506,558.9408625
477.1092454,673.9601932
519.575693,378.7173313
687.6637399,620.7858966
469.8447798,453.3742215
544.4377339,448.8841129
539.9130266,889.8556634
504.3021167,987.9664815
422.3086724,608.2627725
395.7893179,921.0183134
503.6755045,442.4403461
646.0854524,891.0673812
466.0901698,449.7295824
535.5169435,913.9182291
724.3097854,620.8226279
653.6028669,507.7213524
620.7890014,591.0419178
412.7937779,599.82824
797.6372308,665.6924771
513.9023563,500.3276051
692.8820531,203.6059186
588.0595671,631.1830508
572.8287008,543.0475401
173.6403995,482.7852776
797.0620472,191.8600666
510.1699027,365.2667295
429.9311016,459.0846769
444.069561,228.7566776
620.2660406,563.5861914
298.4155749,308.2087264
579.0685922,390.0770233
586.190127,841.8915818
778.5091983,329.9944479
634.8387003,595.1204803
653.2014593,582.9967422
690.7317999,515.917904
401.9272956,349.331515
510.3324132,795.1099665
587.9413845,640.9736148
469.9727299,503.9219526
510.7050579,423.8857327
599.0833616,749.3626802
804.4859673,278.2557048
592.5513319,829.5935263
643.8687449,547.4728569
721.7857191,298.8121994
256.7616949,414.2418435
522.3744901,334.4314234
678.529939,520.0931632
447.9344589,601.529041
417.7907364,570.5364669
299.0204502,582.5417369
778.6783302,478.6954952
416.0509691,424.6529339
516.9666113,183.3975363
483.7734797,345.4418538
342.7274636,589.8652391
873.4305575,826.8047201
922.1613149,722.9316298
734.6051888,181.9984007
716.9985201,544.0851077
408.2416409,367.1051791
577.7725978,896.082573
706.6394637,183.7285784
858.6868483,329.0607437
333.9281066,296.9186737
542.5272467,415.7081945
489.1972381,825.9990743
485.2512497,589.8704208
487.6606389,405.4373018
197.3038505,749.7071989
811.4616501,446.3232377
545.2603235,630.3513503
350.3588212,645.4777222
546.6620816,500.7065568
559.2715221,692.5874545
903.7695982,615.1601448
836.2792583,357.3131524
478.7967001,211.9868375
174.3844753,548.2796101
906.1130873,846.2371049
702.3921089,278.0945297
562.3120776,462.7516933
450.5895912,769.3859639
419.3658659,654.1160115
417.5333083,818.1280697
737.5065288,573.2562398
525.3301201,898.0176148
446.7665344,513.3304309
599.1399587,545.3811948
723.3553807,305.9956293
628.4975845,525.1788926
876.3307589,614.1920493
959.8833484,550.067789
534.485613,409.1875802
670.6968365,671.5913324
666.107113,563.7243207
805.726563,317.1913881
651.8501263,507.7929556
967.3990551,903.0445072
403.2225109,296.3688103
395.2269129,450.992511
569.3499752,518.6090105
327.7381759,573.7686823
707.491775,422.4069707
541.5934854,461.524723
726.1503427,532.3424106
869.4523457,602.1187698
501.4986007,374.7567564
427.262217,574.735148
879.7099229,444.3900345
790.5050897,347.1773803
769.7069051,631.2522512
596.6806988,534.2260536
276.7454993,339.2283163
492.5199399,211.8001718
453.7106679,511.0624665
527.4997283,444.9958725
605.787864,845.5347165
439.6458685,446.9766719
530.5611818,636.3301663
428.1987946,578.9981614
576.8125304,482.7368248
800.7720148,484.0211905
226.1281189,544.5860167
709.0878476,380.6676257
656.8363587,418.4429901
767.2454581,360.1051345
576.725927,482.6135302
723.8797497,450.7190314
357.568832,954.5948087
616.1463811,693.0804657
685.1355988,547.7642424
421.7487692,447.7771151
773.0342059,306.7441723
528.3937908,482.3331139
819.2657051,314.2324224
415.3320159,434.637163
721.2708927,389.4702869
534.2566931,805.2404317
406.4363181,984.3754143
918.5419805,850.9618096
700.6744081,502.2515314
353.2714716,301.4923785
808.7719573,412.9162125
367.4810294,454.4180781
427.9102067,949.20148
571.8119016,487.4358927
660.4296417,355.8995792
924.554465,500.2281295
798.5612097,486.8435731
700.7594235,627.7655069
342.6569345,558.5052258
352.960832,301.6169267
340.246317,472.6353603
466.6990299,201.6751809
714.2212203,503.5554746
743.5752058,387.0979368
730.1796237,519.1688194
477.0824449,667.5165517
616.7311673,266.7636503
700.8590901,534.1426244
466.1786757,480.5078275
666.7762554,320.4860343
220.4637557,524.5197962
646.2263757,479.755837
749.737632,881.6332035
672.1512816,20.25982292
765.4470114,852.1333276
791.2389636,171.6096041
557.9591987,551.3136891
545.0902478,298.0296204
593.0612146,498.2649227
534.0443718,759.1275866
542.6364709,478.3665007
551.1373976,728.882469
647.9636113,875.4880306
497.5898843,349.6996019
396.3301957,658.6523582
453.0678016,623.7300485
581.1113739,606.1989202
973.8629976,907.7179801
472.4210838,451.6700776
416.2964876,584.6417983
776.7452072,550.8017063
500.8007702,751.6063242
303.9228357,669.2532274
772.2034668,546.5291654
706.0771186,266.2372299
728.4369951,434.7030831
185.34998,657.2216729
475.6981544,520.427611
503.6973463,540.8673299
833.5526981,189.0661623
534.8229931,412.2938684
550.5923102,323.7121696
865.1092343,521.6584048
451.3660853,510.9517918
816.2125957,233.2942152
494.2758114,706.3520073
685.5100112,428.7819968
325.625749,430.823242
212.4850558,736.0572279
897.0787582,545.1766231
494.3997616,578.8719416
673.9491889,396.0038345
654.2670956,474.6837513
825.547033,846.2943123
770.5874999,300.1214288
753.5916838,426.5073881
619.9316117,527.0118262
402.6130066,673.7157352
733.2205537,430.4296437
780.8084793,146.7633729
512.0339199,791.3867875
470.7695677,658.179614
789.9215019,452.0201331
666.7297553,377.5385005
747.5280852,287.8998239
743.3265413,303.3272135
532.2937285,715.3467665
469.7340726,394.114007
739.8816121,466.2288473
413.8167342,396.3853353
474.6254172,345.3196666
467.6833511,386.9807641
599.2761331,567.9801883
758.3293716,352.5872359
682.5747999,389.4421846
575.6649797,503.7092115
465.770422,935.0813975
509.1781062,331.3616994
610.9553028,526.2670232
619.2472039,571.0357044
753.768381,508.0967521
785.5486239,291.2440721
774.8655502,415.8855415
585.6818322,521.7253487
720.4123794,299.6555587
910.8162895,848.1765136
556.7991242,482.9051874
645.3158944,603.8853445
493.726919,698.2292528
307.1816448,659.3412074
903.2689286,628.6824961
332.2074697,338.195429
550.0648551,513.9323408
574.2518663,737.048035
456.1220644,478.6587638
906.1283975,466.1407797
797.3075657,567.2116708
397.0011957,924.9710531
820.969309,719.2296163
906.387144,417.8244069
524.5431845,750.7726179
771.3661811,305.2165604
577.1674079,743.6831268
677.1222786,521.246002
818.9435453,422.4459795
257.8912089,581.2513747
609.2204342,388.9982531
804.8207707,330.3123269
832.0387347,236.2022834
701.7429207,235.0729501
473.9050109,596.6023346
399.893727,273.2836588
736.2880295,404.4476648
428.7951609,499.2401848
655.7922047,589.9474773
672.1259642,559.5965741
586.404201,312.7239285
448.9545839,716.7260947
782.6944432,596.785699
781.8997476,295.7518986
937.5349921,480.2303572
223.9880526,391.7072657
452.5172014,413.6001934
338.6701837,596.5390053
709.307824,426.8345231
554.1576243,451.3721104
571.1764507,523.3805174
942.9785699,480.2224175
425.4158321,574.691856
273.4358157,364.3163311
683.6501137,820.8153736
503.2598803,497.9517449
470.8207418,365.5338782
892.495012,423.0150026
878.4198759,441.5204527
588.5896438,558.648077
811.9367027,571.3262125
522.1537796,633.1099022
822.1421321,316.0445876
696.6562429,201.5234498
528.0836755,703.5196165
787.1160983,303.2801396
437.7884728,490.8809746
625.0926387,663.6562882
588.4963141,531.4465452
524.4925048,477.3843645
627.2309672,577.1578105
818.873211,615.0625705
453.9965294,618.5989794
515.9150119,532.7635888
916.2667734,596.5757576
586.1835355,671.8943559
492.6396056,428.0717104
353.9981998,546.8820207
531.3951568,477.3408844
862.2920559,415.1797683
438.2837793,549.422984
786.9497977,289.504325
477.1255594,742.9266441
689.3823694,434.4962549
606.1108177,512.4311597
505.2298558,729.1927635
516.2354038,585.9703126
192.9784613,775.1887493
765.5720252,766.8673569
475.7972666,609.1636316
598.5574046,691.8591159
444.9610468,573.1632204
598.1667532,899.0473471
714.127561,184.5552643
566.9172761,423.343224
484.0834751,243.1176244
510.0519148,432.5081636
682.8487068,563.1791584
515.4201248,733.8267471
592.3504109,471.0625342
451.618375,276.5480925
511.9673157,729.4472924
537.7974238,486.1558103
801.6659125,259.2583508
861.3295316,468.1344496
665.7557709,199.5654038
824.5790558,419.5686879
686.549641,542.1165521
68.01542801,600.8499491
529.9275137,424.0504807
510.8598384,569.113972
531.6557609,175.7221608
505.0754648,358.8155245
632.5368576,602.387987
621.3009365,837.0384844
781.2641319,577.1837815
531.3581844,610.0511396
644.3195288,687.1172156
467.0680043,751.372334
775.6682305,765.0351755
431.3032428,331.38462
478.1950607,224.2855824
718.2011399,207.8963446
602.1940567,576.8971806
609.3262877,652.4091514
394.9494405,274.3558265
141.303669,693.818311
499.1658378,546.9007833
407.5086807,474.0846411
556.9935735,997.2525636
593.2134034,821.2176219
540.7690681,479.0779779
538.3653717,699.7118592
660.1945048,223.0514874
348.5563447,273.2954011
945.8226237,588.9178494
413.5176747,818.2368849
462.2445072,447.7312531
558.0005305,556.0851333
482.8297562,403.516635
651.8280448,610.22506
437.5076748,506.9672517
765.6708079,480.2705569
497.9317436,664.4441116
565.4722988,788.9745302
676.2324407,229.9952857
740.9375409,286.996353
595.5421515,664.1765868
697.1582308,410.9724579
598.8157766,584.8329979
735.754702,905.9316816
439.9338423,273.6910052
272.6340642,721.3039574
586.524466,471.1980935
426.7969917,368.6169951
613.4942599,555.4580881
660.2721647,664.9790358
515.0637941,675.8853731
536.0121451,703.4631196
616.8561212,257.9502915
262.8477346,457.2532895
747.0025777,535.5373305
510.7574453,183.308821
514.8135268,283.7031067
582.7215582,236.7125112
396.4562731,744.8865914
766.8442453,311.8694746
673.2019822,421.6472705
645.126958,478.5944943
717.5088822,455.457735
571.8430914,595.0486264
617.8993614,710.6410335
531.9928563,544.0934861
326.7991264,465.2491557
733.0502532,504.46256
657.7968306,560.1375994
279.7961218,606.2660103
420.6828483,592.0679729
766.6426801,541.6698834
569.008041,744.1742993
968.3345242,592.2941905
608.5749013,903.2665461
485.3119515,399.2396855
581.7286531,603.48529
669.6746891,624.5538093
512.239365,615.3992957
678.7149056,341.2894734
769.1937566,449.2753711
476.4235044,784.9509604
692.2920237,468.010173
656.8770163,624.4209244
917.6971745,852.2846199
827.8507333,582.314182
529.1155903,355.1782192
650.6813929,574.8065005
269.9764751,823.4596779
573.1902448,629.9853319
749.008402,767.3091364
597.7804761,318.2894433
783.6565929,418.0039477
181.8570227,652.9000523
837.5633281,779.2718039
494.1968931,560.2952643
785.8311747,605.5641442
787.9490696,342.0802637
705.5552663,495.0596604
413.1157129,499.560383
692.1743503,560.2095369
559.3290779,436.8573849
879.328964,721.1847162
577.2257128,489.0933598
568.9798473,349.4504218
507.736964,544.7237699
704.5074271,260.482166
481.2992242,272.5141384
291.7059492,296.744816
372.0961002,439.9011587
509.1491336,493.2307593
315.2467833,718.6126001
786.3814903,303.485756
747.9107969,883.8411607
933.7441887,867.3760155
444.6882785,535.7637362
666.8967301,512.329344
974.1050405,583.5905662
419.9197769,295.7899881
604.5214265,640.2661283
400.306445,335.882313
553.7066306,423.4062816
952.3344445,869.3032222
508.1697111,452.7643092
342.7878208,514.6701026
414.3450731,717.6193066
462.2937487,547.7895449
700.8053244,150.119238
755.5740783,557.502948
568.0284537,334.1114341
238.8008378,760.7473821
553.3486371,696.2294609
464.9858534,294.7936859
723.5354935,499.4645429
781.3234255,311.9078566
561.710498,456.5351889
521.3448823,678.1932865
722.6330868,473.6741815
752.9616859,386.7364524
666.3205728,461.0561785
706.3861403,546.311556
632.0135821,566.1246475
402.013839,929.2000931
673.5078279,565.7137283
403.1017216,324.5645759
552.1907497,671.2066558
654.4141311,554.3320351
395.4997562,432.8770027
524.0072653,335.9237664
508.0275294,568.4871775
691.9850544,555.9865979
825.0710815,235.19029
481.1325191,266.0064364
517.2597384,554.4816768
690.4332647,556.4830775
494.5310823,571.4041674
492.2838891,696.4956067
498.9917322,680.9840776
452.3451032,398.3565652
384.3597415,348.0140326
688.4871085,406.4242645
494.9334187,340.6982193
567.7645389,488.8574056
398.7231659,423.3032959
865.1983694,669.4911665
566.8555707,422.5312055
642.8804539,566.7591937
469.2505109,402.9649956
594.7948698,558.5787303
621.4677764,557.9440589
801.4854551,447.2984998
687.2816424,437.6335704
465.8000238,516.4459333
664.0760462,813.7901937
237.6586502,531.0400972
520.172239,218.676483
691.6444534,716.7911999
693.5009503,556.9342592
486.4719662,407.3982938
406.9604025,803.4353496
677.2880998,365.981111
336.5637041,299.9669188
410.021107,599.1152375
273.0668563,357.5997951
293.1028684,320.0359182
532.2714222,463.2130921
652.9974523,494.5721652
896.6781296,491.8080137
487.7693238,420.1608404
531.0205197,915.6106725
673.1604557,482.7867402
554.3780351,458.470168
477.1810029,328.0235313
469.1016628,660.4243026
718.3962184,508.3005716
544.7994127,460.3363228
444.5356402,544.7248564
634.344023,594.5212448
653.8161769,296.4586539
432.596211,795.9443623
610.5522174,285.2323482
791.1549519,348.462122
732.1048969,585.781871
328.4467026,575.3167491
788.9811641,397.7392983
906.5400818,487.0121028
406.4727961,285.1510712
696.4707669,546.3425624
762.407145,348.2295526
791.6414049,459.8700766
790.3945022,539.8228674
222.9841966,541.861083
672.4146271,529.6309117
525.3383445,633.1779952
536.0508403,561.0988208
686.9019718,732.9122025
449.4715375,213.6084298
911.718097,480.4159781
509.3129324,562.2311001
672.9307118,501.6429354
752.5135536,147.5320575
680.6184568,390.1949064
282.4259068,673.4554396
977.7336929,607.6919944
696.0389336,236.7247968
557.291824,455.7963824
452.5910412,323.4438091
385.8246731,613.0643248
502.366447,533.5137406
507.833949,769.0302044
647.3040116,583.9411023
829.2748126,418.1330926
683.1477214,561.7138311
483.8830335,678.7902446
723.50718,471.9942744
901.28192,586.8908955
520.4187911,372.0335778
710.8545801,276.7958099
791.5521649,344.7691346
273.1998549,720.449796
732.7150154,530.7581765
488.0749148,824.5965957
432.4536997,410.6818245
231.5018118,655.7244408
529.3420085,490.3099458
834.7884551,431.3814838
448.0294814,865.5628475
667.6386787,430.9133781
712.9356824,212.9261412
709.8691354,154.8160285
370.0344279,479.2683
826.5567314,683.377426
793.3356608,436.1277509
445.09824,380.1940666
659.9435633,564.9516461
428.9331929,725.5669916
548.785759,556.9611914
519.1997526,501.2135251
700.4114221,193.3759778
910.9954735,854.9800515
960.5962943,966.8792831
176.791123,741.5668726
118.5239138,674.6246802
883.7407619,530.3739595
682.0249337,431.440885
186.0773074,739.2344716
569.7206723,713.4967208
505.4199458,318.2256335
476.5775658,829.3899576
873.0778372,497.3092382
439.383317,325.9482918
560.1725805,566.3503429
834.6351727,743.6364499
751.3543629,543.7222651
778.8882396,559.9253597
542.7268194,475.0692427
714.3003033,507.3289659
837.9127976,363.8441928
562.8510528,488.4741706
359.710636,710.2870499
841.4827257,468.9182823
625.7912182,472.5700879
552.2563651,747.7584089
469.6276497,325.2264094
783.1684022,258.261965
616.7620575,690.7630247
695.2732706,244.4819299
505.4843627,501.0977732
767.5708985,225.7682725
701.6326179,266.6038542
545.7759888,194.4231565
632.4524264,973.1194394
513.4269741,798.9333524
579.7139303,363.0222707
880.7497625,436.5791416
468.3559241,414.7216707
665.8341948,323.9501088
665.7235624,555.4917899
573.2815071,804.6661852
769.7408363,451.8826515
579.5082005,729.8839738
486.5036803,382.6762347
707.5715172,526.6798648
534.0823927,756.7850312
730.309701,442.9945972
913.2458726,598.1673464
483.3656904,436.1701236
735.8542786,582.2545092
603.8910691,856.37645
653.4450903,555.9634267
797.3278346,163.6308917
550.4263242,684.2768434
833.8272491,312.7876129
419.8547757,414.5155738
455.2010817,244.4765184
823.6790459,565.3445131
527.2758719,457.706289
444.2897322,370.2422021
748.9170797,523.7757872
542.3393889,464.2710102
764.7583042,367.8773112
649.390447,268.3871858
559.6722105,566.3593063
322.7214279,419.9213551
232.0799615,523.4190039
634.6774781,433.2582527
713.956122,545.2386151
821.7565442,638.333928
627.6291689,469.8275616
663.8905253,370.9810503
739.0294506,353.4597003
610.4818082,487.5455436
482.4423406,678.3028121
878.785929,578.8339984
185.5429013,510.1042538
194.0368619,732.2150584
701.0888189,390.2554776
575.5893871,304.0973606
810.6416671,609.4189545
741.7389628,294.5866906
531.6557609,175.7221608
613.9338233,521.295207
351.5696803,544.4816729
608.5290454,805.0563987
532.9536128,366.4711762
631.4123172,167.6454563
458.6249181,416.755018
484.9365954,586.753999
499.2865372,411.6037655
451.7733503,517.4302215
509.4998315,506.144055
954.5194229,867.735139
440.2922702,884.3129438
816.0414114,376.877064
497.1879375,549.878261
951.5672834,866.2886789
400.696647,837.1748795
440.7882808,816.21879
709.1757243,157.99135
906.9161271,465.7638338
695.0423583,494.4091096
493.1839888,980.1670384
653.0934635,608.7592521
468.0218547,696.4742532
678.5886483,559.469832
689.5167911,197.0272193
534.3613182,613.5104084
742.1153676,612.2378478
160.3935157,538.0212328
907.8271028,447.9753142
934.7764331,863.6539021
641.7692163,529.8714207
467.7761415,303.6312189
520.8222511,389.6086668
352.0328982,652.533031
214.2343958,516.4876165
405.8395773,474.2298951
767.2803481,297.2076356
726.7893141,344.5491224
719.6550906,504.9491777
563.3512879,688.4034199
873.783128,778.9862477
626.294854,914.746315
553.8621601,560.15047
630.2825485,525.2962324
545.1500657,288.5670898
527.7565123,351.9128452
699.3781891,553.1029128
463.2321091,957.6734752
693.8416411,474.6476049
721.3209132,322.576004
534.0026505,683.6926932
592.882495,402.4109953
601.5090797,730.6275649
641.8301878,484.2548463
636.7986987,302.5528248
672.4025976,382.0511953
820.3472059,313.6499647
458.0196683,430.3539453
707.3068984,406.9934338
419.4530236,401.1218658
445.6166467,578.9926663
591.4235557,509.2221783
636.1428442,602.4472837
664.4917453,902.3214756
309.4035356,366.5656582
472.5886278,412.4279651
596.149169,398.4195811
545.8506376,367.792127
655.2003476,287.4547223
556.4469581,449.9504722
924.5483978,494.5633271
570.7445724,374.3773242
794.6464411,541.3455692
457.3593795,320.5180019
375.4449883,568.1463988
719.7755054,313.6932985
471.3772144,922.3604715
619.9832201,802.0108489
696.7664558,756.3661514
605.6958227,507.453932
514.9819097,504.2285698
875.4710621,724.9242969
764.8514841,444.7241689
442.3702715,901.8883671
473.8277555,681.4497806
358.4047394,641.0777497
388.0988914,488.7414865
607.8568469,636.8631684
258.6964958,417.8441725
807.7593676,289.1546874
447.4150335,888.1275125
725.0314051,303.2653259
497.8193435,669.8142272
645.5041118,627.6176621
379.2290503,733.4579707
524.2001117,677.1748577
376.4347923,460.978725
589.6921176,531.2485133
480.1188658,326.6509936
509.9020031,426.7679344
569.2475223,477.739748
545.1976294,760.2388885
333.6527765,579.7309712
557.3541137,664.2059217
844.7186893,584.8700009
561.5973339,508.0217641
650.9036164,908.7152643
569.8734454,656.0202767
538.7160246,817.548746
736.0445933,730.1480929
440.0874243,569.0034644
610.5869426,374.498801
464.9070549,256.761348
723.1435687,161.0756787
403.0440909,469.3993422
509.0765072,558.4647753
733.0033038,356.0256736
795.2393918,252.5951777
404.6908881,448.9727864
209.9671915,546.2628524
655.8091928,500.6482211
445.3303807,523.554605
603.9476212,551.3024482
600.8077587,637.8043735
711.9196921,631.4570527
637.1047991,597.9413794
432.3131959,789.2889826
854.7794352,810.3068552
774.0198304,557.3610579
544.4957541,543.9300544
689.1147394,425.1358951
777.7467261,156.2000996
811.0581153,417.1924307
898.1338631,642.2127871
758.256865,497.4569995
960.7526178,465.77403
685.4996146,154.4893323
713.4106452,482.9468706
471.4805512,765.7048442
640.7099468,637.7706299
560.1348442,536.7307661
753.5921332,278.6391905
208.6501493,758.314816
633.8866626,453.080642
486.6810217,314.3395661
591.8395394,367.5288645
804.3847727,742.0205825
767.4440421,417.9034692
781.8228517,316.0203716
304.3401827,307.8349773
658.1736548,301.1177518
555.9997097,488.2371717
270.4995258,364.8226099
555.2286686,470.3822097
712.6421508,330.2291067
473.12994,760.741887
557.0832929,315.1917634
453.2710746,751.9792584
879.0121824,580.9251173
913.8492198,436.782188
628.7922846,646.2985788
549.4416435,300.3102882
596.5617522,800.6965215
511.270519,375.4514769
273.9798544,718.6100928
605.5469745,571.3679375
793.6160244,456.0782613
727.7632835,542.8631101
514.5891011,669.9995765
416.3805592,942.6967241
610.3343982,590.3398846
598.1865427,342.4618062
276.1597394,418.159189
481.8287466,797.1785618
596.3444123,390.4765972
433.8190996,990.886313
621.4008577,915.8450179
657.1693794,905.342099
496.5440824,447.0844005
493.7358624,558.9150586
669.2281148,563.341817
725.6197867,502.4638337
543.8735013,859.9871992
337.2575647,277.3194515
688.599943,542.5354737
538.2337513,623.9490369
427.8014169,500.1079898
609.8044264,643.4171711
610.8781822,494.4761788
469.7860705,407.2919232
429.8460712,641.3482624
499.1110834,482.4069319
653.4161326,867.3232586
505.6898978,539.3457355
572.4317575,760.0068415
484.2811453,674.4012832
570.7836271,483.735885
542.6482307,306.4873242
693.825402,544.8997378
602.6699183,492.1467239
759.0979558,462.4579258
269.5621392,723.6958641
820.8564894,332.0380332
219.9388323,513.3286131
426.2023182,579.9336207
368.0198698,589.0252855
446.8461268,436.9836464
964.1015208,915.2879044
852.5546531,457.3107058
506.2882864,304.2740599
703.066959,231.1639412
427.73309,438.3296281
966.2507253,582.6533936
594.9663238,255.1326309
421.6676638,553.7638896
316.855095,540.6128637
576.8776964,596.2236336
603.7459662,719.5965122
441.0785017,365.7910815
578.0233296,470.5878887
710.1010515,164.3174844
579.8715721,609.4422929
608.4276561,589.619026
819.8030024,508.5320545
579.2995045,519.6988336
720.0298325,541.8340464
494.8214231,985.0158316
518.7322802,494.9411087
772.8385282,668.855116
586.2508587,417.8330361
530.6779413,318.0529459
705.2791872,327.8305975
577.8429321,611.7941878
637.893847,293.4213989
598.5802052,340.9280307
686.5645019,200.1619022
229.4615618,771.8671709
518.384144,414.2857832
552.346429,397.1965807
327.7192553,574.1754437
338.2490166,315.0953174
460.2556859,650.4313608
593.7126499,324.6484647
476.8894937,600.4046177
679.6401279,431.8799483
950.4560459,497.9800351
283.0923377,717.612746
302.4786523,313.3386881
373.0593735,574.7053116
528.3251642,573.7351685
462.2642667,514.7487052
646.4201959,578.2483648
627.7225735,591.7514729
389.6051098,823.2832294
720.7079784,576.6303453
256.6812636,688.2783075
648.4466037,557.133691
492.7108538,447.4433777
547.7955954,544.481443
804.4629569,606.6515227
593.5816887,614.920158
494.1889084,540.0115388
569.8922162,487.6326292
508.7734479,552.4923737
213.2970691,538.5643683
813.1388281,383.9608302
656.1753657,411.9021087
972.9935483,578.7559181
633.6822361,509.5308013
705.7755424,297.2247268
462.068514,659.0739124
917.9332552,907.668796
765.9675304,350.6345179
208.033664,496.2575673
471.8002091,402.1555053
487.2405953,579.8124155
518.921711,405.2700884
769.4372976,547.8740605
621.3967979,436.5968178
962.2661767,560.2099756
779.3560566,319.0479735
823.4545004,197.5421273
631.4638807,557.3746597
459.1767018,558.5948813
549.7206439,486.6666022
646.7272551,389.6238149
426.7966172,251.781049
509.4370774,203.5856306
435.1325315,594.8355718
637.1899494,533.8080931
653.1178821,255.2243549
663.0412701,491.6459193
910.7769202,445.1742224
928.4840794,525.9981403
768.404484,198.2229742
636.3021338,476.1594001
468.5371305,391.1456391
724.3601804,282.9033947
554.1054615,258.4381419
576.32407,306.8965929
638.7303687,449.4736328
523.0204274,906.4052824
518.2326443,409.2099575
784.7159073,685.224254
697.6023033,953.4591236
655.1341929,535.3334483
501.1634527,311.6291536
420.7343668,595.9270664
702.4730645,553.6978442
487.3574747,388.4750712
603.1392633,686.0549306
322.3820554,312.8632278
880.0024059,581.6409822
571.3839183,477.1020887
671.8598173,417.8213355
717.8716696,349.3937786
551.2243155,446.3311147
453.429016,610.6400953
679.1718466,348.6338485
719.5497914,561.2992137
491.3144289,848.8520325
496.374516,429.7816837
813.3493217,499.94834
480.5271045,401.0185458
475.5659798,409.6915398
871.026861,789.0737969
746.4799913,317.777962
505.2158938,277.6028765
472.9037166,628.4761276
461.9184974,815.5182611
156.2908444,718.4269583
469.5000442,668.587236
598.9090014,669.7819671
510.1919543,228.819777
481.9025714,393.8254003
843.6605283,961.3597348
389.8057012,315.085748
663.5889341,493.089308
638.3089769,665.8642246
594.4987166,713.510281
460.0333875,237.0834605
828.9113511,761.8432852
665.3944666,21.90648788
841.9268132,717.2891003
399.7899108,431.4120724
837.4327414,249.2185022
467.3197248,536.2814022
421.8576788,344.5736309
613.9802334,596.2866286
631.5327919,532.2718312
454.7240516,387.9167458
979.1235713,948.2297699
656.0109377,418.9446723
579.9695757,338.6303971
620.5354233,474.7872594
404.9653044,796.669922
506.8974462,378.4104007
433.2272276,369.8657786
799.3314119,455.377231
411.5822446,652.2225694
505.1130364,459.6479959
444.313207,641.078878
323.4068543,367.5455587
687.0269557,475.8155709
282.6616429,631.6987736
704.6716154,540.4899243
729.1625698,474.778484
449.6543169,488.9359664
615.081329,765.9243759
760.9323861,66.41403777
898.90035,858.0653205
580.2419396,476.7533912
437.434599,320.5081609
610.3697376,528.9813846
717.7432401,403.3141318
546.638517,469.6808241
644.5184124,596.5383576
754.7068762,364.4194422
505.3865239,663.2036439
213.645445,515.8241324
712.8773776,302.2649912
800.4653751,333.1082996
492.8995805,578.9089864
511.9377588,361.3736835
788.5054673,680.9988914
954.4840684,493.1564817
916.3063674,605.4729635
435.6759261,334.2752628
491.3804038,591.9722164
771.1404521,357.871039
230.9375791,412.942685
548.7496106,554.3678681
497.4967194,570.6379901
755.683707,56.76876953
586.041144,819.7078117
623.9565332,771.7368351
499.1693433,448.7954603
583.9961452,413.3644482
624.7128183,964.4291871
604.2094837,564.3359462
772.4312931,465.0713699
527.8564185,558.7482212
724.8389932,345.445343
824.8879875,495.6030049
334.63921,357.8451307
415.764778,349.0699867
473.5291904,682.6373868
721.7149803,322.7854648
620.5681561,395.2237419
686.5044143,385.1793803
730.6930568,431.9156977
799.0779985,458.6466583
461.852103,516.0764465
736.8154546,556.7576018
864.2033221,666.5791493
702.7996435,533.7772538
627.5640629,559.7014821
719.2212648,419.0500817
668.3892411,362.4414844
626.5463048,447.8707196
616.1818254,706.9672266
393.8603445,411.3428431
671.821257,578.1156262
165.259618,756.0775656
752.9946284,493.7910278
551.7749307,672.5937565
304.7320326,313.5109579
699.9606682,608.3842703
642.3186031,476.1691993
703.8102558,544.0121881
274.0948612,418.005076
770.4099788,458.1821881
741.0286385,318.0548681
538.9357764,539.5708249
499.1040574,417.130961
621.3405454,649.859935
660.0083697,523.1994305
615.9646653,257.2901713
607.534118,368.3790351
203.3950885,703.1467241
494.4814363,613.6604053
584.7216749,728.3124849
401.3260157,752.9989199
673.6703384,427.8722578
710.3812203,202.4849637
451.6776237,865.5069983
727.9980309,502.9048402
759.0171949,281.0875523
235.9851574,385.8861773
845.4137183,565.4237217
750.0584584,349.6137281
727.7697252,447.1007186
580.7538897,316.9256184
435.2706834,559.3144654
536.6457983,465.0930995
748.9647782,389.9509916
263.5132666,494.8741439
421.5281486,362.1027534
799.1545199,373.6797831
433.9779848,887.1737711
540.8102201,682.6803028
618.9300328,551.4127677
542.6421186,478.7952006
734.9527857,858.0702723
620.5157686,467.8366705
677.5631003,267.6665988
511.1136112,412.4349854
688.8415066,231.946771
215.4950357,652.410217
539.4372549,560.1398141
785.3733498,604.435772
560.4083766,468.0989301
669.7277807,553.2684547
604.575372,497.9267558
709.4472343,543.301275
842.8321412,120.5291216
948.961827,511.247586
381.9852274,327.5453756
393.3672251,390.235524
491.7117617,719.4238037
369.0103779,447.6724788
417.9849311,612.9364544
674.1024714,531.4482793
745.2923073,324.5357633
583.7550909,623.5876569
581.0431218,487.1117456
602.7366423,403.0199465
613.0102488,160.6339619
916.7889103,902.3926609
598.3629703,302.5867564
784.8197535,302.2164548
451.6631823,782.9395306
479.1748876,305.21585
499.6514368,477.7136933
359.9116619,772.2080749
881.8456448,874.4419593
611.0390598,554.5018394
342.0078362,277.9385571
127.5750662,716.0077433
295.4305678,663.5443181
251.201807,731.3130502
633.9039652,657.327939
698.9745194,519.971352
333.9562404,513.0121131
542.7012923,474.5136127
453.7831145,741.7625435
776.7999316,440.7808315
779.8557674,633.3196137
828.284619,560.8081874
751.9941581,495.9424045
547.937118,300.7318843
627.7726689,647.0612251
579.6200313,350.7977824
449.72946,318.7350464
571.8249797,718.1280509
391.5281958,449.2738458
518.7763833,674.5167426
617.9209635,591.5389407
582.3931216,704.5784749
611.4458904,596.2587562
579.4271699,402.1554427
592.7243289,452.4062931
720.5409437,209.359875
702.6132838,568.4488373
536.3595174,352.8605901
599.6670542,496.1684133
422.551854,579.9687432
795.0557435,528.5163921
798.0050816,320.6986501
619.5777378,144.1879555
573.2255093,628.8971804
794.9361077,276.5153727
928.4432121,523.8660904
418.9954534,774.2837741
450.5308969,412.7816143
478.4169097,228.447574
815.3209601,448.7326743
598.8055597,576.0360825
609.715516,651.0478546
302.8293802,826.6113267
755.1838614,344.2775233
566.9684052,520.3578464
448.1767116,848.000065
559.6556569,371.22321
794.0361878,617.4400813
727.7339364,165.2692409
858.3327048,798.7912325
920.1929423,502.6375034
574.4830932,210.5046907
433.8912616,886.6138786
686.2279157,617.2663908
908.5213528,465.9602569
195.5055087,665.12406
601.5055143,807.7798907
620.5864625,824.0553197
417.0857152,726.8497275
562.8245519,397.0787185
634.6390377,602.6738357
422.1940252,572.144708
681.8635617,329.4372717
610.7011105,265.7661363
417.1255339,843.8488547
688.9201702,652.9426131
822.1901452,376.7415047
586.3884863,356.2778623
525.8058468,351.6446727
614.7047445,928.1134041
624.3710789,567.6038901
571.9510572,462.675577
514.5774461,435.1585689
614.5519115,746.4689033
619.3164147,571.2024373
572.5646662,542.7901488
638.2884383,465.6851058
389.6465913,584.1452351
452.8807677,342.2194167
491.8589319,700.8537288
605.3146091,575.1955022
809.9246014,332.9888704
835.8177632,356.1058224
707.8521355,329.4708272
215.4869162,517.1416775
724.8295254,538.060952
852.5327663,145.4908331
201.4099075,523.093624
654.9367774,571.0979263
480.1680773,520.5238689
466.5073371,521.8117029
282.8952967,718.2657831
509.6765887,430.6501365
905.4721385,423.5647823
744.9694136,536.2610725
413.1705122,657.3409977
529.0928047,315.3669374
603.1240129,642.5112766
448.7630258,822.8068497
282.379976,709.148001
517.1081189,428.9231138
217.3133019,526.9167174
235.6491256,757.4487451
620.8511563,673.8517959
610.6246191,556.1508027
517.42917,433.5392958
587.0817027,291.4121004
350.4034637,274.7296383
329.2846025,449.0504279
697.3895625,513.9223327
429.8345211,388.0622088
609.5714467,561.0009122
859.4032697,526.3542968
543.5484203,477.8182461
223.4045997,522.879671
408.3131288,423.5671851
899.713322,586.2631399
696.1541201,574.7689125
881.9287277,602.8964179
572.2269116,521.8935024
932.413514,735.5657211
494.444464,600.2357327
835.7876221,568.0624265
859.5307554,579.9267675
455.1991791,412.5196473
802.9989691,535.9831843
405.2899509,423.7129406
233.8855839,782.6194578
757.7785017,641.1803176
912.4227437,690.0402438
602.1133258,863.4302962
744.3490183,446.0411917
490.4661773,989.455962
789.3393973,646.4023794
435.9539077,657.6862267
550.807343,894.6869058
647.3948245,267.8468082
614.9800746,232.9800553
479.7336224,685.9795247
555.0820526,440.6000579
859.8220099,523.3811442
496.9541638,351.893017
420.3643738,958.0746788
492.7638105,583.2701173
457.9635506,424.4370378
816.3911805,495.1687263
472.7144656,538.5266132
626.7099988,529.3969842
690.1626686,548.2325153
497.3810086,240.2870305
179.9653062,517.9649368
590.3579943,890.0672136
538.9119421,622.3542096
218.8365533,522.4920484
401.6609539,491.1483741
432.1274353,992.2747091
493.6015006,380.2005855
571.379454,768.8674831
776.7330878,187.4685143
419.3492224,645.5245245
654.5231006,574.3852806
698.7930733,516.1378326
477.9829042,361.2233523
481.0791129,413.0393399
770.0883134,284.6193019
905.4464316,571.0141211
519.6199609,466.8364194
721.0455382,478.914985
420.0916953,511.0321495
868.4871849,417.0227518
871.251886,332.5462552
657.4547315,422.1101945
527.4507714,930.3054611
790.1661665,647.799154
667.7677223,321.3761122
654.0089035,573.0563483
395.8446116,241.2491921
424.0117371,487.0565858
415.736884,302.4474989
584.7283713,534.1599454
556.2315658,274.7592031
532.3225213,506.5318657
405.5066315,668.6973048
437.5188504,519.9499567
582.0882346,708.0337112
548.1813032,519.4846926
757.963618,276.1743851
683.4040709,618.3291772
632.1426557,426.0050583
574.8000546,630.6117294
512.3520797,553.8596879
706.4277267,226.2546812
439.1745311,501.7216007
864.3057001,714.7356424
400.4999955,854.4573292
858.8591861,614.0508695
249.7628969,743.7438652
758.5402847,354.8580628
495.9097252,449.3263103
710.7455507,305.8312992
490.4534737,738.7127105
270.061056,724.6519874
685.566788,526.7909991
382.0600559,441.7771754
781.3231109,331.3876496
273.8994231,681.0225641
516.6783828,565.8484309
505.3481284,511.6296927
641.30095,897.7067353
864.2332385,720.1549003
454.0009337,761.9302245
757.3456047,67.50714115
441.9669465,419.766678
775.5603545,523.3741239
903.7881743,515.9948978
680.0750173,396.9869109
763.4291276,523.7434226
463.486601,384.054163
585.052868,587.1827199
636.5506035,529.4140544
733.2185912,512.1171879
778.5454515,146.1666864
626.3941759,458.7591299
602.0470512,341.2856289
456.6173859,771.8721436
613.6095513,562.6668622
775.8822146,397.9788254
380.28041,457.6956331
213.5276369,382.8116478
431.9132864,644.0266446
706.9142695,435.2378193
582.1069755,466.007665
817.1734122,242.4551432
451.2767704,229.6049887
673.9698174,399.5831385
692.5234004,549.9139059
703.4809203,542.8061953
673.7401784,121.3382358
693.3164181,479.4217862
476.4950372,234.5444612
611.7582078,596.4608623
730.7043223,320.7889115
833.1119812,391.1932144
599.027244,760.1088452
612.2060555,560.666548
683.6618136,404.1064265
732.1740627,305.1616514
467.5008863,435.0691224
552.07417,749.9686436
768.7028993,346.2738676
727.8072519,526.9379038
519.6920779,547.5133909
773.9854797,468.4314766
479.4669811,511.0775519
561.0617593,651.8015375
441.4182787,599.2099493
851.2160237,522.3479853
543.8228516,576.6771057
385.215783,817.9688586
436.8231772,328.3132663
767.6593146,464.4526822
619.7649365,541.2211672
504.3591632,444.3164673
769.3925653,444.1005712
281.6729025,716.7116779
517.3351062,472.8480806
437.8551069,231.8504295
836.2132085,733.9264525
501.1561272,705.2505255
801.8481077,461.2892076
322.6590932,329.0890339
649.2866009,570.3340682
955.6318738,872.3496286
640.605891,625.3069489
624.17627,466.0117602
511.745991,401.9419702
702.3513764,722.4547487
405.2364249,333.2986635
579.6444498,597.0373027
674.9208814,18.66378376
415.4777031,567.6295895
918.7503619,858.6796831
330.7653686,572.3690035
509.4441333,786.240842
453.471651,632.6261261
862.4433159,488.3736503
505.093187,621.7142728
682.755452,560.0122154
634.5839986,545.2444863
745.1324784,131.7486994
409.3828548,298.3271279
860.5672992,480.7212581
350.9049722,602.1563578
927.9068135,981.8539449
589.8250862,547.9134245
624.00555,563.5625605
969.5583266,920.5805247
725.6695226,498.0476685
444.1985597,538.9675778
510.3249678,729.7315322
595.6999581,837.0970499
443.7828756,223.0578809
441.6820437,271.8695423
530.7929031,624.9220633
541.8487863,349.5534076
904.0201502,850.8990445
379.5377723,589.3473224
705.3629742,478.6316645
398.2323237,415.8975346
623.6016407,867.2842916
508.4886051,415.0659595
550.5784381,536.5954576
353.6117879,823.556709
640.3941988,367.7803637
414.9635958,234.3249504
641.7883467,887.4294491
928.7945542,488.2806518
510.7393637,533.499679
512.343331,449.4125392
683.0731475,362.1053651
545.3279763,471.3927824
736.462165,238.8860981
650.341511,548.8036486
808.793125,336.9143645
548.9728678,302.1611906
559.9910296,619.6630821
650.5710002,163.7027875
785.0030422,670.4665957
647.5186699,875.5678033
562.8632021,520.2932426
648.4376003,504.9583501
717.8025037,408.1769657
817.2879545,543.5058258
526.0078015,185.9111705
870.5178322,414.8387598
446.9137646,232.8666226
723.6551592,326.8099958
698.4917667,795.8628972
496.2148968,255.6704594
718.8897871,454.3496298
449.4651707,834.4883904
660.5266566,554.4257858
606.3179107,548.4031345
533.5044228,344.2268975
620.7148021,897.7059204
799.3478307,277.0060229
560.3919877,836.316999
671.2048316,564.5846457
832.7512312,942.6701262
629.9683286,471.8054358
503.3817482,552.1303878
471.5335978,460.9649769
447.2254528,787.7871747
484.0974071,833.8621183
751.5298017,66.19789093
672.1997291,535.4307301
582.1167129,612.0227665
821.9617347,521.9854353
454.3160825,362.8159857
509.7832961,506.0707803
645.2365717,665.9266136
398.9952752,490.5103178
530.9196248,330.6285552
479.8492583,779.3133618
458.2724075,496.6572457
192.0060198,774.1419049
845.6096807,719.3675366
814.1187149,450.1299294
688.1525597,577.1258847
789.3691939,299.9965671
530.6824355,468.1896094
488.5620868,599.9119408
977.7799683,536.0445077
705.2377656,417.6662614
289.9572234,624.5060042
502.539444,738.3892946
489.5012412,846.5284069
788.0244823,159.9955087
555.1598623,443.4941064
924.1710941,948.3886049
205.5055679,515.7347694
745.0914612,530.5737465
418.4934356,591.8354661
567.8706921,562.4445934
555.2503157,397.4287113
416.2810425,381.1373194
505.2772997,410.85493
459.0311045,612.5692033
426.9974632,488.4884829
457.1839256,624.8966773
699.9836935,522.0374818
595.0043598,755.6788483
470.1944291,682.5336906
532.4851217,458.8527343
522.9249405,547.7408831
482.7276928,366.1689258
690.1770201,475.0617836
923.0608004,461.6129369
672.561318,504.4408095
781.4473308,422.1910328
495.8936359,345.0558191
558.7096264,360.2941402
875.6191313,405.3959947
609.8297587,680.0634947
393.2363389,485.568923
648.0072051,524.7701881
331.6546223,403.3216118
645.1386429,307.6386587
623.3969296,594.1076093
571.9421886,481.7714664
974.1731877,577.1475516
805.2378181,496.8557164
728.9072539,557.9836109
481.4249871,588.1349361
495.2066814,626.4562985
421.4230591,576.834311
486.8605652,519.1467764
642.5939182,495.6403004
552.5894458,400.3220703
721.6510726,470.4343816
308.2317911,664.6360216
216.8374702,802.4670451
637.3273672,482.0596343
566.1785634,190.3159695
807.4540612,438.9905213
90.64790805,545.3392399
419.7871978,408.157221
645.353466,613.0484037
825.2124243,419.335617
579.5184772,394.7499739
660.5273607,886.492172
457.4408295,495.7115693
519.429841,545.7803717
164.5352717,697.3444192
648.1417317,355.6627475
172.9773542,556.5271009
606.909573,489.0594282
805.2810973,459.6385519
431.8989948,583.8714004
681.6823553,572.1488032
473.9442453,434.5344906
684.464449,425.1747995
626.5403875,969.1939035
605.0061866,564.4190619
575.1330154,447.3264349
688.7447613,573.4516181
757.8762657,460.650817
738.9688387,483.8343368
282.583219,677.0531929
650.071589,556.5839948
587.975106,479.5621511
864.5444474,487.6159559
887.4444226,520.7205427
543.800006,336.2121224
540.905722,477.0483288
705.6727299,795.4462112
712.3701315,628.5174765
802.3759972,598.295551
490.9734534,251.9203064
473.3608074,739.1321126
493.4615211,324.1414128
639.6810881,589.1395122
669.2956327,383.9604541
550.7527684,324.537581
702.3409349,481.1430422
459.6852512,249.9652901
702.0192995,363.5999855
547.4632488,776.0327144
517.5256606,532.9396821
633.6305078,875.1290326
439.1589662,885.3705485
178.1092738,656.2853779
859.4317031,527.522033
806.5422765,565.4526179
523.4095209,488.5604204
559.3808961,460.1444755
734.9589278,363.6179125
476.4460503,407.3903542
645.5883931,836.6316395
558.5003462,550.7914265
604.652927,488.0325374
439.6933723,534.5047775
269.8270277,487.6483622
295.6295264,677.5847323
594.817191,199.9481164
693.5814565,549.5789984
833.0046146,515.5575478
400.2120816,390.7451458
621.2870943,475.3884589
449.1307568,524.5938858
972.7395208,964.9092859
467.6193236,272.6702363
725.8426394,155.4147417
489.4534977,680.6212351
889.1578988,442.1857755
625.3636693,536.5654958
405.7286004,761.5611765
751.2861408,369.3234788
753.595429,307.0662091
563.7815333,489.0383672
635.5229882,861.0876781
711.2682719,533.7730959
414.1079588,524.6147378
791.9040013,569.1398804
384.0694457,331.9061095
717.7283343,389.7049457
587.641531,357.6290674
503.6195067,241.058682
811.3380144,759.9818942
887.5109069,645.8026216
869.9336003,800.7587642
449.7487102,982.4984782
809.7603232,472.9392822
814.9527198,315.3396083
455.0498966,411.1401937
610.5136271,591.9890359
862.0448146,811.6415959
884.6285624,674.9946057
366.4662375,604.5648124
481.6641987,285.0964756
462.8901748,277.7867633
651.6651597,587.3397998
462.0069584,933.9975919
824.939581,302.6422296
735.5417216,408.6282728
586.9509362,333.4664202
557.2696976,241.9788052
213.3319291,380.6755027
691.3752355,373.5159127
592.8776712,895.0384448
865.8483815,430.6792834
727.6688303,446.9260879
485.1363329,692.0600729
713.2865601,487.2748221
500.7989276,463.9827378
644.6181389,567.9742126
224.2131524,668.1298906
486.0937637,518.5427979
402.864098,353.7796269
293.6325706,701.8735993
777.1972345,454.1648446
941.3533599,873.5596331
497.9530012,204.0949808
691.1842017,415.994085
773.8726751,417.8410593
776.210816,448.3432339
582.8863907,664.6167156
704.5825253,187.7862261
483.5936665,579.7121877
871.6285754,603.5597348
792.06022,436.8303692
787.1576547,456.8712455
651.9855817,487.5470689
773.050475,420.8002757
823.8839368,200.4769814
784.8159634,59.51819082
944.3822754,989.4786319
949.4742265,868.8593533
728.3458975,539.5834657
705.8272557,510.1582435
630.2397337,540.516564
487.4787134,398.8555312
555.78998,713.9131352
505.7202037,698.1897216
582.3127652,557.2499862
697.0590736,567.296667
718.2113417,519.2592271
603.6372663,526.6092436
450.7814938,538.3964654
513.7128057,565.1073888
551.119241,404.9454607
593.7305668,742.8373438
382.3406742,604.3924591
605.8868564,933.4209426
580.4308611,336.1172434
577.3055898,332.0757257
508.9701293,568.7716681
471.2675558,376.6804111
617.9249334,529.5106049
504.8146211,618.2494462
442.7790796,546.2021767
749.2621749,636.6597668
872.1829208,603.8813956
854.6707054,570.2274051
559.9252194,477.5625681
342.4721028,274.5856379
633.8341403,544.8961859
213.2670777,521.8514012
430.7153556,600.9415269
839.777324,567.8567057
357.204981,526.3823155
525.1551007,594.0476857
600.2612782,243.3926083
477.8458159,250.9968193
601.1029382,304.5760387
584.3309785,388.3855828
445.4949286,430.8580303
519.8916956,332.9866557
672.193662,388.5242553
469.5631429,433.9999425
393.5618093,451.4475372
556.3891926,581.0272046
893.7590376,572.2272596
484.3082304,225.516815
238.1639638,676.4617716
498.8041291,538.2852056
513.8696984,727.9557224
574.9542209,722.1136984
141.9242889,698.5527522
697.4761659,143.4382216
736.853206,503.3028053
745.9648953,269.3303758
451.7310598,510.5219427
623.2547928,535.6359077
266.026412,712.9737061
549.3083004,548.0921296
619.2451665,632.1686762
491.4660933,564.7296281
867.6621834,527.0133932
873.1271386,561.3731152
871.6962731,792.7669932
295.1749224,673.776787
716.842706,455.7251971
479.9327307,671.6354184
481.7041372,341.847548
500.2798168,455.2752272
968.5366286,511.0502018
469.7322149,613.3922746
818.5627962,412.5354012
671.6838092,577.0081269
763.7904468,305.2650133
515.5781261,735.4233086
548.1548773,465.1602106
551.3300043,556.6240692
782.9780126,566.3339412
390.7007374,242.5600094
556.182534,857.3776204
746.0619552,324.9436321
697.3157976,570.2406518
276.817856,766.5203101
495.5151338,392.0706515
831.401606,738.7845435
432.2038069,549.8992593
403.4413638,988.9637657
415.9176559,440.7540247
530.4562571,454.0962919
703.2932722,536.4319423
617.1680791,725.4505084
848.1883816,521.6707948
447.6014981,426.4585174
673.5781922,444.1672852
583.973809,462.2167272
831.0560464,758.7835694
514.2308978,359.040008
909.0909935,456.8200138
498.5076912,557.3166793
682.3610404,346.1138626
409.7861949,330.9342949
625.6383103,743.9967643
293.652405,662.1788425
699.5797692,143.1441198
588.1085989,765.6590658
940.4187147,874.1392493
482.3304349,778.911594
438.1897156,563.1690667
588.1520129,547.8809137
944.962058,559.5433157
759.0308423,55.03428774
185.3536203,528.3471937
441.3003657,518.272745
779.4965455,491.3080031
522.2710035,475.9853543
640.5891126,574.3773409
466.6117824,301.3847543
565.2402629,414.1369982
486.7384127,426.860515
778.3871206,923.6501442
696.7650626,512.3609773
601.9372278,561.0559675
751.8535793,278.6812289
367.2196613,267.4999495
657.4329646,559.3022843
721.394828,795.8482297
582.4682048,343.8797044
835.5373097,906.7006169
458.7840579,397.4927927
489.1038784,567.3103107
873.0138247,862.5684877
657.2726413,387.79015
573.2147682,549.809959
347.8435186,549.9376622
387.853268,917.8533135
384.5282143,508.6194326
577.3840886,758.9446192
701.038349,503.6273912
653.073749,566.467432
522.6254466,547.693663
575.4513251,405.5531373
707.2138533,464.6678053
619.1140705,524.3298293
395.6243056,428.3554907
649.1536173,675.0289134
298.0372676,416.9879635
849.1638791,506.7014402
780.0199258,471.8375915
444.4452318,642.999524
478.8291483,687.6092866
469.9925943,400.7436036
839.1168704,563.5399742
748.4911038,354.2225764
590.6337588,416.392865
836.7298625,469.7399746
796.4460263,342.6538833
460.4962907,363.577462
330.1481493,594.34839
450.2250212,363.2750236
807.0410136,199.9092747
812.6589517,531.8406449
545.8055757,413.3609589
561.8474665,339.5248626
968.7290556,531.1839722
743.2072801,319.3726221
617.7989009,602.4400127
548.0575477,656.1430072
383.2523839,845.2697198
708.5512393,209.4818115
635.635613,551.4533645
484.3950285,394.1196274
430.7183368,535.6796594
615.6550595,291.8253389
388.000723,850.0835367
966.1986375,932.943372
679.6309298,430.6232879
534.0446264,464.7793993
860.3189044,360.3053184
274.1910222,364.0360192
352.8957409,499.0979186
495.4022244,564.62238
640.4417625,770.9345114
486.5499556,680.6116239
661.5808477,465.8110748
650.2206318,571.7973687
431.8330648,640.3013344
677.6557409,404.8489102
654.6117713,475.4224114
602.0440251,527.2927231
607.7199684,807.7717421
514.1000415,416.2954788
424.3565476,875.1255851
457.3407734,532.858217
400.0336466,409.7070848
741.2840892,297.2426119
278.3871431,298.4590725
389.6581564,845.9580258
639.9063827,554.2538294
583.4952958,456.3925257
666.0154461,472.0836374
708.6519695,271.4721414
776.5583081,630.6831446
240.7710081,517.1633862
640.5998837,481.9510908
978.2860309,911.930493
657.7815502,672.6288373
603.0628468,712.6976984
775.7906976,294.5114936
807.8734905,785.736966
496.387744,450.9780316
604.9773488,292.7879184
539.1053278,361.4954737
446.6335658,504.091151
162.2632405,718.3675989
955.4662174,867.056674
567.4137661,362.7126448
711.9893224,550.1850871
557.9064368,482.939913
409.8806481,441.8566974
686.4800707,629.5776303
596.7243076,535.4976949
380.3935142,909.8818305
713.5013982,604.8287226
763.7082328,231.2760367
734.4495694,308.370988
695.0757352,538.9356102
765.2416561,925.3015938
555.6584046,698.4666278
223.8151605,644.2677596
417.9427005,610.1546059
646.7313598,603.2799662
349.3885669,708.9022475
564.6781875,595.1354403
406.2573288,418.9486003
400.3536941,746.8574453
980.1411645,588.7445558
946.3761901,567.885184
410.7384873,606.9708015
345.7140287,471.3956448
811.0068663,431.37672
682.6150979,541.4810658
580.6436318,463.7552456
512.5001788,548.309927
775.1412847,152.5528488
235.1890537,326.6974198
794.9443621,335.2347291
579.9498462,606.2959721
491.3213949,982.4324746
515.673628,753.373463
745.9683259,448.8172735
622.4143762,551.8813123
480.8354221,301.7006066
503.9782343,497.8013927
469.0274035,726.1713461
519.2307177,609.7579571
564.5628212,297.7279551
705.0999133,404.9759239
465.2537231,613.4657374
296.3585915,318.6202556
668.8783456,484.4858278
663.5243973,701.3739229
408.5287009,357.2815401
791.4705801,558.9226848
596.7198733,668.374265
810.0829024,499.3174921
424.7481278,693.0391795
854.2649234,269.0405782
473.6600167,457.3641731
601.1245104,544.0576322
153.7240981,711.787646
297.8392229,665.3238679
746.0369374,314.3484669
507.7236012,443.3301106
822.8448313,957.3298968
481.7739323,737.9238006
491.0274588,432.398847
519.5864191,605.7025033
767.2890968,361.9355608
228.2492196,543.5682984
390.7492,906.7889979
788.0025506,624.2271549
644.3715418,871.4753465
936.4665843,609.2473115
483.4791241,706.4902828
660.7990055,885.3558601
704.5971315,393.2115391
477.1659773,279.7044841
714.3019662,648.3833877
821.133003,308.7747198
834.9784701,736.1413674
381.2698995,447.3534297
638.1159357,791.0299624
920.2883992,860.8421127
691.9455803,241.0756269
481.0409721,375.7134439
761.7523091,368.6064855
769.3079094,421.1195546
680.4335202,443.6148519
599.4943418,557.9513926
516.5266584,501.5092148
504.8645667,672.9116982
550.6565774,341.3346041
491.0864378,601.528038
426.4833709,579.800903
769.7623935,656.7125317
830.8101684,307.5544983
297.3888135,665.5834948
476.0448075,592.6107114
793.9573145,432.2037402
720.8257865,453.0338607
508.6678939,429.3785579
632.9363925,565.7934592
835.7103517,389.6293308
672.3913471,563.4370512
709.5153365,817.544024
694.3307306,555.222698
614.3058836,374.7735342
556.9461147,444.5947316
793.6463903,517.175421
661.9592898,371.6181246
653.429001,913.5467992
672.3079646,839.3682528
705.9716246,265.3638671
154.0260788,523.1761338
750.8838344,911.7583277
461.9248792,511.7423732
789.8270487,530.5101038
476.160803,774.0098558
384.727847,664.6847251
378.5081796,592.4475932
801.6865559,457.5347087
497.1208539,510.5213786
523.3284604,198.8241946
521.0752599,803.0175771
465.1130694,245.6971369
731.700613,557.9158313
706.166044,415.9930612
455.9659507,501.4454468
524.9533558,811.2543076
776.7176876,661.8492839
772.6537713,304.551363
522.9937918,354.5863383
493.3500498,291.4814262
793.5152943,311.8944428
406.6426321,815.5750297
637.5922108,480.6747275
479.5600711,383.5902361
469.8195224,434.8012842
404.7742856,476.0788125
710.7058519,507.7540722
510.8792383,419.8259329
543.9851523,571.1301655
513.0208626,534.0607624
476.8125079,401.9710127
896.1928752,418.4312478
575.1600556,984.0132403
521.1827164,920.1593256
430.961758,275.4636392
462.00958,459.792853
473.8239654,286.3904942
838.0831729,380.7478789
45.53561618,613.2633387
318.8278869,442.018959
825.0033987,308.5047505
324.0764611,592.7331912
502.658121,249.1775712
773.1409583,791.0221899
539.6224612,475.1093798
448.1119651,527.9499808
282.5918329,608.261895
471.6362605,396.0206959
798.6476932,504.4314282
452.6065013,291.6981372
504.3278686,244.7725842
710.968688,470.3251277
284.7458912,622.4485871
900.6227098,861.3712285
632.5455763,584.3666054
488.1145837,462.4241613
481.4278184,449.1049191
887.3721408,643.6566146
393.1894193,756.210346
601.9937199,724.6908708
563.6284007,276.0208989
568.8779936,688.7704621
224.4753145,809.6133466
828.4882365,392.0028091
633.8215715,831.8934165
511.3979747,232.8551101
705.6205821,479.3181527
208.3425808,494.9136124
552.053212,404.6293995
733.5801202,530.2588553
574.6137398,350.6860004
574.0819104,504.020488
513.1782198,698.1917901
557.1725029,562.0321907
622.5327985,573.2972335
867.8915976,727.0536306
816.364425,636.1216248
498.1330691,268.4814588
876.900909,934.7490809
565.2282784,375.4137217
775.3773654,649.5824229
195.4022918,777.2034175
906.0006872,847.3189047
421.4531253,938.8841612
831.8041071,502.5088391
647.8818018,540.7317288
543.7448471,776.2586814
430.2749683,566.5280033
606.9095131,801.4020649
759.0949447,268.3629698
715.0990737,508.9712641
565.0300539,660.8123849
793.1122538,343.8976105
694.5204011,563.4703559
666.8456459,588.8445747
649.1500219,611.0560918
426.311917,878.1979208
679.259963,469.4509709
884.6027357,522.9205185
482.2250607,860.3130387
531.5735768,409.3726161
614.2456014,274.4967137
289.2150651,302.1991965
732.9541971,568.1118404
598.8708905,413.925824
167.3175601,685.3976311
538.2059921,475.5513473
290.4902962,682.3680442
836.3713746,205.732557
736.5052345,289.3931071
540.0486768,462.4117504
793.9963991,312.3469617
616.3693836,528.7613515
689.2139565,436.1447585
824.5589367,581.981155
617.1641841,257.7915818
667.9613178,976.4210015
479.8030729,661.7106114
376.7303313,962.0532433
664.531579,431.7711331
509.6805136,462.600986
645.2193289,633.8563976
501.4949604,379.8262305
704.5205951,575.832472
785.0381569,628.5048984
634.2745276,534.8903316
556.0363225,393.8931172
556.0598122,381.6425326
214.1066555,514.3599752
489.8967464,566.2203414
876.4903482,434.6553406
770.5744218,432.5035043
675.473519,426.0239045
491.7864254,517.028203
417.0988233,317.407723
452.8873293,526.3120704
414.9136052,894.1317772
487.7314076,708.7634497
225.2569769,655.2060226
752.2539682,425.6186475
562.3190136,719.2144891
821.2157263,640.5264865
565.3517941,454.2051698
738.3663454,568.0406969
711.8988839,580.5600809
827.7724293,847.0978269
550.3045012,455.1043782
588.2967713,276.133475
415.3658722,226.6272812
522.8230718,469.4542095
745.7159312,746.6741645
437.6441339,397.3660715
641.0131859,574.9646669
769.7177511,764.0187526
475.3808185,715.0633833
876.9977591,680.9941276
452.3454927,887.7985806
746.5597485,626.7023444
514.600786,566.9497873
560.7191659,615.8348071
514.7217101,557.2156158
483.5214746,495.2157792
703.1083356,421.9127477
547.0403739,323.8920656
654.6460921,607.7188013
215.6046644,653.284123
539.907289,570.2947042
527.9790204,760.5460281
153.2056914,698.4917213
697.6203401,520.4097885
582.682953,726.3901256
618.9221379,742.0700382
485.0999748,444.9667883
963.8160638,549.4295447
463.2797477,290.4399933
680.5767206,620.3249365
423.3982179,584.5092686
424.8129642,525.9909319
774.981306,466.5195433
627.5808113,222.694725
686.2277809,386.7303096
459.0219363,538.2257835
768.1400898,304.6123313
513.5127386,553.7074971
483.3006292,748.9960977
240.8614615,668.1015377
740.3701623,572.6167836
248.8919047,524.7934429
545.7047856,317.2473209
800.6793593,448.0890394
675.1192706,873.9386056
684.5126419,566.2370356
629.3156649,239.8883132
480.1034506,602.1296764
729.0169275,457.3269612
603.2508095,575.8652962
581.6603562,486.72569
921.3914723,516.4576129
670.614997,17.93525711
626.3782065,828.1611277
574.8319185,242.9271978
408.6047129,597.3782903
785.765724,661.878389
913.4698788,860.4470101
335.8061307,611.2440111
544.121911,559.3436959
747.3059965,368.8214623
497.4916709,635.2053252
794.3702272,569.8320517
650.3603268,568.8173838
505.6644456,799.4676081
370.196429,402.9358905
436.9356821,509.1342988
510.3130882,729.1315445
502.563443,214.019161
782.8711104,302.917715
557.4784834,467.2472342
665.3340046,394.1831447
183.5885806,542.4508745
439.7754814,534.4737919
508.2002268,543.1790251
415.84085,450.9759004
751.7491639,536.3987211
406.8597173,408.6593002
534.9356778,336.8859489
581.6427089,366.8212526
928.2405533,878.4860051
650.6958792,888.3857395
475.1626996,665.3930683
433.3270589,568.7778527
722.1419449,305.0764672
448.0028757,571.142869
752.1531482,357.6289211
567.939049,484.2065607
621.347062,629.4687315
563.4025069,393.4966774
423.6714807,430.6552555
428.5381971,218.1964469
559.8227365,206.9233391
522.4632956,550.3041193
891.2114216,711.567592
412.2361816,841.341614
473.1956453,461.5591352
520.6393518,682.572783
515.32299,580.3400478
747.1009708,532.3642865
661.686117,547.1370301
642.813655,480.9061477
419.345642,693.0915603
544.6867579,373.2158561
532.924805,563.1397317
597.1222247,543.655363
714.5599337,208.8491249
668.7496615,520.4930087
419.7232003,955.7678519
536.5412481,513.013116
317.018804,827.6893029
836.4602101,382.1556645
642.9787871,562.9921794
551.3500335,360.2319601
485.134715,346.5115143
624.4508211,566.6812805
810.3778572,449.0235585
593.0067448,469.432647
659.0892895,490.4003326
807.1855173,748.8753939
454.0223262,632.2164813
659.69394,564.3938222
661.4527328,471.5996314
682.8518677,386.2444441
658.5801857,460.3826236
597.6555522,577.0589617
543.7023319,557.4351683
631.4276574,631.5307662
396.0290239,927.2260633
517.9683549,310.7860869
547.2074685,259.9626823
458.1771303,615.649019
576.2871277,476.2732715
601.8491114,544.5583951
702.814055,191.9041526
623.8166585,596.6329232
497.6163852,454.2754776
859.7208903,593.1092804
571.2286734,474.0474918
496.2708946,628.8945059
788.7949541,566.1345094
684.7968555,386.3350607
308.5837324,666.8382121
690.6221712,618.3861756
416.8188942,591.7672268
904.384151,844.448132
567.3636257,568.3934477
613.6831214,270.3576218
529.2248445,466.8798368
728.3596198,321.0454253
655.2374698,911.8806403
484.3005902,614.8351828
434.2002383,585.9613701
283.0430063,677.973922
263.1182109,519.5168273
486.4334508,810.4008984
384.5977397,644.7689403
865.982234,978.6795218
858.0771941,617.4393918
789.0547792,303.551885
620.3861407,463.4850673
464.8200471,353.8733567
784.2744564,272.7854868
278.8695512,673.5980192
810.4409858,434.9442608
851.5790507,524.5003022
887.2960089,682.2589157
430.4058995,266.2491394
683.5137295,150.1354726
667.5121068,995.3117133
976.6092275,588.9708571
594.3112183,236.7050312
640.6148794,873.4787739
648.2429113,949.2763636
674.2224966,314.5310164
601.8678073,506.593607
456.0171697,492.3150238
771.6021719,457.0109626
545.3255495,542.8520991
544.869792,461.883157
534.0839507,554.5434599
647.9077483,548.4093191
464.4895431,510.6370678
682.5510555,50.1923895
596.3491762,540.5740848
852.6650458,942.2798918
528.424666,515.4528696
495.8308369,702.5863093
608.020481,654.4558917
573.801382,408.6182228
706.0893579,474.3326928
617.1837039,561.8081669
722.142604,309.0533184
796.7520668,447.5586282
231.0451555,565.9577684
533.8055196,483.2768681
972.9672123,900.1991622
562.8622883,730.0243177
428.5068276,577.1558464
545.5756521,842.5328348
778.5756975,564.0479663
725.53961,781.2665185
412.9529926,290.5498113
607.6704422,560.7416196
409.8355412,878.9361631
616.6763379,647.1576293
397.2234941,295.1488813
752.0017384,626.7210444
495.0024797,452.0433252
491.2801231,337.3057272
648.1627047,497.2172217
251.2342852,722.0187986
740.0052328,747.8483569
761.0345694,275.268031
555.1853145,598.9499463
703.8844551,470.5046058
863.9089516,714.0851751
894.2157688,425.761039
432.9945775,729.3623798
529.7924628,714.021637
601.6635755,378.9282547
857.5706371,504.9696955
478.5227782,321.5523936
657.815901,879.1074508
868.3925069,698.2543881
534.8117276,689.4130106
744.3388314,317.4047561
811.1386664,369.6373043
640.9209049,400.4147345
691.6355849,621.4830615
974.3672775,902.265104
339.34409,491.6003707
571.7918424,371.6335651
433.1464517,231.667859
659.6275606,460.980313
521.7069656,479.9161137
481.7612286,830.5194789
579.6949797,685.2146637
632.6488831,242.1184806
539.6866984,425.7970182
346.740101,794.9063142
590.2485004,532.4176285
230.6114645,548.4774748
910.5461128,646.2255548
573.1750993,508.185551
621.9130474,881.587237
524.2805431,348.6945243
196.7956756,544.105709
691.2097138,473.513278
662.337717,554.0800762
536.9336223,482.2692623
919.3649446,857.9426945
401.1717895,448.5329918
303.6488239,661.7420358
706.6723763,208.9291693
476.8639067,347.7344729
373.6483542,778.166394
421.5261412,548.0785904
837.4003831,394.2818055
511.3929262,452.7359145
770.5461682,466.7738423
503.8204427,717.2649261
581.9657675,602.3662992
711.8760384,194.4325379
605.7640597,575.7151321
580.9474252,413.7925004
687.7537438,537.5140347
781.0173251,429.8707333
608.3213382,769.0961036
562.4044485,708.3625386
530.2347976,457.6022376
660.4521277,303.6291713
678.7622446,524.3904215
383.8552068,615.7858319
846.6787776,462.9026095
687.8632677,408.0093344
760.4031633,270.6806198
743.8738908,562.3428613
601.9857352,587.1975127
709.7056811,501.1647588
532.7800615,409.336031
556.63167,779.7580873
780.7234789,606.1858615
370.1812686,423.2598158
326.9974408,363.0277449
412.7483115,877.4591352
604.213843,489.5714946
212.3494506,756.6138479
222.8658941,520.5720919
494.3144466,564.3443873
430.4980158,410.3660349
348.8243493,464.5699803
487.1494378,585.7640904
444.8652453,579.4010992
561.8154527,390.8525611
143.2092875,699.2138962
540.1585451,194.5674494
465.737869,386.5271587
810.872175,420.528008
507.6644874,218.0732777
433.039939,278.8879108
904.8439533,644.3914303
427.9143263,838.9595901
873.8016441,696.336709
649.6496129,655.7504536
843.0613307,578.8639184
719.9807708,396.3265818
388.9947816,637.404904
600.6270317,558.3143605
588.5331816,467.5754557
602.4308564,190.4576089
636.6744339,527.5519112
472.8619655,667.4969324
227.3438318,658.2379496
532.3804966,465.6479774
321.8470051,669.4854416
475.9573053,351.4362357
631.8948002,431.9633148
649.2207458,896.1826336
664.5251822,523.2619866
854.8565258,579.8783982
470.6060984,617.5591136
580.8579455,388.478247
517.8292143,555.7680692
432.4480071,728.3233288
630.1444266,592.5110269
568.8669678,324.0401194
767.261023,307.5133374
834.4198402,579.231086
810.3018601,431.9330187
784.5035261,452.7727085
758.1327051,562.6354587
497.9116246,662.8709512
454.3486355,534.1646884
785.1542573,259.4120459
841.5263494,616.8424337
419.2244932,334.4937497
450.7735241,624.5941762
430.489312,349.3568383
508.7214799,923.04159
522.3274807,611.9012897
822.0070513,580.5050256
616.0253521,560.3324136
463.5545235,442.659836
410.4088073,726.1119031
569.8826286,236.2491692
328.7713041,430.3438745
507.6202644,428.1735679
560.1481021,457.7862706
356.0267498,294.7994317
423.5184829,957.4658739
744.8049106,440.3561431
510.5776771,685.5562781
452.3899404,367.9502516
697.0342955,385.6112979
713.3671263,205.3691085
299.2559916,667.7172789
592.5084272,229.9281956
923.0332959,491.9850473
578.8302045,188.204897
444.116106,322.5409859
543.1125272,669.8778698
680.1159445,146.9581871
518.9789073,281.1865473
671.5720982,563.030833
745.6542108,650.8742685
529.1069465,446.3978496
747.6915545,308.128306
646.6785978,816.829538
751.709585,632.0026955
668.463845,532.5756904
625.7787243,536.3440837
475.3626319,608.1840445
217.1360953,515.8763252
473.5618632,663.6739853
345.0605411,359.463965
549.0291952,724.645761
638.5178526,787.1696153
611.6965922,510.4110382
738.9070434,521.9123486
568.8174417,387.6063677
788.3287251,161.330521
691.1954822,255.2538779
413.2866275,648.699825
686.3307881,531.3090219
685.4743422,429.9633349
707.3240812,201.3852996
697.7597803,227.9179777
622.7329855,730.0434983
551.5392845,750.9582388
194.7498978,731.961825
321.5388972,328.2520055
730.08162,404.2533938
224.6184699,666.7300238
490.7261821,261.2966082
452.3322198,414.5670353
450.2438669,472.6356946
637.5942782,566.6238642
348.3307805,552.0533731
531.3908723,780.4193566
459.1845966,776.2308926
789.8158731,452.1719895
473.3987835,392.1649245
522.5251809,523.1379608
595.165492,562.230139
591.0232118,284.6992209
428.9632292,363.0461941
585.8594283,281.4772852
552.9214777,691.628218
520.3469138,491.7552568
482.5915333,224.0726533
636.4364057,467.6831843
417.9313452,383.2228805
470.4112746,278.9371785
810.2940852,565.2888728
759.3310553,546.1720895
483.9758538,337.7837784
697.0671482,486.8533932
721.3476088,623.3226394
524.5584648,574.8123508
486.1589297,807.7997816
448.4561164,441.5716218
784.2137846,617.2492369
679.1002838,618.2653674
644.5884471,542.3376299
697.4336058,642.899129
519.551589,542.0487516
489.1896728,202.173729
677.712278,429.8509051
518.550879,333.0563575
206.656699,674.5850237
872.5547265,728.2199251
537.246449,462.3359057
610.1480534,593.13475
869.7110173,688.265625
583.2943598,993.3461874
630.1951811,562.5637719
937.2559318,854.843364
522.8170496,375.8672435
596.7974883,573.7393682
410.689036,873.1368043
541.9367079,473.5217818
633.8969243,519.1006845
602.1552118,588.6719079
640.9863855,851.4974024
727.8751893,398.526077
642.0834063,603.5812346
462.9748457,241.0485485
866.2427481,723.7433558
586.3371025,885.3129233
544.3665457,365.8407044
494.9964125,734.6923792
394.0393937,603.1152809
747.9674239,776.9950641
574.8344653,806.1441532
224.1395074,395.8248578
617.5030023,520.7132716
613.38944,593.7103337
494.1354723,563.7707886
744.8556802,429.7068838
483.0457778,260.8340602
400.9496259,388.15644
545.4753114,348.521753
322.096853,655.2932335
478.9406945,331.54287
790.3277333,477.1064346
611.1022933,383.2956955
420.5548832,432.1884459
699.5571933,162.0706646
623.537029,528.2217889
379.0680528,333.4462785
597.3758927,245.7107388
895.3695515,893.6980209
628.199274,484.8377429
557.4321032,481.332424
688.5547313,197.044206
716.0547218,395.6936027
422.716327,570.278198
701.2621904,470.5225954
664.2884723,658.0965192
387.6897239,485.5397343
782.9852033,306.8635597
661.4808066,640.7449943
599.1735603,720.8760096
450.6095904,635.1816942
460.3537495,644.2403886
242.8487398,516.6737389
950.4352976,872.1523698
392.7905435,327.5711377
564.7802809,402.8799159
678.2004238,346.0302663
566.1911322,491.2243232
790.8304552,362.9484736
484.0957593,520.5954721
510.9439999,344.9190479
692.5222619,252.2447879
503.5527378,545.6250677
493.8745237,390.4486203
470.753029,821.3893485
610.8734333,494.356666
424.7304506,566.1758375
940.539504,888.4337118
656.4919976,590.6112121
652.440695,486.6213252
714.8709627,5.580955392
730.3350633,438.7602711
751.2882082,211.2111534
671.2525901,437.5266566
496.5342102,723.1383327
474.9260497,403.2439285
477.5719539,984.2192328
555.3716892,270.7541452
517.6651009,636.3523556
600.0702594,305.8046595
206.455763,524.1869781
454.6409537,411.0204511
568.8026407,641.0738008
536.7685351,477.8261231
767.122182,944.6240979
423.1746761,438.6814178
390.3223252,427.6192333
677.8706389,531.2193246
597.6536646,547.6193018
796.6544077,587.7916084
520.1398058,468.9721257
788.954873,302.4128987
580.9827796,519.4352159
562.9597227,688.1875238
736.3061112,346.2533499
497.2958284,997.6659066
598.6591984,182.2407067
829.6374651,249.5355246
777.4684748,157.9909948
420.2220872,272.6489664
519.3409606,809.263897
634.7688154,795.1091099
634.958396,475.5124848
932.3306559,521.3919873
617.5335929,553.3218594
509.455234,490.167011
921.1863417,666.8665442
557.8724006,551.230657
706.8082062,556.8240024
697.1240598,434.8638612
690.2512194,478.9957816
768.2598155,260.2566797
492.9363131,624.2968568
435.6476875,638.8146536
533.692775,507.0579101
635.2234044,479.8267507
668.4960085,851.6900228
822.2160169,497.2593646
523.2890162,595.3747166
828.6246357,178.4366894
402.8008195,367.0665672
529.6490826,713.7608609
337.3297417,963.6378953
487.2744667,719.4710865
562.002247,421.7835192
416.8159879,950.6371589
871.6177444,535.1081082
727.5939568,345.3848763
389.0525321,347.1313511
420.7594146,401.3859223
524.0302907,349.7359989
718.4836008,462.6317208
643.1022729,475.2021276
370.1783174,401.3149041
715.282677,388.8680844
422.8946571,440.1507775
418.3661147,440.9082213
807.9443192,218.4963363
580.9028427,591.9386608
701.467306,608.2249338
569.069312,199.1960633
542.1667214,715.9520821
823.7733044,314.3572632
363.9079703,599.6479888
982.1750926,535.9239085
726.8662099,397.4104919
764.4858504,304.224249
599.1252626,382.6362857
537.5711704,483.1786043
550.1724015,479.3981761
808.2655651,421.6807633
605.7270574,556.0279051
777.827487,460.2158907
677.6118775,392.1636082
460.6510413,250.7952982
514.1001464,547.5309209
530.068482,574.361963
483.5222835,520.2410916
371.7932656,457.1037522
570.7072406,491.2950698
869.9827969,794.9669063
430.4871698,460.8899053
653.0345295,417.0862064
435.5011913,885.0501414
647.1150452,490.5779303
781.6860481,485.4255704
795.0502456,576.1138285
685.9809441,378.6996134
444.5048998,231.7161447
841.2312448,730.470861
406.6138992,243.9809999
482.4214126,611.8172964
690.5472378,573.1788072
599.6232956,781.0685076
507.9583786,194.1222015
560.8847625,471.5511995
499.7978281,546.2159666
671.3075692,565.4500897
563.6991246,692.6709881
857.9082719,474.7834149
369.0348115,454.8263647
754.7874274,327.2765554
421.8123023,454.0838601
528.0891884,542.4749651
667.2174966,483.6493427
622.4000097,573.0368962
701.9046822,258.753827
243.5357541,409.4343156
789.2447194,446.9272161
854.1700058,140.9260709
565.5423635,671.6819072
512.2171786,799.628031
802.3679525,392.7006218
704.5586311,264.343328
440.2092173,635.4715337
740.1098429,458.4919185
570.3288134,719.6538241
487.0032113,288.0825197
462.9891223,445.9817905
203.5240123,718.48684
603.8040763,710.291751
578.7263583,647.7474208
715.3479478,187.9849057
618.7920307,636.3238146
261.5057345,428.1269329
611.5010343,509.339748
427.6596397,393.1971432
717.3797337,214.6848181
509.0109068,625.0203898
814.7909134,500.9490925
441.1734044,480.1483488
599.2713243,421.0878795
443.3564802,420.7752031
635.6793866,718.6907431
437.6909635,871.8904654
810.8170161,647.1894924
405.2914639,459.02444
435.9631957,296.9542141
648.4914409,568.419962
687.759032,351.3647996
878.5738474,611.7719568
726.3655703,549.8452069
725.1125406,321.7861957
505.9885079,453.1722616
401.6509618,439.7448101
480.1157498,344.1651562
779.1102085,304.6688909
795.5864794,335.5979268
794.4995854,345.8859943
540.2139287,289.4267253
500.6521918,697.324779
613.7065512,552.7343662
594.7720692,188.0731195
562.4163581,558.5507744
763.8540099,369.2341576
532.2742536,403.4039963
489.1004179,206.8574608
532.072209,807.2618695
756.9455904,324.1480988
750.7497872,558.7492241
390.2314973,304.9726875
701.0155184,554.0912962
630.9464028,647.2295041
741.5369183,622.5707534
480.7014498,416.729235
452.2017081,411.5709204
805.873943,580.9062083
965.6437228,569.6060221
481.086049,612.5641888
499.9921876,247.3968095
646.5270831,664.5807364
514.9315896,433.5183184
680.0282925,528.9329527
817.5567081,835.3079098
267.5045266,714.5351868
751.6589502,641.4364135
460.8947471,463.6544119
737.1535987,751.6225587
724.3807039,478.5194018
701.9325463,489.263582
655.7510977,577.2613604
566.1658298,295.1984206
531.6647942,548.4710813
475.7336736,248.8250502
513.9559273,728.1275534
787.363025,651.2651506
527.949883,550.4576473
502.3941762,698.3357069
735.3438117,441.7215351
428.5271414,643.8859872
779.385224,439.5030265
439.653209,433.4344923
556.6629497,461.8670687
490.6461853,569.2536474
676.8478024,337.3667999
537.0875339,539.9623965
548.5683143,757.1076531
631.4480611,443.6723936
683.6975875,382.2314256
263.6089183,418.7667403
497.1246291,567.6869014
906.2822642,594.7529575
552.8430688,368.5873885
703.8174166,469.2274068
560.5198928,468.2214307
976.4682742,609.8293932
459.8946213,383.6182547
774.6340836,561.5070656
407.1169807,838.723615
628.2424484,868.7694262
963.1024737,582.9800271
411.1561489,439.7619848
627.9995964,472.7727583
885.9718958,689.6033117
494.3910728,765.8813136
511.4984801,339.59446
479.9601454,379.5178582
876.1215386,453.8492849
416.0420855,355.5056258
644.616461,519.6799664
724.651375,324.3955029
632.4148848,592.14037
530.5141425,351.356463
547.1272469,221.9451373
595.8042686,637.7407517
450.2202423,230.8385405
572.2812016,807.2600309
366.0633019,839.1299376
753.0045457,647.3662753
765.3063877,368.5458725
516.5542378,751.594352
810.3882538,622.3215525
809.5713119,412.268148
580.5196516,482.9568161
949.1434679,544.8628811
510.9514752,421.1907399
577.6730212,539.1405579
481.1720681,612.9496593
803.7218772,334.8362834
262.2825431,676.0665019
353.7306896,463.2445164
668.1514527,321.7623767
837.7723087,564.868217
821.7118118,333.8822077
701.9021505,540.4518975
670.2655275,350.8630757
877.2957849,437.7378516
700.493786,493.0928181
517.2311403,608.6617614
785.1843834,543.0760811
785.4691963,548.4807133
227.694245,543.2117658
470.9637474,476.6756243
504.2223446,461.0768634
786.2088528,541.3203921
326.9505213,323.7383496
499.4866492,378.3845133
560.6789278,261.6100786
746.4362477,429.8762911
445.0013449,498.2746384
483.0212094,404.5916025
526.3010934,373.9802993
480.7787801,400.2641943
518.1858296,410.5994819
443.2471961,502.1350482
219.3894456,661.2486067
520.4444231,418.8397852
589.6867246,386.7304559
460.6633104,625.4326881
401.7151391,430.6388329
641.0934974,315.1767407
547.7816634,707.0905212
317.2151109,717.4038075
634.8522728,973.2443846
647.7719484,266.5729313
252.3239505,754.0909368
563.1741563,509.9462963
622.443229,552.1557111
596.0869242,294.8321306
593.8601048,375.2519824
874.9567901,589.8622304
822.1327093,403.5470564
461.8515038,549.0667022
230.1637966,417.3992589
273.606266,598.3460306
514.6404848,282.3681988
530.792259,461.9440416
581.9749506,487.8884116
526.626489,402.2277145
578.2023488,459.8871887
650.1902959,490.3831161
750.4922991,491.477097
835.4097791,534.7309534
773.4182209,571.693986
228.0974353,771.6918088
137.3522427,703.4810465
701.3337532,432.9334161
178.3451298,708.9881003
641.7786392,566.5468495
558.5232666,448.2844177
568.0098177,356.2615442
864.3401857,526.1996406
434.1109834,341.0232022
540.066354,400.6512111
508.8543286,989.6309898
485.7926818,578.5985039
421.8055161,349.4383661
218.2226297,799.7636739
553.507762,312.3696315
596.0381172,560.777348
492.9133477,789.3330686
833.4672332,310.019429
900.8258629,426.9020938
465.3863471,458.3903326
560.4089608,310.5721339
219.5019805,385.24085
563.4350749,554.5087135
146.0883961,691.4162081
742.1491041,441.4695344
739.6051884,905.7399805
628.6517058,744.8331659
431.1451066,448.8826921
821.8409604,274.0689331
781.6871267,686.3651834
824.6043132,397.6740468
683.5663867,626.3111907
426.7126204,252.2719081
196.4946686,367.3809987
451.7074053,633.3326097
209.5970337,750.2039501
209.1939034,533.0111391
708.8430332,567.5066501
492.1681034,562.0623196
990.7014266,924.1609987
474.764483,281.3997064
754.2836268,275.2182409
486.3570792,862.2593005
459.959263,461.8753009
361.6529273,455.1144282
218.4560588,705.0870311
621.0803309,719.8340544
625.81694,472.3824403
518.7738516,350.1564458
586.7126983,543.6097935
587.9433319,532.9401209
538.4618024,457.5161341
492.7909855,700.7361801
633.448043,432.8269619
969.7417951,597.707034
805.6751643,519.9114703
805.299179,576.9855198
836.5175711,741.6313301
528.4909705,992.9574573
799.937171,319.1369813
649.8296658,563.2299931
719.5245339,202.6062943
528.6681921,515.18079
427.8745976,802.6097919
801.8831475,794.5768391
464.6940146,428.5588923
682.7681107,550.0529126
434.1565546,572.1625514
564.6767343,561.8769076
541.9600479,476.4820638
419.5342489,248.0049249
752.1285049,689.703435
772.7593403,440.6279094
497.8857529,315.5485258
418.503967,425.9922921
573.5717879,459.602907
436.9608197,576.9943788
774.7154137,432.1823449
217.8863432,641.7354045
451.3286935,499.8421156
668.9632712,640.7771082
546.6138587,521.9706633
702.4175311,315.7217149
480.726857,218.4086448
809.9758204,600.182349
801.1867851,668.9567855
505.0657424,407.4068603
717.339975,472.8755978
374.2422786,453.5698924
551.8478567,387.8724299
418.1194577,337.5744012
751.4778637,159.821254
631.3496979,577.5802631
655.6417386,295.432181
822.11274,371.1681965
599.7460024,699.9778379
747.5698065,629.6140691
561.8265984,244.8729582
295.9353571,665.2123783
545.7953289,746.7085767
228.037123,773.1918199
699.1503328,504.0523302
745.3622671,364.2852201
925.5419021,499.0693567
225.7391603,417.0516689
594.8753311,329.9976028
665.9979187,586.7873247
439.9741254,526.0207893
478.8601284,424.8009877
750.4111787,268.1410772
568.8019067,457.7170284
922.4171701,860.7655576
475.5832226,515.4745783
226.2723679,467.4023919
241.0680902,748.6061558
459.0145209,330.3232126
571.0833008,571.4763348
569.4879323,487.8615422
551.7442503,449.0293878
689.6250716,155.007249
305.2202083,371.1377542
831.184356,400.8242539
623.8652409,278.9275882
777.4994099,306.3474817
914.3377551,435.3890908
722.887354,272.5149533
468.8102884,385.6047163
848.3504127,237.6941459
831.4137853,408.253479
549.9989851,508.7336175
627.5153457,433.3403446
444.4965856,298.3014076
923.7255385,852.7096843
952.7729442,537.8730536
459.9939882,500.3079022
720.0862348,529.6599332
688.6901268,547.6898603
686.0019021,328.5553006
738.3901947,436.1203127
611.7798249,598.2887396
452.0059404,329.6057388
690.6500353,555.0035216
613.6235882,266.6495699
412.952663,407.6465545
696.7744255,231.9344018
584.1908642,472.6086998
638.8564911,541.0266455
592.217652,292.3510699
788.3022243,292.897632
490.4249055,750.1672605
547.2428979,473.3269675
683.7991266,638.8649242
459.3342837,416.8675314
646.9156372,904.4296856
586.6478619,612.9734365
579.6273569,475.3765494
833.4995616,732.5667646
446.1182601,278.0500675
784.2749508,461.3312042
700.6849545,198.7426459
461.5659269,644.2031558
509.6332495,208.907962
659.5844162,527.40906
752.7930932,484.772763
426.8549969,591.9283602
558.6690886,712.4619113
491.033526,430.6363674
219.5086619,525.6992956
761.6310255,874.3820566
748.0204555,729.0669826
873.8562488,523.9741952
510.0806178,533.3204725
663.8821212,898.1271404
657.4394812,686.8421481
435.4523243,494.7420739
935.5628293,528.1068936
550.633567,486.6867229
977.6944435,907.6359091
649.1804627,535.5174813
500.5388179,433.1618485
589.3188288,333.3031765
644.9570919,589.108067
489.8841626,675.4683528
832.0818191,438.2709999
559.9105233,519.4063197
484.9668563,283.2699564
847.7803226,925.0184613
224.1645551,786.4612094
396.2670371,332.3383196
729.1296871,435.9982926
810.427668,447.1893294
736.6509217,437.266382
542.3970196,565.1456455
494.1046421,597.6036722
568.2008515,575.3857406
428.7149393,826.5021772
498.8582393,546.5046569
224.2360579,515.6967426
632.5324233,585.9399121
509.2019705,558.2293852
150.0808395,439.6334668
597.3286286,199.3524119
571.5247817,193.0363692
816.5967905,557.4792543
738.0341037,429.540318
831.5369415,217.5973368
678.6029998,431.8627736
279.159113,716.6322186
465.5315549,281.8974396
391.9467413,451.3649647
610.0736743,632.8209612
482.2417792,257.4570713
694.9464968,475.1255516
708.6340076,575.5886408
595.1221229,224.6952272
791.241795,148.0452939
487.1936758,731.5387873
699.6333851,619.8269735
496.4886838,596.0793825
218.4976751,674.3359481
718.4279325,452.4695597
426.9569854,568.7798794
455.8981481,509.6302142
776.3727423,552.4403062
614.3445488,707.6622395
617.870194,815.0000101
792.7869931,501.6845142
453.6866838,621.0742107
293.6693931,666.715816
793.2501211,253.3923197
750.99977,438.5223529
456.3725266,556.5737777
798.2520832,319.5756894
456.7857839,535.1248233
849.3951959,527.9480795
490.2631291,282.8965833
777.5726206,551.5317373
649.4428195,511.0626337
774.1377134,677.0065996
620.1958261,543.6032747
906.3807023,641.9848143
503.4239638,307.5075916
733.7019432,520.4881613
557.6357807,437.0348782
408.0271174,648.1503795
700.4867151,232.1750781
711.331011,415.7288585
702.9154293,571.9542397
456.2464941,579.6389339
742.1331647,435.5335926
137.9769374,695.9739292
803.9651037,441.7563443
772.0361325,507.5512556
500.8156011,502.7474468
548.1276124,729.3089751
186.3627644,527.2282864
528.5042134,364.6937575
893.740896,626.1501201
836.2376869,373.0251371
369.6104594,780.3254179
474.9145445,405.785456
650.3604166,552.7328619
475.6129742,679.2725999
620.667568,599.0260626
518.6500512,402.1731815
396.7362322,324.572223
850.6206911,525.0639138
587.1891741,271.4006635
723.2530925,610.3691439
560.7146118,479.1276217
747.3113746,515.6361922
709.2926636,196.3459963
471.1993936,324.4196144
479.9009117,746.7522448
633.8907373,739.5290748
544.2776952,544.7401924
815.2301772,508.0521438
505.7112153,319.2769701
420.2663701,441.2957812
582.3106978,270.8661989
457.3453875,584.4172521
518.0664785,811.4455489
619.4616525,627.0742549
568.6624664,365.3582654
724.617249,911.3326574
998.6474386,950.2403221
702.0950418,415.1803951
564.9608731,691.0973053
720.9259474,155.0991819
473.9926929,407.0555094
483.0310517,690.5674583
593.7666552,286.0367196
475.1430749,586.4859728
596.2495696,637.4259441
674.7730669,528.2843659
479.8357158,335.5271176
709.2024648,584.7489628
528.7494473,748.2876082
436.4083619,630.8034722
440.0165656,437.3360839
641.8339479,870.9136572
874.4077478,511.0321704
647.6987827,575.3833587
511.8915434,610.0472951
573.8080933,523.7540994
499.8020377,476.9111189
832.6887767,430.8204422
359.7172725,622.6125829
386.8794034,611.196791
906.682683,646.0109332
144.8403699,701.7580145
577.4391426,368.8457619
781.9107584,188.0998219
576.6754721,678.4418397
577.9410257,461.9217061
557.6211445,466.4425913
692.1259627,435.2818426
787.2371273,460.902755
534.1924708,304.2634876
529.5666439,317.0736095
545.5774797,721.8286646
601.4912077,628.3559253
453.8964135,501.1254993
806.4328426,392.0095161
567.9400227,360.6440495
555.7671195,448.6188864
519.4774346,483.7158478
442.7515451,837.6614554
579.9269557,366.066734
538.4378033,546.2433167
844.3905373,237.9428036
455.8193047,407.0606075
560.4226232,272.0982046
493.4564426,742.3832788
651.6943721,571.8978472
572.5275141,250.230245
332.419012,259.978499
681.695029,398.5683453
831.2436196,445.4755744
543.6761756,450.3402887
617.5664905,551.8031902
636.1477878,542.7209484
417.9062076,757.1020744
986.4176537,933.9466945
556.7430065,451.178508
694.8953378,395.9434513
514.4933745,318.7941342
427.8228992,494.4305467
370.6437824,458.9095865
272.5628011,367.4906914
819.5554615,495.3916009
474.6540903,761.7307719
711.7355645,531.0784165
603.3562735,729.1380425
706.0016459,461.7567701
640.7748731,517.735397
188.853244,538.068432
467.7332218,280.5429124
764.0650279,129.5630359
668.8681588,475.1240473
784.3931634,630.6384318
607.525549,591.7007008
496.0460644,228.3367949
425.2800621,373.5462923
515.1046764,405.7562464
580.3147757,389.7075156
672.3116349,483.3026929
775.3130833,922.6566208
240.7213471,763.6733982
430.9818021,273.680621
255.8981331,671.2710924
490.7452825,324.0351049
487.7135507,680.7061477
589.3538087,572.4520356
683.0259883,523.4554845
249.0640927,523.0718108
370.888402,938.4820591
684.4222334,544.8130075
716.0316066,712.792055
320.6350524,656.2928787
591.3609214,466.8126631
723.8313471,531.054096
658.608679,475.6009702
855.306291,141.6649609
753.0758837,61.3026089
591.9433556,560.8454202
719.3697085,212.3405703
367.4385891,780.9746733
494.4508308,273.8726145
533.1448263,355.3617925
850.1264482,420.2409474
553.3565469,411.6265816
293.0919625,665.8924939
492.7378939,210.8494809
843.1856854,828.4009473
241.6831073,519.4910443
495.142654,608.1819969
514.2205461,493.9181042
640.0316212,537.9713383
704.4223817,477.6520356
562.8836957,687.631831
510.4814262,342.5061429
738.3785696,423.4388342
558.1884482,470.7384498
464.3037826,548.2645247
500.0101494,247.7266189
844.6908102,621.2781974
463.5528306,450.3612661
768.219847,769.5815094
451.1609996,320.9936921
611.7477513,845.6282791
842.7737614,595.163438
535.4610955,465.7001076
610.4528205,822.0756904
733.6003591,663.4487914
436.0928836,854.7085986
815.3687785,553.4404111
563.6816121,462.3058186
780.3686163,653.6787033
852.90225,140.2595989
424.6906918,554.8006632
517.393486,498.2689552
552.772345,203.2668532
488.9524536,612.6390096
660.2732582,647.9298032
899.9393806,614.4850019
221.972341,397.0148251
526.5167404,645.6231225
520.2181997,549.4334727
379.2969578,333.1894304
698.6471764,335.7789093
599.0832867,184.5775163
561.1575758,602.0930286
428.1879037,460.2647823
595.0012887,381.261596
880.1996416,439.9599122
892.782072,846.9408724
588.2593646,347.6267651
964.7943028,929.2623985
447.1825931,359.5565248
667.9686883,472.8386157
593.2753636,269.0745307
480.1060123,604.5471571
817.1717493,389.9604356
371.0648745,342.0520152
519.7981112,467.604916
644.6735974,896.4775503
531.256945,463.7169681
711.9814275,513.0186111
773.7267182,767.8283276
731.3181411,446.1612059
502.4025954,388.6205968
498.8132972,561.631384
544.4651336,754.0966409
725.1252142,273.779031
452.3474402,789.6208187
574.4601728,341.2546015
670.2816617,414.5241611
786.7791227,621.7277703
712.5611203,197.5328086
796.3235592,364.5972906
691.274775,557.0824175
780.7878509,290.9845705
337.3123491,818.9348647
385.8439382,570.6867772
605.0715025,730.4443467
532.912386,357.4668894
634.3135672,640.6512228
672.5001668,396.385001
596.1244958,324.5306652
427.627596,400.1018909
479.9227386,676.818743
642.1084241,566.4488574
576.676296,307.8227544
741.1033172,892.1657289
434.8834626,333.5655824
841.581733,359.8718547
419.991879,507.0532716
561.8779821,477.7771062
544.1509436,688.8165539
745.8753258,318.9904319
152.6010708,436.5418043
612.2712065,589.3951066
719.9322184,319.2956492
820.9399618,292.3619138
788.4135308,641.6373287
807.2834311,112.2905107
806.109844,575.0732105
637.8008169,874.3693741
713.7463324,166.4806453
460.7097805,253.986875
662.9824109,896.5033333
689.008766,521.9219598
735.6351112,663.8737931
780.4195207,318.9830564
382.6835971,567.8675913
166.6268605,754.5395068
347.4050339,282.9048573
688.9887518,467.5605584
405.9106907,660.0402319
555.3963774,399.9578279
495.3185273,564.0750239
706.2309254,542.2094253
756.315218,364.2568881
476.2610987,220.7579698
758.706825,550.0493398
461.2359473,831.9822571
495.298543,334.9791974
896.6659204,892.57412
759.3127939,638.1434388
725.5638937,414.0709527
437.5707884,535.3740451
660.9247984,326.4189884
558.7011174,714.3086348
731.8336116,557.4814273
658.3988445,499.0387055
582.4583175,474.7870086
567.6857555,562.0974213
513.4223151,431.6539605
647.5518371,362.3208225
177.1957664,546.9536448
487.4222362,509.1087665
816.9009584,473.9771632
524.6743704,427.8364875
809.772128,630.4841516
945.3138945,596.2639378
642.1109858,957.7077829
648.0374811,513.5415841
823.6376992,187.4621417
824.123493,634.5888731
703.4319035,544.9050449
687.2501081,563.9426614
508.0335966,410.4786527
691.4752915,443.3071483
775.7312243,953.4341137
369.2198679,435.8311628
424.6922049,609.1972081
455.614279,432.486831
383.8855727,345.5560178
444.2117877,633.2665016
443.6248892,439.5806889
721.6652594,460.0691323
578.2623015,242.813598
829.7870622,603.6198255
940.7714051,896.1156688
431.2544207,373.4123001
578.7837493,237.9447467
472.4596141,334.0338762
552.3453055,433.6832335
794.5749533,302.1419682
494.2143906,720.311437
409.2223517,717.774924
631.4486154,596.3374842
404.5453357,761.8446016
727.9377786,323.2879828
643.9066161,314.7657379
694.3270154,559.8285376
403.8446589,736.5194834
542.4210336,414.7872356
709.238808,96.9566002
605.0479528,679.2252336
883.2714618,830.9244434
642.3312618,587.1190563
632.0484571,280.4074158
681.1777608,629.0311099
582.1595577,273.7410878
560.3415927,322.2742969
764.2806749,370.2394023
921.487124,870.070486
413.3156601,649.3649806
902.9354884,733.9926233
678.5331449,349.3643601
669.726732,851.628177
531.1061643,467.582873
570.7793576,388.5188229
747.6540129,557.5907648
716.4525639,484.7743927
783.5312495,678.1289335
694.7377409,367.4442235
595.866064,547.5970708
778.6183775,437.6397968
643.9462849,613.1878492
603.0343835,309.0463399
689.6554374,255.4428627
420.1890548,689.1583146
548.3354994,551.4016313
719.4779739,515.7061866
826.8188185,388.6612353
239.2916501,644.5510175
988.1787385,926.9624248
368.3414003,348.3693324
979.9672987,503.2267099
544.2806614,469.3923428
561.885832,721.552427
631.247994,715.1970621
830.4068283,201.0084791
496.9333856,591.454049
548.6788568,464.4530374
811.1430258,541.2244057
707.1894498,459.0857843
319.8344394,589.697942
556.9864727,229.8687317
790.2360365,691.0843303
455.7634118,862.25625
956.1043048,552.2676186
460.2263837,830.9638701
509.4225611,919.6214344
725.7082476,560.9876028
695.5182498,557.1692314
246.9581974,682.2713684
702.4409759,550.7426394
554.063995,467.2369127
732.3884364,665.269126
429.5283008,538.0586955
381.9006314,828.8219374
516.4919032,492.3594441
774.5585809,471.4554848
249.7202169,629.5002186
625.1094171,245.5851459
830.7303513,195.7754063
558.1365102,358.9367088
751.2521946,510.4981864
695.0019703,332.4803142
476.4019172,674.437931
689.2654302,411.7157147
878.1116932,531.6159107
577.0950662,485.0354405
874.9352029,521.8657971
780.6988356,629.0630984
517.1164032,555.6891113
477.7248319,688.1400739
613.3100124,284.7879152
798.8729429,379.3998706
745.5506942,482.8071744
652.4092505,505.2238691
699.1098849,240.9812494
515.9535422,473.4472325
667.4960775,411.6685364
716.4366394,463.8451101
916.1790165,467.959589
379.3302449,963.7810391
451.8497967,413.2873081
513.3358616,727.2734757
465.5023875,447.8375819
368.0315697,314.7203147
248.1362787,433.2700577
480.9696191,410.3489855
449.9865136,436.8311214
536.0691766,517.0529413
395.112026,330.1100744
628.036419,652.6958359
556.3410297,401.5428142
651.6485761,640.3991385
668.2188508,255.2731211
854.1818855,412.9671935
966.039198,523.8917272
822.8332063,520.6360271
734.4337798,532.4407788
575.9921729,343.309783
962.0697499,981.526601
788.3562447,659.4577533
592.2831925,831.5511753
439.195519,401.1356558
447.4359165,270.0898045
506.6354789,441.1932969
442.8067489,399.1841914
324.882557,491.4274114
690.0484558,81.96549502
501.1297462,463.948451
778.9025162,430.6652845
359.9440951,296.6548471
557.177042,423.7141525
672.2621087,384.6096886
681.5017481,549.0839396
603.2935943,378.6151604
603.9302436,642.5080171
801.6756649,155.683165
981.5690189,938.6649847
853.5671679,409.804659
640.013989,531.4154133
481.1416274,400.6082324
799.5203333,672.4004257
829.8646622,238.8124055
683.9305073,144.6342481
777.9588077,877.7052439
213.4877882,521.6929423
563.2938969,321.5430331
384.6344873,485.5326513
329.4298552,532.2519194
974.0667649,594.3372327
829.5494535,452.1841915
751.2253642,492.9911696
812.5944149,722.8343899
785.0892261,676.6304686
497.6544511,389.3773093
449.1151319,519.4673089
817.7120878,197.0282222
587.3254834,297.1562158
399.7235913,435.5383773
837.0610405,724.7062487
781.5825015,308.4776511
751.0395287,762.4955702
496.1147808,621.9951488
532.0471164,325.4213699
750.1969848,493.5833848
793.4277022,901.6643014
547.2002778,707.6581443
629.5736923,976.010312
458.979526,531.5750841
803.2409372,606.3207104
469.134051,539.4939774
491.6384612,496.640447
480.113248,523.3017267
775.9351414,415.8819895
321.5881538,827.4637329
575.7511785,861.941129
550.0777535,702.70624
579.0357245,470.3125914
807.4615215,686.160549
604.2584256,514.8207054
719.9980585,405.2603936
571.7233208,176.3643541
556.8857425,686.5574485
582.8596053,699.3679047
269.0853188,499.599747
495.5997597,427.6251045
824.5779172,389.1158854
568.649598,508.4605349
395.891621,265.4417802
365.0572588,602.0997564
582.9340293,460.8802523
679.9031738,567.7035329
660.4019873,511.3857779
486.8780627,824.7613646
852.0625375,620.5012806
258.3560447,423.9164258
371.8815917,457.38093
830.0973572,215.4839868
578.9096021,617.2912753
562.60495,361.7625807
808.6906421,332.7197159
728.2204193,534.5175018
690.8750153,472.8289627
459.7355714,528.6573002
265.5110314,349.5285857
693.6548169,621.9370221
401.8700094,431.0999183
433.6336237,393.555995
715.458011,455.7013781
745.9013922,515.4799063
375.6556018,594.237966
589.9711479,558.1363867
769.8223612,262.5509703
452.3771919,741.2555543
829.0761237,392.8411956
704.9455973,463.8996012
692.7496088,776.9892556
247.1247976,835.7101581
744.1365172,388.3101769
980.1797098,532.8880743
594.609319,289.5162345
431.6774903,539.893614
659.3306284,901.1345589
563.731393,413.2247937
336.4340613,617.7407855
458.0955754,291.3709604
558.1836244,283.6435175
777.8890277,417.3451438
841.1809247,574.6079463
594.6414226,879.8085438
438.3299348,628.9430424
426.1436689,358.5279207
613.3298019,597.0808246
657.2097374,521.0908234
446.6272889,279.3255324
718.1466551,541.1353562
616.9487917,718.1711131
466.2764547,640.8526812
469.5441474,671.9984072
627.882747,966.6966709
675.4753616,558.4778549
384.9319289,581.9310097
560.9144093,444.6889001
473.0424828,323.9757873
239.2158628,621.9424128
965.4128704,971.7253811
810.1179422,203.4433644
906.5303744,529.1936661
653.8901665,255.0662929
778.0807206,451.939441
840.9608134,359.2296614
717.4572588,622.2747294
620.7669498,547.0064435
652.635399,569.9696586
873.8951087,620.5195627
371.4892475,440.2109727
269.324126,299.739343
745.9623336,677.3398147
473.254085,305.6310944
470.0358585,795.5064064
762.1052991,479.7459333
547.8564919,721.881526
735.0467896,443.0499868
434.9426064,496.1398096
249.1109074,695.2616788
578.4656045,731.4086186
832.8784772,738.1028818
909.459848,640.8794462
508.0960361,564.6683882
496.4945413,565.7465107
539.9171014,921.0009506
515.1841041,735.5577605
632.503166,459.7076061
556.2264574,438.3168828
966.8360958,566.6433164
749.6698743,472.4949328
494.5079671,677.9952755
640.2830122,871.9029182
530.1864998,328.6168539
305.6184998,390.4901573
768.1439698,304.9751111
487.7138503,418.9954025
333.6763711,503.2419415
650.8010137,216.5323565
622.4142563,560.6434394
440.1197227,396.6317991
267.8877925,641.2907207
481.3005125,286.8209283
185.2450702,686.8642956
501.2285738,210.12179
596.9933009,637.3827565
704.2185395,857.3776204
686.726503,766.694732
517.2333574,220.9743674
771.6432939,41.68811333
485.5102059,685.3006837
641.3135637,593.1764332
895.0155129,479.1537181
503.3207618,353.3037486
701.8170302,729.9086912
485.9304442,282.9952232
659.5213325,900.1991622
783.5617202,679.7323482
449.7726643,350.7395722
389.2478653,324.7860716
500.574427,382.0910399
915.162457,850.8897467
722.0863216,205.0069764
421.0656198,325.9562732
747.8621846,885.5703981
573.7236172,523.8962193
908.7023795,439.860959
958.9773313,456.5147547
390.6167257,922.1754147
780.8244787,422.48152
327.790114,667.4487094
438.9872575,712.9561344
515.1671759,533.5159135
604.5884801,58.8163874
976.7385108,602.376767
590.664604,474.5902931
935.8176509,877.6636024
576.7014636,959.0417714
844.0422962,571.9790616
618.6873606,725.6395559
815.8836198,376.4316699
758.5812718,304.5026177
400.8240278,368.692798
400.9016877,330.2389268
487.4150305,405.8915967
462.3476492,229.1158219
208.0738572,520.9791876
594.790076,543.0186439
780.3490815,496.3632484
361.6180522,488.847481
714.9864189,516.8859368
270.962474,718.1340892
691.1556485,532.6215942
636.3615023,610.5159859
701.9472424,518.9395303
545.4268788,196.4014486
471.9873479,862.3203106
690.1955362,440.3045562
705.5662172,493.1981858
313.0061516,648.2066258
980.8507099,950.480664
443.5686667,566.9307322
652.0265389,412.5201487
383.1976295,567.3555667
534.5462398,743.0849568
522.6439927,199.2498231
549.8104231,551.1087623
663.6531863,496.0147181
263.0319371,431.1542841
738.9654531,438.6034419
596.9981995,942.4779864
762.4532855,542.0457846
448.9853842,842.9839539
535.6079961,562.7810262
521.5881088,299.7460499
580.2336403,389.0405213
580.0552053,521.2044651
805.9481124,820.3168673
475.9578896,792.1737333
364.4071718,603.369956
259.5817497,416.3607512
932.5874698,526.4579721
727.6262851,308.3609172
732.4789797,482.1768279
541.1614124,311.0054723
635.5658929,594.0759551
666.2190637,847.9916448
362.8768495,486.5735828
773.3625826,298.536338
900.6484915,962.6462107
524.5952274,632.7139847
755.1825281,323.6128612
442.7547809,248.5602834
378.1635039,736.2032968
626.9470832,489.5035478
904.0750095,956.2995376
563.2044023,508.5597389
441.4415437,753.5161471
569.2336501,349.737754
747.5820307,926.7989513
532.7821139,322.801177
617.7610896,562.0638449
544.726232,337.0578635
519.7002574,377.3130141
331.1448445,593.9348799
329.4227244,320.3479051
634.8281839,637.4849274
528.2239697,574.1807507
603.3063878,213.1040732
607.9409335,561.6224832
703.9472542,150.7136262
466.3540846,498.610298
689.5937769,198.0998885
756.0562168,548.9661401
673.4926075,180.0715911
462.7872425,355.4648828
600.7093806,683.3729129
665.0260465,432.9140475
247.5875511,811.846481
833.6474959,533.9518009
373.0487072,437.383492
650.4851758,570.8515252
853.6395696,142.5112452
430.8141083,537.5978817
688.4203995,431.8483359
657.6787827,511.5440279
436.2107366,507.9241899
645.7071451,493.8823757
721.812954,129.8402137
575.1094208,503.054858
706.8087156,564.3683944
531.7320575,456.0361602
936.4267657,889.1966088
551.4342998,469.358056
545.0516276,567.4567765
500.503074,380.8030596
424.9748456,347.3324335
480.3199516,308.8161732
616.7719597,659.3144842
526.0668404,490.4936863
496.6349403,272.7831049
270.4095518,718.4564186
222.1814714,644.7699432
586.8132637,663.7374608
746.4979382,551.1076758
544.0653739,465.0737309
598.4926281,498.8416138
719.9586443,420.5359059
882.7814735,522.6919607
426.3939812,578.8275422
757.634732,321.3209733
407.8580304,822.2756236
189.2269822,698.4227507
630.9163515,599.8613359
506.6681068,465.5941758
739.3182783,450.2308885
657.3355152,388.4511686
635.6850343,594.8088486
572.6738754,364.9868773
831.8252748,250.4761238
478.2202133,824.6558089
443.1900897,637.5736845
633.6942955,784.1091682
738.925185,280.8180008
644.2879345,582.6715712
715.3874819,350.1226187
492.0533214,436.5168988
664.7629557,561.9662706
754.7278192,324.9588428
595.5861348,380.3814844
687.9654809,529.8174519
312.2506006,653.5288109
299.2160381,313.6635875
701.6833575,549.397598
768.2772979,300.3558995
576.1155389,564.8589819
160.4555807,708.4824275
287.2710361,645.018371
675.4780881,547.7735611
431.1709933,419.6112278
664.6959621,571.0112377
458.1790179,422.6962669
529.1315747,755.5109035
520.7797508,609.7322786
343.013415,544.6891488
669.0468634,475.3765076
557.4826481,427.2796874
466.8668137,438.5470285
341.0826439,542.3653351
424.8203497,870.5071465
588.1348151,345.5112004
591.815091,273.7211132
708.8775936,491.2139599
472.0909394,661.2939254
861.6342838,235.4158182
558.2827067,306.4954101
790.9573566,521.7796727
863.9206814,790.3287858
798.7693214,366.6571523
430.1320675,524.533022
509.9109615,442.5138298
858.1471839,522.2440384
740.7655776,463.6839349
941.3865122,599.0292176
681.7238818,739.6173513
556.1932602,460.7723565
682.7907915,553.2525754
784.3517867,336.5525458
409.8363202,708.5551381
776.5675811,449.0301818
526.9914485,353.5104514
291.114182,583.3957729
375.2592277,446.5154193
545.7073024,212.8277312
763.932239,548.625842
495.210127,549.0621682
442.2728371,393.9548168
771.2919219,658.239642
302.8943964,330.0268751
851.5277269,413.5942805
881.9614755,546.077524
627.8054767,566.0418243
818.2957204,316.2088759
471.7427432,401.9960226
520.4238247,579.5193793
842.290814,163.956
718.585814,163.1818621
626.3042768,567.6986437
516.1798704,955.6628394
263.8472012,753.6556553
739.6067165,442.419118
577.28992,182.0582198
228.4157749,711.8954164
652.1525864,915.207275
373.6331039,824.4072139
498.1674049,296.1506786
597.7143514,543.1088218
447.2458416,401.2742865
782.0162524,284.724586
349.6946374,361.2407986
568.3544785,480.4326932
259.5863487,687.3607334
823.8555184,732.691856
504.4056033,384.931433
717.5027102,397.6736916
541.6106233,425.1361041
194.4260153,654.4483282
486.0540499,785.3142835
507.0508934,691.6594752
690.2399989,171.9438012
819.3386311,573.9510855
578.7503724,528.0433136
595.9320988,683.87658
638.5152759,950.025596
569.8716777,211.3117782
694.7744586,477.5197566
433.9661651,386.7246056
633.5631995,431.1458221
144.6010085,695.0010908
535.2501524,315.7276488
577.5492058,739.853222
712.9185595,574.3508893
571.8041715,493.7057391
841.0303688,365.9028635
671.320932,373.5385616
543.0811876,462.1330265
431.7055791,410.5919392
891.5157393,842.9228185
632.4482318,433.1242813
390.1036072,742.2474688
524.483067,406.7877756
207.6368256,749.4579353
748.5143239,715.6241323
662.2262757,517.9763031
399.5758817,494.7186728
785.5921428,474.9961769
700.7541503,5.921984758
853.0274436,730.0881902
778.299169,924.3852315
486.153267,368.7080714
408.3113011,467.3918405
245.4334029,696.2473878
725.5428159,516.1064918
567.2683036,435.3455271
632.0399781,600.9905021
739.1802163,902.9914786
386.7464498,667.5712518
431.804961,637.8663237
699.2091919,547.7960847
552.0467853,382.6704889
866.1889824,991.0677134
900.6182755,407.5159262
279.9715007,574.3036274
554.7394892,849.1320936
343.3048493,544.7841322
448.1797976,403.3669933
721.1022102,169.5153929
595.7722848,659.3510275
631.6008491,623.3618571
426.3474062,549.3524255
714.5435298,464.2258169
632.6502913,736.6309312
796.8640774,540.1670517
521.9809324,340.7265513
773.3248912,496.9531444
419.7621651,352.6753453
849.682915,511.7803582
492.1860652,559.2857363
339.4524453,270.966364
402.0933265,920.0035411
539.4495241,891.2398808
602.9700863,561.2021826
645.659132,579.6893716
705.2978831,267.5122769
660.8385995,480.9783987
477.2984066,383.6602513
443.9107358,493.9079916
645.6066396,639.7331889
621.0300407,972.6164409
458.8234572,507.6237154
720.079898,542.0735735
538.3335377,817.0522873
681.9001296,566.0557187
793.328515,167.868916
822.9557333,589.5201772
540.2464069,538.2388631
721.6654691,708.3426267
718.5812149,198.3611034
528.856724,534.9645257
705.3256274,326.8700447
434.7021363,219.2912427
804.468305,328.7619825
463.8295989,343.7579142
598.5037288,497.7717235
546.3979571,457.3043331
838.9437386,110.439107
738.787108,465.0352445
760.1891642,354.4660524
784.1664157,259.3991126
591.4773214,290.7910308
571.7289984,358.2192977
710.5688984,740.2451488
875.2192817,685.1783711
593.3841983,485.7279879
762.4892542,129.3272071
488.105041,573.7564176
647.2751738,624.6867359
511.8128049,393.5174459
386.4247845,395.4048288
548.694976,769.2168909
610.7330193,478.0413088
961.7760985,933.3096829
700.1425338,228.9475847
805.4021712,329.862754
626.1011387,562.4647142
783.8297097,115.6184408
468.6254566,396.3341036
453.7497076,862.7546936
433.6246653,397.5708312
275.5089483,715.4437766
657.1131718,575.3694225
599.6708743,345.2046459
480.5660993,422.3633862
737.1228733,289.0719269
528.4602451,578.3933681
817.3616296,626.7132301
660.5237054,490.6321289
275.671339,625.2816882
540.601584,291.4823455
727.5098702,395.9107524
647.0031095,968.9333781
312.2907488,713.1478772
504.6598406,542.0435699
583.2130596,235.1789028
331.7248368,348.9440386
820.7587704,331.0129184
491.7823507,410.1788469
203.0509221,514.8438349
211.6797539,542.7805586
499.1903762,596.7913194
715.8437637,161.2783282
641.1743182,440.5675889
496.7761782,378.3479699
395.4343355,421.8613279
665.5379067,461.6556021
819.8639289,464.2451437
444.417877,750.9895587
499.415491,387.4883801
388.6780898,388.8267773
436.3272714,497.6286424
354.1171165,550.17113
571.0785369,746.3838445
736.4006244,506.4809892
632.5177422,472.3031482
496.7923874,623.6951558
633.572937,749.1418949
781.3495518,402.1714891
444.2279968,273.8151147
560.941015,307.4604133
492.0435839,412.9116576
416.8463987,666.4776261
449.6888324,430.9741583
461.9784501,293.446388
478.9088456,698.9873233
681.0982583,387.9323535
584.4825532,371.9599897
970.8355801,585.3896935
23.04121315,571.5591998
587.0059453,611.922685
933.3408936,861.8600818
218.011357,655.0213419
723.070433,527.7812421
392.5111986,662.4931486
379.2796701,610.5325547
957.0316544,882.2423636
777.9012969,682.6336259
611.4742189,263.7616015
585.5233065,834.1015618
224.7488469,643.4171293
748.7668983,533.358938
921.4392757,871.6625345
697.7488894,552.7509142
620.5423594,720.9262175
446.9851177,235.8409035
535.8630274,409.9167754
581.3506005,487.0832046
394.9721812,517.9054729
255.8583744,422.296296
725.0393149,101.4140935
708.1647226,464.6869649
799.1699949,670.4371772
594.6760879,635.4674385
640.4810119,450.4323679
419.7329977,274.5217028
951.5080498,537.022089
515.5028332,910.4768036
406.2260641,319.9820956
601.4260267,400.7061828
765.5111287,200.147381
230.958642,522.4151172
571.7739705,594.3099244
516.8963069,734.6078218
588.9178258,291.5243421
576.150339,350.7782885
732.5831404,834.2170003
272.445727,585.6917768
471.9692213,339.9518493
497.3766492,317.8459923
776.4311071,592.7781129
439.56322,295.1971461
883.3076702,544.5664183
496.5612203,744.236751
640.6309986,288.9066983
492.0350749,212.9053519
810.2962424,526.1922442
734.7709801,556.4451552
766.8300436,489.2948183
609.2516989,482.5085804
678.1174008,204.7680552
509.552189,506.4421266
486.4293311,248.4336458
783.3759447,652.0169112
510.8914176,787.7693313
632.5803315,982.4561055
541.0132084,403.2228466
467.7222709,373.8284219
851.6862076,560.8754447
419.5369454,708.588025
525.2158624,771.3531614
816.4247073,199.8944401
842.0088624,360.6304685
468.3419022,443.0219055
222.8592277,497.5573108
525.112975,589.0346669
654.1816458,507.7246954
675.9468338,540.94938
424.6386639,240.1974377
577.6930054,751.3975528
707.8402708,419.1394656
168.7540134,705.9137797
429.587115,491.877235
774.1788204,303.7820307
590.3044383,898.6048991
874.0829216,723.6698094
456.8957421,506.6629746
696.6293825,506.5634572
526.7107853,804.8425919
328.3931766,420.4103756
602.7393538,576.0717692
696.8918591,569.8234434
815.9809044,378.9025762
685.5362424,473.6804078
787.7468003,638.6317071
587.3947092,247.5827439
317.2351251,263.668018
758.208028,639.7605599
860.7866914,779.281227
173.8593423,529.5809127
665.2857368,657.304329
653.6032264,577.9997698
405.5789134,799.3699084
337.6977872,602.6971323
477.1098896,594.9430915
921.37775,462.5249742
564.9820108,461.327715
826.241283,268.5263597
395.8565213,299.7864586
562.4203879,391.7954168
816.2248649,625.4152208
725.4637478,326.5000565
466.9541511,481.9030767
707.3314817,798.2331996
810.137522,500.2864442
537.0048555,365.8606998
856.6331756,568.7860222
418.5986899,374.5685865
661.6122772,574.1056791
705.2403123,507.6572083
778.3990902,422.8264983
650.7443567,473.4442656
850.288749,462.8891539
412.8851601,848.0286896
612.6747563,644.2545129
412.9007849,395.1024322
431.5760411,566.9990968
414.7621205,344.0277164
544.3636694,465.084345
434.1153128,640.6190253
655.7441466,570.7156943
597.7895245,544.218097
547.4410325,545.9655121
548.8347608,213.5164551
432.8277825,410.7267254
654.3308385,889.8035751
757.3714164,382.6441
582.1956761,269.7185835
829.5422179,187.5859795
497.2800387,589.0239901
246.372812,700.1802575
367.645772,611.8281194
953.6217201,532.1190972
354.6360026,281.2963027
797.8926665,274.5586013
710.5645091,809.9418606
546.041911,542.0860262
469.834533,768.7831973
805.5126538,325.347928
589.3681003,297.2173512
545.3717949,757.7313971
505.8987885,458.9203886
603.6765307,561.4978515
382.7964017,533.7764598
348.8178177,292.1389764
643.6741757,536.0552263
637.1130385,207.9022994
652.9041226,567.0769055
757.5811461,268.256453
395.5340769,662.4963036
484.7425655,323.7038748
912.9124474,524.9295454
581.6547983,278.2682202
566.8347775,510.3751425
443.6246196,937.7722951
558.1222036,198.9628044
609.779079,384.5541946
256.9302876,582.2729793
559.9663713,438.6426806
636.3585811,624.7417077
692.872031,567.490144
585.0303969,522.8245948
694.1552468,515.0702406
728.272627,309.6897659
538.0466875,353.0376237
674.9394874,558.0320637
680.489533,341.0538326
444.7976375,943.0918894
914.3015617,860.9501548
419.4156767,856.6432644
654.9444025,482.4142865
580.2603659,408.3506562
688.4858351,566.0192172
738.2943332,423.5510133
387.867305,749.4340118
974.0577315,903.2636001
747.5872889,541.3750504
467.0075273,420.0969052
677.5058292,388.3922689
645.3486422,660.4518825
455.5366191,636.2062031
825.3058589,597.7419268
952.7749217,868.1821837
553.7412959,199.5673469
698.9299968,516.9787264
682.9378719,432.3166715
495.4771578,234.5426852
718.0214765,461.2261917
492.1589053,327.7017452
317.0416795,465.3640091
794.1789388,540.6130309
213.1679805,709.1142365
756.6857953,920.7167108
384.1802129,506.6513785
942.7929292,476.595392
613.9546614,890.1188841
698.6174996,146.1481953
386.4488584,326.2304632
382.6938889,730.0032567
702.956791,312.6127314
743.9055,509.0508279
684.8720136,545.8492587
670.5312849,560.8525032
410.8355322,427.0857716
229.1807039,772.1592042
902.4581288,497.6546344
784.0301663,674.6098664
428.3556425,850.9779396
807.0613574,290.512286
840.0750802,244.8592727
812.5215638,550.4303809
705.4166351,189.3071519
698.2894525,193.7645825
453.1808159,780.274019
671.0283142,475.4748759
682.9994275,428.1907218
397.1889037,274.5025222
586.5627416,611.0811226
477.6590517,341.9019974
640.9353013,552.7244416
899.2345542,849.339674
666.1118619,893.2800604
664.2873488,951.984415
666.5195763,502.8171905
488.7711873,428.3920549
655.254338,876.4928575
540.3855775,295.0993211
519.301831,581.711499
928.4666868,869.258384
809.9002578,391.2883858
661.9519493,796.4710753
700.0806036,414.6260186
492.1757885,627.502934
247.934339,526.8412906
725.1780361,201.2770068
703.8508984,481.5024372
552.611003,476.6559214
464.0132022,951.9780424
531.6557609,175.7221608
703.6264128,561.9946444
797.0461677,573.4547522
674.9226641,848.8644226
489.3575914,727.2876626
389.2979757,907.7765874
384.5125894,660.0563829
643.0028012,587.1424574
496.4042976,537.8227203
959.4544213,979.8444583
500.5065495,341.7155407
666.2527103,525.923612
759.7739144,300.4881576
519.2486196,349.4619761
633.5740755,639.5670828
322.9888332,588.2169444
800.5220321,344.1920883
167.7362104,747.9466624
408.4414384,455.432349
445.0379277,534.5137827
558.6058102,785.7500037
763.6570288,462.9415139
461.4844619,605.0877018
460.9704146,349.0506808
470.0335515,540.3067271
702.6563383,464.0098581
350.9288364,524.9481827
775.2197087,565.3529542
426.0051724,608.3184338
270.4154093,587.0917272
696.0173764,519.6627081
412.3237737,714.6273287
482.7835558,291.6817564
765.4267425,307.252624
665.2508168,512.0217239
485.9807793,511.7690964
809.667398,504.0151183
414.3961123,250.895505
86.47379379,617.4493791
358.8372469,273.9476443
774.3056619,660.3607227
214.619789,516.9334912
869.1265307,723.8835326
245.1744767,387.3563519
589.0057025,611.6002303
773.7545673,545.8340689
414.0647395,312.6584054
521.8092987,805.2081507
796.1926879,620.4444911
294.8312055,380.9846898
469.7566934,626.0958379
284.2975791,670.2318743
574.6750108,462.7549109
412.069881,341.2229682
953.022882,879.4284012
857.0265535,287.6220193
707.8092907,534.5975462
872.8824291,864.2802161
479.0992801,400.478795
383.636309,678.1341569
585.3888998,243.4150065
485.0451754,525.1238164
881.8779432,658.1537892
553.8029864,363.7484154
553.9245247,389.6068073
525.8653801,981.0214295
609.5344893,563.3454734
651.5454041,541.6229559
595.5763974,328.9588653
310.6350831,713.7357256
410.561041,447.2055222
857.2263809,816.9813527
732.336723,342.140229
357.674266,495.3115775
653.6871632,569.2409021
658.5313936,609.1038335
633.3460544,482.1854153
543.6533451,554.5541158
381.9083165,945.8846445
557.4489265,317.5467507
453.7014548,578.0103003
486.5128335,768.1907732
957.5639932,590.5391492
380.4959072,945.6204627
377.4902717,565.208912
470.1436895,667.7690121
635.8183774,552.7368526
773.9707387,625.6700839
738.7210132,170.3990773
610.9682012,814.0772961
722.3976502,474.5648862
575.0029231,527.4849673
583.7422075,696.3318616
674.0521812,434.3583137
645.2070897,500.1941979
479.5264994,520.8748229
590.9592592,383.5421175
778.7209203,315.2801026
432.9586388,639.3521269
282.5594147,668.897447
716.9614279,202.2908181
804.0196484,214.2157095
464.0005585,218.4515399
587.6393888,266.8993768
928.312925,665.9024812
705.0529639,188.776281
764.8858797,301.1918623
231.9979273,546.9546686
219.3540312,791.9220252
536.032459,517.1620072
818.2011923,336.6568479
455.4672735,234.9452469
625.1370564,536.1269131
477.9265019,517.2450811
510.296954,218.8169106
550.2310359,279.51949
545.0640915,457.2454334
488.6417392,498.0746216
653.2555396,636.2992225
657.4388071,900.4600428
859.1582006,595.924977
715.4929909,192.125502
444.2250156,637.0113893
600.9164436,586.1170083
811.6154418,119.549054
573.2553509,386.2996247
498.714934,627.6948022
245.4256429,371.5185236
619.0124266,562.8479283
648.3317468,881.2059034
602.0946448,590.6394397
451.1193833,580.9221921
549.8844277,388.5055135
552.6406498,413.8569997
746.5268809,388.5968196
565.25803,583.9829317
435.4768177,901.1652728
596.5092448,697.8474386
433.1444144,389.8819165
661.0599392,59.92898474
337.8374522,300.4974553
282.206979,362.5285282
772.653247,570.9345155
787.5434374,685.851529
496.9265844,541.4925783
599.1915072,583.0403894
429.188389,637.0665699
485.0512576,271.8710049
527.0541427,390.1221122
797.1986262,526.5737031
794.6534671,161.3290584
778.6493126,572.9689076
525.4685117,454.7882752
808.380407,431.399954
392.7527622,484.7597044
802.4050747,430.6891662
909.7433875,466.0670453
683.8946435,544.9906888
400.9463451,277.2479946
599.0345995,265.47193
489.9657025,826.7463636
746.2221737,354.227967
536.934626,754.9347139
678.3196251,624.3349462
782.9162323,440.5673381
654.8546682,540.7248757
636.6322183,604.8797454
665.2400157,483.3921812
790.4473091,600.0455778
413.6183599,341.0039172
405.1581358,655.8477353
466.8850751,361.0303349
907.3710906,850.0714183
647.9296351,537.078774
882.982754,830.9489937
326.7506789,317.6166824
613.8472948,763.530526
774.6024593,691.4960435
464.3871352,671.8189709
419.4104934,414.8388643
436.1996809,563.1485698
695.4387922,542.4744846
560.2378514,776.3875964
433.2055356,430.6260041
580.6991652,638.3793512
816.1925965,607.0129862
645.9366043,526.9303402
720.9060231,364.248238
709.1215841,541.3393219
570.7775899,392.0387466
644.1033874,533.1294818
601.0483186,625.8812581
555.8808529,308.3719701
590.4537059,639.9003606
965.6569807,559.514524
477.1186683,372.2687799
397.6815586,925.0066145
285.016008,382.7125065
810.5316489,438.2294421
695.3496122,512.5398495
834.0994333,416.0079794
480.9751769,428.0292959
888.6422036,510.3681849
416.9093775,567.6814272
580.537194,706.6147683
356.2350263,981.1329191
969.2706674,584.3701365
766.2605677,578.2943521
356.0330866,271.9435274
746.3748868,532.6471265
875.5944281,511.4229063
767.4001037,944.0952328
728.7928763,462.4762915
499.2679162,657.8086646
641.8293189,584.2358935
447.349448,906.4570783
472.719604,517.4528913
701.6226558,267.4536069
921.5033481,658.2545184
687.5188017,205.2498255
946.5100276,886.287872
613.4126002,563.3612483
563.7032742,525.5117943
682.2370303,349.9975063
409.614666,266.0471794
475.1165292,519.9698059
539.0375252,479.5788661
771.1336809,925.2268774
628.1162061,436.1908921
649.2920838,513.7365864
468.2378912,630.9800879
626.64311,433.1143986
972.0107403,592.2514626
542.2476321,444.1969336
667.2569557,662.7363948
228.259047,530.2919512
453.6149413,321.3538603
331.5083659,577.9847471
862.4237511,719.8564526
465.0791531,352.3271075
432.6888966,966.860228
542.4893455,562.9309813
951.9490363,567.5027012
552.2393471,381.9249965
568.1633998,376.8501945
535.9562672,617.3911479
551.0661045,557.0857814
514.1815964,558.9201567
529.5671532,460.4172029
742.4213182,550.8517053
460.1552104,771.9556772
662.9926877,485.7794912
456.9279057,219.7923189
739.7258129,514.0279929
524.1201298,546.4641646
601.6682495,517.8547636
467.5624719,451.5600506
424.4488136,579.0670484
417.8078144,240.9247316
809.4055655,328.2818419
582.3758938,812.1438004
453.0789772,410.7247196
729.675898,477.4467327
764.6624128,361.4996943
753.1177397,426.9431502
349.4846231,591.5297265
727.4792347,532.9642533
512.007434,495.1574018
405.6374429,593.0888253
545.0285573,612.0885612
574.911481,578.8114331
972.7227275,906.9679328
597.5422682,762.1153022
560.1654347,415.9432712
838.2983555,108.710768
444.2600555,381.3091086
740.8243918,566.6675324
709.8392939,381.062791
498.5995977,746.841754
513.1042152,412.806081
491.816192,614.718031
227.3594416,799.114126
715.588298,201.0842611
360.0406606,716.3771257
702.4865472,551.7145376
738.0572638,440.2792538
538.5714011,807.6877906
733.657061,557.2348799
750.9512026,880.6061037
683.8930855,619.7750731
594.9342352,317.5044406
507.5278036,426.0680741
562.5043847,580.0425403
285.2674289,699.8370552
481.9910774,207.1873537
610.1371175,499.6896115
479.0938121,741.5577002
603.6318133,562.3791748
703.6887324,320.8341467
737.059505,442.6398824
514.375776,295.216849
689.9563246,192.3665961
597.1222996,536.0690998
409.4978166,593.2522779
603.6030504,496.4617002
627.862643,589.9659474
481.3908461,415.3638639
625.9881693,527.4799528
614.1974984,649.5540908
546.6105031,289.7037359
697.877948,240.3797365
584.670381,239.365779
790.1912442,717.8276601
837.1609468,559.3014903
422.1229718,696.5340723
455.4680675,399.2093058
526.3036851,350.4734681
666.131142,371.1719156
248.5964855,700.0373227
577.4884441,658.4172815
567.1590494,388.9340881
669.1616005,533.3805005
944.3232365,897.5645108
558.7160231,475.6831248
722.4744263,222.202842
654.7362758,696.1619738
477.925633,767.9741876
503.8630477,205.2586218
755.4762844,422.7988557
618.7184455,634.6099341
724.5461207,536.6584316
780.6570845,494.1190612
302.7749554,298.6586088
568.2162217,447.4956332
569.2803899,175.6613597
651.8019933,172.0578816
814.5683603,359.8630166
603.2699847,495.6844282
877.0169494,430.5614839
701.8183485,401.4331424
776.179806,309.4702133
827.9884358,452.9179208
593.3808726,558.4042667
436.6051482,646.1167188
721.4097937,294.2306803
576.9600452,363.1754226
650.0456724,382.6377692
713.4081584,186.6503321
439.9955477,426.3189256
496.3003766,595.4474481
646.7881665,312.1701998
846.435641,654.9721369
668.1743282,433.2919127
849.7906861,470.9902833
556.2935709,370.0970317
615.1657602,404.3295101
553.0181032,693.6189001
727.1205221,161.7377003
451.9252994,785.2032536
783.3650537,641.8143205
674.1036698,329.8141967
582.1221659,288.5324687
626.5580347,535.9372805
759.0144385,314.7183297
517.1146355,566.2921326
432.5107762,387.4306296
518.7553055,579.4424272
391.1213053,882.0802273
463.8676049,787.8096983
448.523919,513.514255
334.6338469,468.8178038
609.6145162,634.5350506
413.5892075,604.3871311
648.6920773,570.6181827
617.8420453,395.2254761
922.8465915,456.0199257
569.7014221,392.6373135
443.2712851,422.4938264
558.699814,399.7062242
595.1516199,907.3897169
555.0348035,740.8058142
547.8924605,399.6066232
707.432107,383.1936917
482.7075887,701.1139826
909.7832961,478.5291593
449.8368416,248.7818208
718.3244909,545.4870012
761.5432386,569.8264522
820.4360414,504.9106286
372.2800331,777.5886374
804.6635034,329.3877115
636.4009614,474.708594
471.3126626,455.5694544
541.2561652,670.3439071
656.8609869,469.5335225
421.2836338,858.3339944
759.2418004,359.0459627
745.2958577,661.0612307
509.6177595,222.7406914
744.2728265,310.6582166
564.2135314,676.9416824
413.086111,293.2253729
490.0792561,592.6698828
436.5686103,585.8770634
699.7305049,571.989216
708.4595575,406.2886007
505.1060255,331.2098429
877.5423371,696.3651873
605.2955836,497.4195368
804.5461147,516.5829133
709.3568558,395.745691
541.9075256,902.3318807
879.1400276,524.012013
683.7674724,619.8239856
457.8544463,223.5751917
794.2620666,348.9812505
559.3737353,295.3930886
657.4724837,572.9858943
390.3133219,847.5323772
627.7267082,435.0157177
621.7555405,364.7555824
457.3331033,800.974723
779.5159605,538.6869107
570.5002074,592.554695
612.4565476,651.6022937
374.5150021,577.3551528
464.7877637,539.0509024
710.0908646,232.0653018
430.8612376,641.514264
613.228862,642.0720252
771.3120409,776.2653674
753.1484052,629.0827595
441.856359,731.7201459
309.5775214,569.4588667
758.6126564,324.9849601
572.5145408,389.076208
493.1364401,233.5419535
794.266396,325.0502116
699.3849304,526.2451474
769.8892201,443.8395444
575.7784134,463.1014981
651.2481123,859.7326077
548.2063209,534.8483977
739.5244575,568.3361568
284.0370799,355.5921054
544.4280264,799.7223041
707.8054707,260.0843054
501.7770767,501.4713969
744.3967767,492.0698554
631.0730795,892.5213004
883.1233927,638.4952703
811.6332988,628.9608857
870.4525014,845.4568451
854.8766599,402.8049279
730.1186823,894.7177869
714.9097327,503.5986203
403.7193754,472.4000747
629.9964923,478.9048515
474.373487,848.8707743
724.617234,503.7177988
651.9577326,487.9073206
415.719761,714.7611747
838.3756859,167.055038
549.2625044,418.8369854
610.547858,492.7465026
592.4817616,481.4855759
466.4421411,223.0161977
702.470413,557.9495122
588.5763709,272.4360999
577.5659991,585.3022528
502.8805542,541.575485
471.31861,638.690983
668.6940233,356.8563712
641.0562254,564.9793722
843.8324167,602.2978091
405.5434241,285.1571513
576.1957904,806.7381235
570.6375804,576.0640594
822.1394206,292.8409888
464.2674245,250.0985928
479.5447908,264.1936236
730.3636764,100.9137694
654.8238529,493.0115202
722.6021217,379.5381043
695.2449721,549.0448472
721.1285912,510.6043271
574.0769368,991.1957091
488.9724079,379.5931387
535.3296699,552.3262258
477.3550635,522.1775751
846.1601311,726.3628382
390.2912853,335.6038607
840.2577997,727.8260761
552.3730947,420.1290818
528.7656714,747.8674539
529.4266344,515.0035475
729.2348666,822.8374383
397.486585,292.494736
646.7229856,724.1463563
424.6701383,387.1733845
277.8715377,640.260466
370.8825146,595.490761
553.7798562,547.7034622
731.0642184,312.9623064
757.6469263,643.6019563
254.3254454,459.8817772
780.898693,690.7689376
511.2352544,530.6536237
629.6322368,519.6082379
698.8656398,544.4479293
777.5508986,436.0284842
694.4888967,507.7543647
467.9383524,397.504744
504.9425861,506.1672472
503.3378098,435.5624261
765.061004,460.0910082
650.7342747,308.7009228
793.41001,152.0815046
637.0892492,484.5154971
492.4583393,213.6050032
830.8669302,739.4901496
579.6353865,392.0286966
508.5154055,405.1866175
513.8528451,614.3282354
683.299281,240.385921
500.0476161,702.4094847
426.0500395,385.2472226
543.7523075,344.3324741
731.3409567,297.587423
882.1716845,550.592538
677.9064727,534.1159639
892.6568034,615.7942939
635.6284972,520.2534399
846.4140688,634.4503469
497.2560097,565.9392564
485.3292092,315.6662418
747.5461969,388.7222663
695.9058002,201.7811963
445.5857865,451.2433416
834.326151,415.1981548
616.4934088,543.0569215
500.543402,224.483489
535.9385151,314.8338518
973.0594334,573.2862851
582.4297494,471.7394322
888.5616674,629.2954798
790.026202,337.7150794
447.8596603,439.8719282
604.9799405,842.5846934
504.6722147,614.8382542
449.3329811,638.8046873
581.0061944,282.2210435
719.45775,477.3985932
563.1692426,555.4799848
574.8523372,467.2814375
595.1667354,609.6898223
588.5129127,535.9948431
670.1600035,163.2695744
661.7627732,582.4153291
460.6820812,502.0433033
556.20117,482.6472947
434.0417726,368.5397924
169.7312936,481.9710444
800.3044675,668.8132657
822.0602776,369.8309903
663.0029794,404.4297588
910.14878,860.1571497
553.4610073,423.7079261
659.3849184,419.0962362
970.9536729,546.5393198
733.7697008,439.7110874
470.4242928,202.6234272
476.216681,601.6852434
692.560912,473.6904996
887.4911324,541.289302
783.1942589,466.0695944
668.9126514,513.4979995
538.3841275,553.7184455
781.1857829,421.1292075
649.3338649,478.8100979
704.1981058,268.0782494
753.7008631,549.4316759
773.4492459,667.0327129
862.1048572,392.9708002
534.1409972,469.8597381
392.4380929,573.4966653
743.7392593,355.7097169
795.9641725,273.3806689
933.6256315,876.434689
603.5763548,503.3755785
820.1395586,643.8533301
817.2536787,605.4993315
570.3969755,492.615728
495.9925234,447.3235306
606.6745111,392.6524824
822.4796321,582.2848679
465.9005293,418.1590219
681.4041939,630.1780985
232.2447042,655.4354371
525.1451835,557.5580659
615.7409138,275.0037238
589.1481538,606.6151674
184.4698046,677.9955889
581.2742439,504.3469126
455.6558205,762.5352477
779.0364286,959.1444438
657.5397769,468.1190509
409.824845,411.8091102
623.4580958,745.3400715
628.7070445,511.5424191
282.6130755,355.5761634
224.8592546,643.2985776
671.4664394,669.6207084
559.6975878,320.634506
799.4626577,387.6653719
670.8806345,395.9061976
670.6441494,559.6366903
419.92899,245.1324807
499.3198842,427.1357915
700.6168673,861.9431348
941.6376934,889.9544704
224.4095942,384.2559349
554.8509156,488.2017149
963.639082,567.3060692
267.8798827,726.6647543
715.3771152,283.6680259
698.8303303,241.6247799
699.3522275,556.4229032
643.4857786,548.0018473
718.6470101,201.5726966
527.191186,477.3185698
867.8546702,415.4579071
668.3058586,320.5798477
538.8341324,624.6694567
664.5465896,646.3886313
748.7562021,304.0760698
396.3585092,372.8458679
630.5561558,603.5696594
237.6034014,510.2974174
268.5754062,419.7435903
511.4330444,706.1703771
526.4283693,484.3038006
745.4830864,494.2020098
577.1349448,525.3879982
543.8653218,414.650548
89.76120108,619.8109688
570.8153862,356.3063615
645.0720837,579.0615533
212.9622057,803.0681193
466.9310359,273.7463739
447.7166696,492.6246079
595.9597981,571.9567052
407.6512819,357.0198237
465.8225997,676.0118436
857.5215754,467.5476042
905.863479,847.2481999
720.6886083,510.0282211
807.2839704,437.2627882
587.4898066,477.781473
300.0465375,701.7412786
537.9691624,411.3465414
811.718494,757.8591839
406.537258,292.9411121
694.446756,441.8736214
507.4208115,384.9093691
777.5430637,270.5604802
597.4385569,666.3255398
568.7594964,368.0859989
574.0045651,849.7147603
176.8274512,707.192525
278.9140738,298.3470815
776.2937491,400.1324586
861.6043374,728.3993824
566.4173705,739.4980057
394.3078326,655.7920532
411.3653991,843.7641928
488.7976432,619.5804679
961.3804135,587.3662932
627.564752,446.0894982
711.3912483,537.6276345
745.34838,751.5536299
900.6648654,961.9793418
641.1053471,359.5630645
435.6226997,355.3981478
567.6114812,416.2364328
502.9078491,370.5594752
685.9885393,377.4102123
555.2403236,558.4548089
565.3195257,508.9513523
757.0169733,538.0946956
512.3645736,691.3886074
537.2262101,395.7747126
724.4242528,478.2073522
710.6939422,826.107785
521.6552672,595.0669503
490.7157256,415.9217505
730.7558259,458.7389047
529.2816962,484.067345
276.5736858,299.8179456
656.5281759,624.5079473
570.7504748,329.2753235
765.4343527,533.2936866
611.3754812,596.1976835
449.9988727,501.48456
485.9273132,577.3919887
479.3166649,379.9702935
800.062874,259.0419114
518.5093675,291.4933148
564.8564876,259.722821
349.2882712,669.2082429
646.7060424,357.6581516
399.8677954,375.8971008
733.4419084,522.0969039
432.4993459,572.8494366
700.4677046,546.7238751
466.3053824,286.8569702
462.4956434,424.3297688
448.5354841,221.1840789
636.1215416,567.6958857
884.9768335,387.7311458
674.053125,500.3569191
770.2198738,953.4078501
487.339408,826.3423184
293.8454761,575.9666523
429.8913428,256.5841055
823.3825481,589.0485822
690.9686446,574.1555945
759.6562561,483.5225797
881.8468583,478.464451
373.705146,425.191828
666.6507322,414.0487425
296.3409743,291.8059703
610.689815,775.1237067
474.9892832,512.2835656
725.0458765,507.1246659
678.5373844,540.8854867
819.5173507,557.8977372
822.2622473,384.4030067
628.0789341,907.4784322
305.0043665,537.6584738
572.9738487,526.2401537
335.5388153,336.6670859
476.1475451,612.6512952
471.0103973,369.7277956
777.1575506,925.7282044
480.6108166,742.207081
581.208988,895.0963416
517.9111137,757.1023252
567.1525029,490.1042877
693.2841947,484.7630892
757.6187626,323.5829621
357.5115907,641.5032529
728.9172909,544.3155877
594.5886606,469.7958448
544.0033988,704.1713583
404.9685402,729.9534249
457.929889,559.8424111
196.4658907,717.6028423
553.302931,673.5430057
719.3485857,266.1572273
207.4100479,693.8567766
708.2400754,813.9837334
818.0256036,386.3951932
658.6626544,547.8415706
415.5207875,909.6448942
469.3897864,356.5302809
777.4540934,593.0296331
327.7394792,894.0843273
677.3795869,556.3451572
457.6729403,503.1866564
612.1587315,723.1895017
560.906829,413.0130555
558.6215999,703.1437362
700.3109167,790.2151441
699.7675971,425.3960653
578.9034301,527.6053786
571.8368744,480.9679726
590.4511442,478.6381834
641.4599101,491.0761441
522.9942112,372.9730279
574.1913593,763.3847497
835.57587,211.3175031
663.1347646,570.4974789
683.2658141,11.77825837
227.3069793,786.5001346
176.2310849,531.2449404
748.285419,443.2133976
705.5848682,535.5963138
707.0782781,252.3438247
639.151296,607.1379105
817.1460425,638.2842215
326.3289725,614.3050014
801.7274232,659.7661465
681.4532856,436.2786881
821.9837563,759.6347848
579.8437529,414.7642314
209.0366061,649.535558
453.9456101,966.4482222
393.0518217,735.0730024
477.7918405,846.6729297
622.7750812,388.8027494
607.9862501,552.0225756
628.8181562,441.9478155
502.5470092,453.2527655
553.565947,400.6635384
594.1688867,510.991908
479.6697148,524.6646323
490.7102727,307.8153371
732.2753921,410.2960405
531.6105791,555.2353597
956.1203042,908.2983276
743.2715322,627.6190829
632.0574755,654.3469303
467.9049454,520.7246379
815.7029677,383.1013409
575.6820726,594.7789077
682.4713732,558.8437479
822.3441168,231.2055618
561.9688999,487.0402259
249.5053189,522.5222609
698.3810594,533.7231805
449.7811284,890.3846329
518.7171497,771.4165115
692.5094084,552.9490087
301.0494647,375.5089558
601.9981392,721.6741128
533.986022,318.989429
524.4802207,542.0392031
671.150257,440.0384522
411.1407338,269.9208359
548.0933066,411.0311278
572.9926046,913.5073725
652.8602592,538.6981934
630.8884275,436.8162658
774.8257914,416.9822595
657.090551,408.653032
240.1581332,678.0791016
700.1038386,524.9737986
416.5867984,266.5795129
515.4615614,582.0676764
669.0171867,412.3121296
615.0925196,926.4735923
460.1536075,353.7963002
477.8445276,742.3252983
504.5431261,851.5572842
821.9786329,657.6883997
192.8293885,514.2065726
468.6767955,759.630021
566.7180629,199.6246797
627.1948338,540.2648349
501.2303115,924.3277525
823.170092,456.4257469
867.4408886,717.4455534
602.1355871,670.1312495
628.6959588,718.9074541
645.9396454,388.8992998
569.1936517,510.5294645
668.9806787,327.3077081
828.4488823,540.4376688
631.6373271,976.1612074
778.6309313,916.6316085
566.8185384,314.4317288
663.8386921,406.0518108
764.8201145,134.1548975
480.6113709,680.6977901
358.6648641,374.1653143
422.03517,586.6499895
671.0732562,354.6636037
396.4027022,296.1549409
311.6889446,713.4634996
657.3518891,559.1431358
256.4897655,580.6700243
545.9890592,748.2912647
730.8226847,443.8341955
558.740981,311.7615161
555.3630604,299.4645053
800.0298565,378.1341214
554.7742893,767.2357155
914.1840981,857.5524183
130.13206,714.4187663
464.204925,791.5102283
557.8843103,553.3941312
748.1041826,307.3701519
477.5168999,800.0930236
591.6809239,627.3787409
468.5977873,679.0612378
446.0522402,489.5600865
497.2017047,495.8076601
833.9308106,435.1314069
506.9332201,213.2728955
704.1488493,322.8376786
606.7175206,310.3939094
279.8524941,602.994222
454.7212951,383.6154967
366.8817269,454.6985153
509.9860597,723.967505
821.6983442,299.7653558
213.9364299,640.4875821
574.2431625,581.957336
579.5032269,526.0030922
837.0284725,568.6253903
528.8739668,331.831602
559.1639158,360.7841009
620.49535,866.4129137
505.6914108,219.472664
754.0894771,441.5378573
178.7791353,547.7469214
703.9878668,324.2614689
435.3217826,502.3693727
248.6290835,740.103196
300.9333493,674.026552
828.3075395,741.4107329
659.2658968,509.3263341
473.3736459,933.728124
647.0918101,175.767981
718.4020159,200.5505069
745.4093814,601.7027524
362.4222455,367.6140487
401.8373216,736.5716971
725.9422909,436.8188985
715.4398694,410.2944526
361.4141051,466.2130306
829.5796097,747.8302001
287.9900492,632.4651599
693.9035113,625.4260647
276.6630456,367.2732701
500.3273805,654.0159718
899.7833867,426.7763755
487.4034055,388.9490899
600.8159382,538.1122464
464.0190596,346.1400634
798.9421237,480.267005
709.7971832,575.3077021
817.4205786,315.7847517
423.413663,324.4501194
307.994497,666.1044411
664.7855316,559.6328458
727.8858705,518.9265761
339.4724296,587.8644861
602.8186615,343.9480482
836.930349,536.04643
416.2028583,580.0008989
594.3271577,394.5539478
326.5470164,615.0074943
536.9845566,462.331727
602.3941238,493.7432854
500.3825993,264.988342
697.9312193,543.8001992
568.0386855,571.72704
569.7082384,368.1784751
616.7137747,536.4049475
588.4866965,605.2958254
754.6423844,629.4908163
838.617639,163.1437099
464.1505152,613.7165262
520.9500813,486.2432302
576.3027825,479.8368842
557.5361291,402.9804989
395.2745515,330.4074148
474.5716216,234.7935367
493.1977561,445.1477708
790.2766641,526.8657782
584.7601303,545.1257048
764.7225303,375.739206
800.4731501,340.9718033
514.8457203,637.3960241
775.3599279,416.9242791
503.9238693,361.2747929
490.6593982,684.6307643
223.9918877,520.8669668
541.0883366,475.0839311
558.4074359,392.8271132
463.1686359,415.0537575
554.243164,549.2510904
827.2918188,540.2820306
554.1319623,765.4701436
789.4967994,399.5319695
449.8951464,499.8847809
563.9230259,582.663548
473.6563165,515.0230414
734.2708798,353.7470534
621.2234714,646.5945401
805.5772056,171.4811487
435.2435085,517.2421142
492.4220111,675.7320332
687.8410363,428.2673604
876.5979695,441.1070053
469.2413128,672.9677563
565.6990765,486.3868545
511.6005585,666.6600921
836.2652514,570.7853961
731.6444205,444.1911042
679.2154404,642.8537685
589.1250237,503.0822498
405.6876881,426.3671904
690.4279166,473.5944715
703.9103418,194.0861806
493.6173352,424.0893642
505.6886394,409.0804156
363.3185102,264.963938
605.8690294,557.7547397
430.3389958,650.2066057
814.764862,628.4936157
604.9044678,640.935003
662.9928974,640.6285738
411.0222065,493.3577939
574.8507643,525.3012052
757.4382902,306.3854667
751.7869452,539.6303097
416.8961496,646.0037875
463.0985862,698.4626788
625.6616952,480.7640696
740.9838912,881.8094222
586.7065562,750.0361307
226.9850742,669.5695184
910.1279718,606.1388086
471.1987645,827.7814657
872.7375658,432.2914317
855.9477941,477.5255651
770.2362177,619.6795465
924.302325,957.6110862
542.9010299,468.4441382
721.2157338,606.9038785
809.8648285,682.8410391
531.6557609,175.7221608
420.1083239,272.5923859
433.7841797,638.9535559
543.2351292,442.2792755
665.5185667,473.8706045
705.3976096,258.620378
721.9381026,541.7212196
716.5695331,796.2981578
616.5635184,934.1380194
579.5419969,461.7017566
722.2811754,485.9439049
563.1003015,478.5474205
468.6225953,304.6177846
410.7035373,354.3583446
230.7154605,391.9967917
783.5856294,327.6831288
725.7408456,325.9028686
469.4791312,337.7901719
301.9672116,703.4989943
979.5234208,519.5478964
572.060581,568.9942085
458.3057395,811.1234494
721.8651017,607.2469973
364.7361028,616.4597002
570.585088,523.0266801
651.9153223,413.445579
282.7260899,606.8892946
411.6662863,299.2993186
692.5391002,477.7875322
589.9000646,795.463574
594.5858293,560.0539822
643.2615177,871.3460971
790.1260333,561.2066957
904.1755749,515.5953866
391.3688612,528.4443919
683.1221343,387.1149444
748.5119719,388.5204108
774.8492362,664.9860562
586.270004,990.0254447
486.084191,806.1685363
411.4135471,223.9993159
332.0751303,332.8983374
720.3332215,541.2104695
517.6757371,757.8933662
195.941297,769.6169245
556.5507294,330.0796112
501.267224,604.2666363
576.3484436,485.3372312
394.3480258,656.4854364
509.030112,507.8598159
373.3909561,449.483432
590.7225943,567.8779547
553.7196339,725.1419063
843.2721689,595.8957465
724.3671614,518.4920677
591.9192217,547.1465785
430.5441563,305.1616305
459.8717159,216.4754417
710.2253013,521.0490775
609.1407069,532.0510041
834.5972266,454.9663744
474.202048,436.1206052
857.9303534,342.6590441
523.9295305,370.8782317
516.3073711,496.7162917
833.1172244,464.3773599
617.5888866,593.7156198
611.2671858,275.3703063
503.3799505,943.4183767
674.5858532,441.727072
476.1139734,618.6940464
907.148133,468.1157497
790.2996894,151.997177
586.4737563,732.6792152
273.6400325,712.285212
447.7748996,217.0593411
742.6299543,449.3318472
503.0080998,530.8229892
626.1082245,915.7632394
387.8953638,344.5657748
657.5653789,591.0306143
577.6614561,467.4476271
396.032799,460.0054061
401.0444237,278.314521
461.5157116,433.6562805
478.7174373,412.9997461
500.668296,371.8602634
576.670079,518.691583
599.8426878,499.7971521
832.9722413,653.3930635
832.2989792,237.5328454
509.1114422,620.0513943
414.8486939,395.8353465
327.7073756,562.2886418
599.5836567,571.204861
182.4140946,737.9639168
873.1275881,694.8471449
940.1084347,525.2609218
592.9253847,312.1603588
677.1559851,748.6992379
606.879327,388.0898722
468.8708853,321.2527131
783.5640721,186.5744457
456.4057538,627.4184184
941.7920244,866.2437989
169.4156955,530.1630153
808.9915592,319.5797011
761.117877,361.0737105
503.3732092,682.2965664
466.4075057,422.6356957
955.3815465,875.7001868
634.0064781,291.2447825
453.0387091,583.6611247
758.4659056,642.7504275
859.2986296,482.996598
531.6557609,175.7221608
520.8310747,616.4119787
650.8572212,540.6778018
644.2264837,972.8449778
692.8542939,467.164223
562.8956952,413.5972474
796.2545582,813.1391415
370.8138581,350.4256421
332.868148,352.3442196
621.4623684,436.2017778
520.1835644,607.1262935
430.822872,268.8849817
570.7835971,478.283761
751.1530374,910.6516016
555.9216453,487.5065975
666.2272881,576.3593939
454.7881989,405.6226512
500.950652,386.0108509
571.4027041,294.3315558
206.0742199,691.1495608
946.5094583,566.8682178
621.0560771,662.472025
465.3779729,552.5772027
531.0715589,557.4504208
216.3114833,801.9106002
502.2533278,616.2750613
619.6697492,442.070922
407.0078014,245.2566319
656.8943489,878.6831804
685.6204788,398.4259746
570.2762461,521.4208417
701.5764853,275.6607935
681.9958712,561.6375059
544.8210748,214.2028179
810.9880506,392.1246829
691.5690406,379.8640274
424.3649218,425.602789
594.5583247,277.0095958
535.0048436,555.9066999
733.5293956,438.1069205
401.3153794,594.7817492
511.4150227,815.9895009
712.8914894,533.3736055
586.6918602,473.5017655
695.3796635,444.516317
649.8928394,355.2586187
759.2912217,877.2355711
351.1682278,503.6608422
543.6900178,709.6848892
860.9640927,574.5331881
694.4369287,570.0790797
642.8624021,406.0530853
284.5072338,673.637634
352.303809,994.9478679
647.2209137,656.5679044
777.6053234,205.782535
956.8214454,590.4210363
472.2442068,726.787443
868.8280105,727.1201357
350.1925206,274.4011662
462.2784534,399.9230814
329.6458917,615.0321282
502.4290063,624.2413627
450.0357252,899.5707589
751.7945405,644.0230508
581.2626189,527.3944761
486.2310018,681.5989417
756.4995553,555.4477247
801.3087579,536.9120829
786.4508059,252.268586
644.0882869,523.4033335
730.2886981,545.1265197
501.4745417,412.7671349
461.9813264,648.266215
777.2482437,650.0432367
804.5693947,848.5336312
678.0573732,526.9893235
721.2363023,202.9551379
582.1345699,179.8830659
454.649268,237.5365227
541.0980141,540.2427084
219.4025087,655.1945101
473.437913,514.1389601
435.042977,639.0993114
507.2721881,660.2767294
438.8310838,870.1482738
753.4008148,315.0677166
361.7411186,736.1003946
550.0290064,545.6239395
501.6421157,373.5037107
749.6965549,432.1474313
652.4157522,587.8332289
665.2952046,508.2963511
703.9679575,477.4028347
915.2164174,515.6004011
746.2331695,527.1982411
404.5010378,591.3022552
309.7768244,709.3922291
289.4328843,747.3788722
564.0800984,571.6210247
313.009717,763.8686303
464.1205538,648.4652498
826.5043739,844.364076
360.68886,293.087181
748.3390498,898.8732178
561.0715567,309.2780108
241.9615684,689.7863836
529.2542366,304.5653201
827.3668271,183.7010194
561.5740989,192.8617176
550.5639218,353.6529893
460.4488918,501.2634614
746.9310898,776.0821284
426.012483,331.9118344
507.9654644,431.7787594
425.7113112,583.3024191
735.1112215,289.4736529
472.7842007,641.7671422
634.6548423,538.5208047
542.6884838,780.6166781
572.3393566,396.0118578
573.1440593,527.5805358
767.3249756,915.3040553
940.6301971,865.858788
557.1856709,350.6988919
161.6092735,716.1093501
574.0716935,980.2592429
834.1115676,394.1855266
917.0458591,636.9260588
399.0421647,286.173428
573.178455,570.8668404
385.3527963,613.8093158
610.5523073,958.3334282
519.8093468,578.0026322
620.5125927,892.0540304
369.0366541,781.2252323
540.8911308,307.4294904
530.7575937,625.5152396
531.6557609,175.7221608
189.1346263,690.3098998
617.7360269,440.0510303
707.3205757,709.274952
713.8069443,544.2172821
655.4385106,548.6474253
509.238014,506.7973011
551.6365092,549.9960187
334.874212,512.8965493
644.1426368,406.0813756
767.887066,450.7739405
456.6883045,325.7433858
207.8885011,519.7511727
706.4540178,507.5377582
568.6566539,397.752148
561.4798703,474.221266
570.8438045,485.5686514
570.8055888,507.170507
679.6871673,437.1290676
496.1512738,545.9763351
712.1280585,355.7284795
533.726931,549.4535308
847.75129,402.6411201
586.8736808,987.5642332
788.6920668,254.1084145
720.4606472,394.8791188
520.4481383,917.6107151
571.9606598,983.0307281
919.1464663,864.2088218
145.9357579,434.7590786
828.2293702,372.3696136
397.0087759,604.6434777
763.4176374,373.2405527
211.4930496,800.5547985
495.2492266,573.5027663
350.990407,275.0346885
432.1076159,363.7909971
741.3861976,423.3034003
412.7504237,590.351815
586.2609107,534.1250736
414.3761431,569.8179066
476.6542819,773.3504877
534.6534866,475.1488065
826.9736739,378.4555941
579.0425707,589.7191493
695.5694838,555.7214132
564.2530954,395.4728801
565.6588683,511.5007985
380.0877434,834.1302281
815.8546322,439.0547281
469.0820531,250.8095687
435.1679009,459.2838998
892.2051506,845.5291587
526.0670052,591.865407
416.6709898,526.9942754
388.0079586,586.7231388
647.8400506,664.3724248
476.2427474,494.7928669
437.5913719,549.2117472
825.3237308,390.5067888
665.0589741,431.2331793
505.4281252,789.7221329
536.4645769,460.050098
511.1149145,555.5418515
606.7771288,507.3562951
484.7394345,712.846964
824.775168,372.7248716
558.2950358,709.2085722
701.2217576,493.6907165
659.2175541,582.6874297
423.0476399,360.0076647
782.0929086,541.6107957
305.4955533,664.714478
617.4517234,560.1294716
632.0244131,638.2737955
770.7195847,635.5453934
603.9327454,574.96918
618.7914015,263.1059317
732.4403145,264.6950968
856.5432615,715.0636549
651.1131363,464.8610316
533.8565888,301.2103325
599.4031843,335.6439351
505.5575884,423.2132016
425.5015815,408.0586021
451.6157984,414.1719118
601.6887281,569.0849922
150.6480084,512.7026335
884.3303568,532.9520931
621.5556232,567.2364718
865.3563707,721.8019413
855.5778759,615.8361443
699.4363291,198.2224309
592.1857731,314.2795799
776.4050257,394.5205595
430.904307,817.9312915
459.2289844,777.3850269
318.9284972,408.3689384
450.1720345,496.8629874
371.2156102,778.0299781
413.9718293,447.9568231
469.8612886,663.7249454
568.1566585,477.9274374
755.8235518,492.4442731
788.4030443,440.6672107
380.1895522,581.1259907
752.7768542,905.4297487
789.9686312,325.2208098
463.4649539,907.2478059
346.8415952,358.8654608
637.6593243,881.8370229
784.2749957,296.2220728
641.1447164,555.6199318
459.3009067,228.3183874
548.5040022,466.2649518
810.2617868,442.7509123
529.9150647,477.7798015
974.5317055,531.8249745
828.6311223,394.6721861
796.4558087,578.253233
818.7606761,356.2191297
444.8888699,522.7058133
839.773459,588.8265015
228.5399049,762.2414384
688.2927191,614.692833
581.718646,488.0862764
839.1161813,730.6831007
523.1989373,544.6680669
523.8268229,415.2983617
772.3412442,489.000424
756.1026869,61.92873481
509.537478,379.3930592
487.2010163,489.4396544
499.8993972,672.5439247
514.6074674,609.7515636
560.3011298,488.3574158
745.9242377,477.1982839
597.776701,403.3672231
435.2104311,575.8717733
744.936516,528.786069
476.9247283,721.3472703
537.2936682,607.1256458
755.0046773,60.33198526
367.1122498,339.0027463
756.6188615,342.2544766
736.6473263,390.118999
387.9616983,614.079515
584.4677522,401.3184352
553.4084999,545.2452594
445.2962098,528.4427622
628.9103025,436.3720209
599.771934,190.3266463
634.8762419,982.8990133
871.3840007,534.4334668
579.4258816,233.8092067
610.7584266,832.2353652
842.1007989,359.9849113
750.3308972,544.6345949
665.2438208,527.4303926
862.5344135,741.5089758
498.6749206,447.5428951
404.2133037,505.5259106
431.7697115,537.8097662
571.2177525,450.4905572
731.1553459,526.7822028
216.604955,399.8241281
518.4216856,748.2156916
502.4820979,494.2439855
500.2177069,192.3149674
683.3650911,381.3929138
694.9997532,499.9752095
744.0070391,424.589333
354.9826408,294.2934872
713.9447367,526.4681265
549.5268537,398.1390603
727.7707589,467.4980022
524.8233983,743.7675797
631.1708285,462.9604437
566.2435796,339.9279676
520.9730766,416.8783753
451.7066263,635.5834411
741.3701832,283.990606
650.0461218,325.4976115
494.2982225,335.8173958
752.1130599,367.7318691
577.6322138,904.8975198
762.759326,358.5256224
289.0187432,672.1049658
312.2385111,464.1476739
894.4204949,466.0238786
521.5055802,430.9346898
673.7843415,874.6250312
588.3305977,979.9502856
430.5240971,580.0895306
526.2569753,703.948212
705.9199562,517.1040059
808.710117,369.2081238
569.9848718,572.0249236
699.6159176,512.2247494
765.2193648,350.2412121
509.3112995,506.5876314
650.6832055,666.4531594
432.4795115,522.2293083
776.8869994,425.0697661
732.5626318,449.5551188
536.9954476,479.5277389
362.7354618,374.5866805
637.9855737,568.4833748
686.5856696,423.4042758
295.6531959,634.0990796
608.6020613,615.8780573
440.7379757,569.892414
443.097554,831.195959
435.439381,925.0189209
440.7327474,418.2160412
401.4741747,455.7800643
588.7892465,523.9628707
575.061183,547.781459
676.6034374,432.5167301
506.0556813,451.4544948
835.3785144,370.4668318
616.6878581,632.3298722
853.7128102,397.6998716
641.8604188,576.5312249
699.42015,509.3328112
573.4247075,460.6381135
614.9006469,563.0642005
502.6599636,540.5986977
517.9223193,575.8276037
528.7129543,421.0214789
266.8109806,720.3229704
601.6252999,726.8181361
435.279537,517.1039641
703.5047396,538.7466045
612.78437,549.0955566
540.888614,618.1883944
450.8827783,985.8127647
570.6588979,452.7421617
422.1814115,454.4383869
490.7901047,596.1073176
639.0684079,563.3180816
847.3990491,523.565428
787.7489276,399.4806542
726.5390916,631.6287165
608.2160988,562.8604855
523.4596313,412.3707786
930.1027877,851.7617514
896.5921704,566.5554996
436.8285402,781.2791384
667.8575915,694.5736444
421.4380098,316.920771
660.6460527,396.0543141
374.7096012,258.6769586
530.1414229,467.0205569
554.8426312,731.8590273
486.0545442,303.6500025
145.1330626,699.383993
650.1851875,382.9681845
553.2374504,751.9922335
477.6364009,400.8100252
463.0696884,258.5716327
498.4602923,410.4037901
576.0941015,418.7009247
782.4738226,328.7407962
615.324945,257.6328095
699.5934765,553.0347362
854.3511673,621.9764488
704.6723045,257.4829588
843.3445406,511.2621281
488.7793368,599.9744552
725.2599955,207.0366882
586.5695728,928.9541516
939.1686362,885.1128647
711.6003038,513.3635476
980.6470923,583.160341
896.3238663,838.5989623
873.6289468,777.2967086
438.0633984,266.2470291
400.559319,856.1100116
551.0647262,295.9463994
278.4848022,667.8411376
873.5639605,331.3733164
759.1835555,474.039594
633.7016211,515.3141554
791.1965084,847.2211424
706.8497626,137.144013
762.2801687,557.7129311
223.781424,654.8068666
660.8111848,547.2212949
145.5706335,698.7131542
432.8610097,264.8793597
748.9092149,946.7112678
714.5454473,129.2093031
437.6348758,259.1519802
799.5994913,474.2105892
355.59222,290.4908489
442.7232166,363.850252
709.5975655,326.527699
767.3489896,359.3342142
567.155514,352.6434195
729.9058666,343.4567294
484.635079,764.7360174
499.7721512,500.9437437
769.0044156,463.3866782
708.1331882,301.1768605
638.6840933,627.4260446
504.1051207,628.7440702
664.1836824,850.3298961
451.9629309,330.3524639
283.0419277,649.1261849
226.4373203,520.6859007
802.5161565,425.6483167
391.840648,675.8600706
617.0220173,855.8435733
530.8617544,477.9567097
625.7281195,535.8581764
750.5601617,529.2841156
472.5325551,409.9254464
178.6081307,728.5827677
726.95539,540.3867505
444.3813841,561.4648601
805.2905501,243.8862881
546.1675541,188.7129936
592.337902,407.6738001
159.2356733,714.2546451
472.758389,623.7925629
450.1934719,518.4697531
713.1546252,408.4040818
478.4152319,355.9850351
901.5061959,585.147116
765.4573181,264.1460274
618.3421905,482.8307218
561.3756347,689.2960259
170.9216891,675.9214777
800.8676965,441.1699167
874.3099389,439.4167767
566.3578073,464.089986
666.4059478,498.0946379
464.5583494,499.7288292
50.62349252,607.5392395
470.2962079,201.7797128
609.0270634,660.1480442
749.9774129,439.534409
576.8996431,904.7576146
605.382936,297.0652649
702.8490199,467.1485317
658.1538653,473.3626333
242.6977943,825.2042932
782.7018886,685.4623394
650.58282,296.8527745
659.8479415,129.3131455
600.0002097,625.8098429
860.2594161,583.8736778
653.1228557,487.4405729
525.8427293,489.3835335
708.5968106,434.5349921
671.8044936,374.5973991
526.4046999,465.2333599
575.3934547,590.0065024
551.4158586,255.4080327
703.311294,411.4403756
578.2416432,741.0378404
670.2531834,555.2300735
742.0361198,441.0322889
614.8274813,636.1653974
456.4168095,364.183885
445.7918609,329.3092969
633.2040525,582.7523886
752.7120777,359.9036551
430.3945591,486.9725926
394.7141539,439.4128277
512.5705132,670.3746001
490.8496979,723.4270229
656.2319328,583.9661958
518.6288985,699.0400385
542.6229883,518.8066454
640.0455233,523.7519055
383.6187367,583.3495766
465.3162974,502.8045497
615.6492769,264.1202653
894.7624441,910.6114436
375.0550259,803.5121971
665.9070609,432.1497923
680.7833792,642.8130673
487.6164608,653.9079297
704.4786042,206.730259
708.8731893,548.7699051
467.3168036,490.6799967
489.7182814,760.5431865
467.856393,636.2170261
724.2246801,545.1373009
657.1941425,426.2328012
453.0266647,616.1691086
910.808949,452.532889
710.16815,209.0717489
779.2390424,695.1940454
787.4671108,665.4010915
623.8444477,561.9226234
565.5703624,504.5489352
562.3424884,678.4192535
480.9340849,381.6889378
422.6824856,763.2080504
745.2139583,672.5590309
496.4757555,682.8280641
534.0889693,761.256001
708.5712985,404.5509222
576.1622636,673.4671611
747.1218839,286.6750057
527.3932006,807.8277167
272.5688982,634.0334311
331.0967415,261.1634099
628.9812061,553.1519924
717.5491803,508.8526079
517.4474914,411.3423208
424.7748983,682.6430699
463.9814281,625.2863893
567.2614425,685.9699554
790.428044,644.2257421
854.366133,816.5831369
432.1647822,410.7279163
709.244995,507.2598491
493.6900815,753.5065568
732.0991743,515.2173333
840.5911799,418.2688608
641.6075597,634.6084925
806.4817695,165.1874206
367.1875727,335.0019716
590.6727685,541.553066
842.6226512,721.1131757
953.8213527,478.7242242
694.8319845,236.2371344
645.689378,582.2869155
426.3594507,416.1340738
285.5017119,596.8444525
520.9905142,355.7743833
552.5711094,486.8389346
499.4296477,199.6430245
900.0434665,424.3077257
698.5534123,900.4307914
665.5871932,177.2835162
750.0626829,537.0431918
747.243572,546.5500174
458.8404003,581.687283
487.0680478,353.423533
531.6557609,175.7221608
872.358854,596.7992382
603.7279444,551.3935036
635.2573057,622.8892592
489.9181987,619.6925633
528.5459197,388.6928268
791.5406597,571.4580944
749.5131763,467.4592232
450.0861652,994.4314138
569.8354693,174.2748649
450.7655394,538.7043153
728.2408679,521.5927772
394.842014,451.1241004
310.4502364,711.211143
686.7041968,357.0467977
521.1370403,546.8358662
825.7921769,544.0987096
975.6560662,521.9289174
678.0719644,256.0316304
924.2091301,862.3478904
808.4873691,445.4694942
501.1528464,452.8116338
660.6964477,529.9128741
693.4547948,472.2534417
822.8948069,565.0173572
700.9075826,193.8302518
442.5968395,890.5654483
569.6439263,570.1464623
452.036516,640.8696888
490.3660014,256.1136806
502.6068271,494.6662919
799.4380444,426.8941123
198.0085122,741.7495893
75.86542877,623.6158218
401.8861436,407.4928594
926.3574957,456.3856307
724.1000857,316.0225028
524.0732852,386.6901725
711.0537634,405.3845658
435.3626799,565.2048795
641.7918671,552.921387
787.2057428,886.1062208
448.1783894,868.8977353
287.0490223,382.9102458
662.5357617,487.7445366
477.9362843,777.9581033
637.8502082,394.3203755
571.9208861,372.6711118
782.232244,476.8448227
486.1609221,574.7978505
844.2174354,954.5932207
480.7108726,607.5000845
567.5353644,492.7384376
547.2950456,546.5705979
252.5101754,592.1816354
505.2350242,456.8014183
783.8365109,606.143447
575.9292989,522.16717
560.1054521,205.7014878
724.8706024,521.2424083
593.2436494,392.3178883
330.7041725,339.6470708
212.0825247,646.2289396
974.1832547,607.3182662
650.9732616,536.6279475
289.6591976,671.8015454
647.3325947,562.8940828
701.8464972,510.1634879
426.5790526,655.6458172
820.0253159,312.7388467
509.2559009,222.9700014
769.386573,668.206383
823.5822108,503.6654389
476.882228,419.692672
570.3602429,503.3745965
747.0238203,556.4810717
387.2129784,390.9393959
545.2525785,420.8977873
640.1348082,951.8831843
558.1956989,254.1893155
699.1123717,232.9770048
525.5531376,571.8893225
599.1609017,585.061681
592.3877128,566.1509738
474.0663829,919.6826952
662.1213809,894.3423872
522.410249,354.9653318
421.3321263,568.1966485
582.9049368,269.303778
601.3577747,581.4349062
667.6325216,650.1251823
700.9044067,534.9534937
654.4384747,547.0990659
606.4858293,817.1723225
504.2404263,447.5234847
688.9214136,555.2622501
315.4352403,543.9651143
552.0069367,444.3353553
752.8550384,952.439295
921.2752072,640.9426919
873.2915817,693.4990948
517.5785125,228.2736536
557.176278,482.8275668
453.7498125,807.7625906
648.9765156,506.4612445
718.5236741,620.018779
591.7451761,831.5769165
673.9627615,567.5375104
754.8478146,567.7426879
870.4368466,447.1465806
597.5612787,674.4549386
510.5659322,617.8255519
681.7510418,908.7318749
492.2983155,764.4890313
505.6016915,305.0047177
280.6321192,349.5141272
496.9566356,430.3061611
778.9219162,317.4531044
609.0136557,695.1191201
461.0661861,517.1982789
386.7846206,850.0071488
560.1618693,724.1593732
627.9708035,481.7492562
418.7024012,593.6725367
598.6901185,729.3473571
514.2352871,366.532625
497.8000634,513.0117162
420.0682206,754.2977441
805.5573861,421.8688497
569.2318974,477.0640619
601.8671781,536.1856039
817.0795432,585.3846581
473.0637853,239.164028
720.8591785,318.2764474
656.515697,531.8615596
277.1410344,675.0430795
516.2836566,633.4528538
472.4182225,275.7788855
438.311164,365.0071443
762.407939,639.4117998
788.3588813,165.4920947
540.3719301,434.416524
522.3783701,564.7765557
453.8371649,273.9126053
553.5998033,471.6308468
587.1190046,624.1227692
721.4959476,620.2882051
773.3184495,763.3255365
691.4656889,476.9990611
828.5733568,353.7108443
629.0359754,468.6720901
808.0720745,573.1559284
448.9367868,632.7051257
602.0535079,550.1712345
633.1315909,744.9321191
438.2920936,529.9195602
914.2958241,475.5684803
602.2567808,378.1321156
612.3805655,555.2375953
594.4529805,575.4444732
618.5895966,482.9359432
610.204186,593.2905972
504.3027759,498.8410079
431.2414175,537.154159
643.7379185,540.8626497
672.2107699,413.4696069
450.6077778,540.9028285
456.5390819,261.735567
798.3029876,364.6822241
849.7145842,649.3003351
373.5831283,779.6797145
676.63638,531.3240027
460.5191363,886.4318097
712.1573907,705.3734022
404.5614549,456.1733283
496.8232925,570.4571329
572.0185152,485.7021631
718.5754773,531.1764504
224.1571846,769.4763716
730.5844768,507.7892783
540.4082582,480.8644227
963.0523783,912.7681691
744.0948859,320.6928834
530.7436167,465.7597386
686.1987783,576.2728725
514.5875431,504.063592
585.5661064,546.157046
188.8485251,518.141845
577.4581531,169.7870338
646.8713243,516.012971
841.9712759,175.8042318
856.4287341,504.9734355
606.2838447,650.8678959
499.887907,687.3565337
706.4891175,420.5800546
484.2242187,508.4159892
486.6108671,580.0697441
210.1071411,533.0707701
201.0376074,515.6830154
333.1306396,517.3185648
538.2199242,356.6443822
856.5827955,728.2295154
447.4292951,810.2523431
697.310899,192.4139624
638.1280401,482.5849892
531.6718201,977.2247878
508.4178063,346.4310312
706.9251904,503.0503449
555.6152603,392.7004965
786.9814968,887.5940926
582.2877324,459.5815953
945.2161305,643.5622371
627.6720437,469.4797
542.9396051,467.3094979
578.4723607,718.7588361
207.3476234,527.6441367
750.0367064,888.2783034
551.4492655,797.333427
185.3475531,733.3850094
950.1416761,961.2372968
780.3219665,316.1010427
808.1432927,315.6793004
397.6056515,827.7204974
625.0059455,831.0566388
825.1629131,405.872458
681.5044596,549.1721743
230.8917083,627.5674124
552.7392077,710.6996407
496.7046005,548.0787575
427.4697145,577.6445326
469.6399938,391.1831226
673.0158321,932.28438
636.7138781,560.6872329
564.4954081,437.1945698
534.6412024,475.4349686
872.263472,789.6326028
653.8322212,533.7520976
674.6470344,147.6292348
938.539612,865.1833944
681.5898945,465.2658499
577.9734289,415.8847684
705.038073,184.3624559
701.2016834,556.7261774
435.2173971,763.9964797
241.6309446,514.2745612
559.2588184,404.3411271
518.4172213,298.9767176
442.220989,756.5326962
595.6535329,737.5189614
459.6120556,940.4062152
573.2172699,598.4071868
641.7490973,565.3762717
616.533527,888.2976093
697.5566871,198.6886771
558.0615169,468.8466791
579.7985562,256.1302285
663.5864323,524.8346874
615.5503744,642.9043316
393.8077473,415.2771545
796.2648049,688.0836396
601.9116408,533.8142776
453.9146,389.059284
665.0940289,627.0363744
431.1136172,265.9584015
665.4586289,431.660145
448.8476817,494.9528928
612.4493419,598.3012968
664.6958122,995.9770152
737.7834019,888.3977535
755.1122087,489.3037399
680.9667128,402.8030265
635.1046974,509.1508467
797.6116138,375.6101447
362.9306302,314.7262067
555.5418998,482.8658861
577.1673929,583.7137563
454.5789337,507.0559252
911.7869333,853.5625503
798.0301293,324.4216411
470.8881249,427.3448553
459.3457589,651.1682241
485.9183848,401.9337589
311.5554666,713.1514709
361.9834162,371.3891698
452.1240782,782.1888147
655.7051818,689.4217651
723.5515827,305.7949648
836.1916812,71.62692716
569.0624358,569.853259
615.7931365,478.1127031
582.0330308,531.4469212
654.6712447,414.1692165
803.6015973,443.7380212
591.9087053,543.235146
811.1055142,322.4870171
498.4017627,504.0590789
431.7299078,265.62527
492.2554109,434.1369016
873.2763014,687.4449565
693.9871635,570.3383932
269.6509447,712.57829
430.7071012,863.6705545
760.6082789,867.8916966
434.2868717,381.1884466
703.2463078,558.0277178
527.4399104,333.1623102
649.64798,381.7670181
796.0693669,678.4060277
219.8039163,499.2080292
422.1339677,871.0555473
502.8321217,201.5507789
897.267425,477.6587216
402.6208415,490.6077667
219.9164961,390.6039243
656.0889721,674.5253717
705.4269567,280.9978341
427.0579852,964.9629204
727.9115474,273.5665823
392.929834,436.7943691
863.6249627,590.5408416
776.4088607,564.0938492
829.51726,471.393639
495.666289,372.9152564
565.8675793,503.3405396
585.8995016,290.8646189
507.6250432,497.737562
834.4358846,249.2472731
452.9321515,629.6182061
595.7400464,570.7806741
628.0869788,646.2652531
750.6932801,644.0348559
696.6197349,547.9460607
856.4918478,515.4934455
531.1341632,468.5145714
641.694268,564.0981116
726.5134896,309.541127
555.614721,560.8284544
300.4624464,663.8622806
608.6243825,213.7200656
605.1808765,913.2228819
566.87551,491.7103141
858.643614,396.0675608
477.5266823,301.2241642
632.4673621,584.9591549
600.450709,500.9500328
834.384351,557.5631431
272.1032835,633.0296698
905.9630257,484.0065648
524.9723213,543.4443352
953.0080961,918.0477099
278.3547848,856.3347667
499.8648517,738.2457121
522.1245673,474.2424732
584.2679997,466.2404642
701.5979976,498.3316577
469.4781574,492.1227586
696.5794818,498.9230998
475.6018286,354.4098062
931.0081007,449.0720113
832.5562725,562.1918197
294.2150497,296.3156773
453.5363976,785.2998458
556.468755,424.3268436
444.4394342,601.0246844
558.7104803,453.195015
150.3330844,694.1092369
510.8796428,452.2014708
174.3039991,731.9641442
585.9415674,385.2027396
482.7498343,911.3757405
755.0981718,59.43292303
423.7929141,341.746777
791.9761334,555.3232392
389.9595529,363.2246903
387.5909712,443.7199898
354.949114,591.4169624
527.6798111,556.6925801
871.9436942,537.496254
351.576916,467.1070992
598.8613778,579.2615701
729.1340765,161.506092
569.9136536,982.7918905
506.7273554,427.9282533
478.7226806,408.2364923
663.246865,566.670562
391.1950403,663.2812854
478.7416012,809.9337955
252.9132608,730.8229641
749.7617359,259.614946
264.6660906,424.2530048
224.5853476,549.2983105
538.9634457,423.9704155
480.8068689,521.1076639
968.6734323,700.4310463
371.0551221,634.7104335
616.8790267,947.4220973
617.1505966,474.9687851
459.5156998,639.5965014
413.2918408,647.8054012
412.6892876,460.3802417
491.3133053,408.0596885
645.1015208,247.1277386
567.42629,508.364653
471.9565476,279.1999604
829.0307022,751.4643923
722.2819844,495.3870252
586.5298141,757.2862955
686.7905155,176.0067977
360.9139299,716.5437541
298.0722026,668.3426527
453.6289483,517.5316193
647.8464473,607.1628996
387.2074655,867.9418418
980.0806126,597.3241334
410.256978,603.6472382
509.0932856,359.1479038
913.5052932,452.9059904
466.6793903,288.266678
597.9279311,445.9615652
486.5074105,720.2194414
740.8447506,745.5668742
806.089665,465.7250757
747.0842374,529.3454599
707.3930523,577.9738405
711.7784242,500.4174068
328.4897121,702.2568133
759.6629525,559.0010159
855.2903965,937.8406807
773.9585444,436.4887548
644.1155817,588.3432268
544.7640133,473.602035
477.2896878,533.7065072
659.1372277,363.1500783
729.5513786,435.4841578
507.8338141,704.5479908
652.1665933,474.5686471
734.9530704,659.7227917
585.1415237,472.711602
801.2778528,599.739483
330.2749308,316.8511318
93.28089893,616.9181739
513.8643803,632.9026561
240.1650992,655.8727035
749.7915175,361.5275458
731.3834719,502.4009224
717.2041001,528.3025018
617.5620113,521.5080318
391.9219482,512.2827925
900.4427018,843.5392705
558.6198321,548.6984272
502.2412983,465.5700225
781.8459819,127.182976
751.8390631,539.8594107
737.3646467,360.4640281
465.3084325,499.4362736
431.892598,600.9186481
509.322595,381.2328042
790.8166281,562.9302291
576.0449349,982.9103586
747.9503759,317.3742302
549.6565415,472.5974589
711.6370814,536.3983868
606.8075246,561.3739509
305.4951339,415.3314367
186.5036428,684.498151
461.205866,606.8677531
565.9534935,294.1308913
177.1847256,730.1367266
461.49369,835.7081732
607.588378,591.4810438
232.1030617,798.6164137
282.9019332,601.972868
642.8993745,515.0840097
646.4663963,505.0893127
500.3511848,747.5750445
203.792631,732.868618
254.5397741,731.7627484
257.2988575,734.0964449
539.484534,365.7832254
421.3193478,449.2623751
500.9959836,441.4585234
327.5125218,477.4371215
617.9327384,632.4538981
514.032134,568.0559912
737.0683886,353.8072276
477.3902232,603.1814099
482.2119976,401.623945
747.189297,571.1452718
556.067692,583.525461
773.1394902,474.5528722
430.5590771,280.407771
584.1221777,403.8049283
656.4713242,514.055134
804.3635001,421.2595224
613.1153983,543.7201966
785.3963901,254.4165152
192.2531563,371.3030454
549.0434868,296.4957822
957.7334098,638.0869001
227.7073382,543.8562365
650.8980885,404.1533123
261.8450171,513.6945271
604.481488,397.3378022
621.4974682,385.5244421
548.0589859,790.0575419
554.5194678,567.2479843
459.1161349,318.4352406
536.6349972,288.5554937
502.8453496,470.9258676
254.8874759,686.9881125
409.9392975,595.4998917
150.7286045,520.6091576
734.9899079,881.5773751
662.5118975,555.1872203
354.4092998,506.8763008
712.6031711,277.9978747
586.7037998,354.1013503
615.987466,556.085196
710.8776354,500.361286
885.7772367,603.7810215
531.5435105,472.8465553
957.1696565,922.9068247
636.906275,450.1916916
544.7620359,407.6352927
797.8471702,251.1298713
973.6243402,580.0684696
555.2831234,402.6843913
531.4962315,474.1121792
874.4907858,983.668868
916.5689788,604.969171
552.7152086,547.2947995
579.8093273,506.9498053
751.8717809,237.4198515
877.21426,436.3657318
286.1543156,647.2637491
899.8833828,584.2845762
583.9143206,639.8902689
619.7417764,664.2797397
566.4127715,205.3112534
512.9098707,417.4985256
551.6733317,416.6264373
595.2102993,232.6253405
498.7482511,587.9175774
442.0128473,630.2413233
175.9820459,478.3346585
953.5494083,867.6183215
562.0362681,642.8573205
506.3135289,428.4953123
412.1108682,443.7700514
650.7305295,540.5535461
196.1211401,657.0013682
657.3714839,636.8202524
644.9641928,585.5823348
425.2899943,384.3878378
264.3687389,409.434232
702.7630457,625.6475186
538.8225074,735.1886289
489.1722653,702.7467114
309.6780717,850.5286592
652.6211224,612.609612
877.3100016,741.4453749
719.5944787,504.7229182
647.8627313,172.7971685
961.6248385,549.7266761
974.6949801,915.3412046
615.248154,526.7928796
738.2598027,529.4510156
865.7183341,666.4506939
407.8202042,348.4139826
484.9650137,573.1791833
425.7495569,508.4873835
461.7193142,455.6804425
615.7215887,526.7124174
271.2375794,706.7562405
226.0027006,783.9091514
660.0498662,575.3773831
553.4267165,695.1409542
858.8461379,615.8336788
353.6286412,273.6865339
419.2492862,357.9655001
498.6980958,611.0770274
687.1855563,378.3927454
467.1424733,537.0774577
902.8835354,615.8049289
491.3272074,440.6795799
750.9848192,922.508379
637.5195545,605.1627943
790.8260659,539.0434016
917.7755385,667.3615821
703.8733245,286.9433036
693.0934755,477.3166685
536.580108,480.3789124
417.4863738,435.8013263
460.8472733,715.0687739
407.8833777,454.248023
333.2788885,317.6636517
167.5703892,671.5353578
775.9686532,298.7836167
805.7606591,669.0943715
584.010227,459.8972595
564.9662811,461.7574805
473.4044312,392.2042258
610.7574978,589.2886107
463.9548524,951.7625851
259.166485,721.1560707
425.4211353,721.3564218
737.6059856,424.7690828
812.7558917,721.7236312
635.6615146,636.667205
772.751745,421.5962895
598.5739882,506.5842257
466.1941058,502.8507669
694.3517335,248.2530394
503.4743438,508.115076
579.7803996,382.0012172
558.0252186,867.1107891
654.2942107,460.2584723
492.4418156,737.0544494
860.6689881,368.5988802
450.1535633,497.1491286
723.1141017,489.0810951
336.0317698,512.2898129
490.6583196,340.515628
703.7570294,478.4489896
822.3675765,544.821762
438.2369797,537.4439567
226.2395902,497.3701229
705.0307175,546.8162468
507.034879,712.8540888
211.312023,706.7095637
415.1166535,523.3134691
578.1325088,546.7989467
717.3796289,349.2344004
812.6828758,439.8483182
416.6915433,767.728079
416.3457591,614.8816716
733.7855804,486.3150005
430.8815214,381.5367679
830.0594411,410.8180942
946.1153464,492.1743246
405.5726215,767.7921395
689.2013428,558.295953
712.4456941,908.8680819
867.0719293,364.5750596
690.9331404,516.6949461
651.4742309,604.4862515
461.8345906,827.5488127
509.7716112,474.7467462
694.9824505,244.3435081
546.0448622,450.5376102
432.3836201,875.5113273
739.7714891,434.6628624
546.0500605,472.5188771
675.2504415,562.3255403
848.1891606,617.7631629
167.5703892,752.4980526
586.1216952,377.2940216
784.1806473,186.2272944
215.8818521,515.5322245
430.3933607,243.4041626
867.1841646,712.1810353
398.7108818,491.6656848
490.9692738,250.0817733
759.9811273,869.9697359
715.4978446,268.5068449
509.1176292,373.8891813
600.7898418,505.3323709
362.1325789,622.9601102
160.5922046,511.4749319
372.2329938,940.2803716
541.8976982,748.3319868
419.0311374,548.0444498
621.3560954,249.5650476
780.6933827,278.2500843
667.2768801,696.2010035
800.7467124,804.6365577
758.1990096,345.9264865
470.0257016,763.7401749
625.4303334,474.9335581
774.923136,667.6410791
560.6905828,194.2707777
445.3595481,511.4004663
686.3801046,534.6544401
705.3116803,229.058719
387.1281578,570.3814554
468.539872,730.4311836
363.0514345,475.1801473
506.5004729,203.6413963
787.8853717,401.3190202
699.327824,269.863148
594.2381425,418.1999529
431.0256806,355.3725737
598.0104447,759.3858346
818.8284038,950.8889506
733.6091378,170.1333493
859.304532,362.1181104
557.7531693,204.95961
524.6517196,449.4277499
462.6586783,391.3065426
316.7777797,549.0932165
673.8202502,555.7631591
757.5287287,230.8888529
949.8874838,496.7507666
280.6767766,759.7194257
676.5449678,394.7501619
493.4128488,210.0354566
619.3421515,256.6411666
810.3280014,79.34051749
607.9602586,509.2742667
493.2637011,424.6939694
609.4307481,268.1069993
461.6182095,605.5982221
475.2874289,271.9655496
509.5837683,430.0074835
524.0423351,396.3528244
426.7721387,519.352936
829.9434457,747.5884792
477.9645079,383.5848663
496.361363,451.5876513
376.4357361,960.6305604
526.0488186,461.9687173
457.8376979,769.2391846
444.910502,444.01499
746.363112,673.879731
772.5956912,195.6849568
723.8769333,511.783158
515.0457424,827.2254595
793.3506415,587.8193763
733.6041193,408.5229887
826.7169049,275.8552316
819.1271337,289.3998767
836.1349643,544.8467719
371.5347588,633.3994282
487.9166738,247.940739
755.19652,269.3306474
621.3252801,634.9010481
591.0381775,393.119836
724.3616485,199.6889073
562.3481211,434.9653426
357.8102607,550.610841
824.2986322,125.5199721
537.0966721,289.2946553
692.6915586,412.8994556
455.6721494,575.6459526
391.1772732,453.5300269
502.0418154,463.8517125
259.1784396,414.8131857
455.5066428,460.4402906
531.8879166,370.9482052
432.8915853,267.2871666
479.1793968,505.5327637
670.8141203,159.9593832
667.6488056,558.4326197
535.7305831,532.7122944
687.7176703,834.4185005
643.1063477,490.3635385
261.9302423,728.0873537
615.1303458,88.4076321
591.3565471,415.7811141
670.612615,382.8962678
486.5824038,451.6022143
693.2974975,480.2185104
613.5959039,543.9022656
384.5325887,872.5471799
847.0976975,364.5146973
569.914837,488.6553203
330.1791443,323.0220877
677.2888489,425.9089884
481.3043776,524.0258448
501.4994396,322.328788
618.8563577,836.3251058
613.7487818,485.5287024
666.7800905,432.0368193
533.655563,410.7951527
671.4664094,410.2609389
547.7287516,549.0204641
846.3565879,242.0218466
645.314696,513.5466195
480.7374334,599.2093016
911.3502312,477.7730736
781.0556906,919.7268648
588.7282751,738.5171858
453.1760071,324.2699309
401.8492761,439.7644503
619.0191529,464.2028127
740.2163856,680.9398871
769.9527082,634.1603612
807.1317067,646.2309872
651.9260334,895.8077771
540.3724843,481.5957283
962.5208634,560.5976401
699.3315692,270.1574587
474.7587604,811.1526799
825.1211769,730.1431828
489.0304581,445.4782906
821.1765818,848.1879843
513.3003873,396.3275847
692.4063113,809.9706941
798.120388,420.2720375
600.617519,572.1887314
823.934961,412.7880705
554.3223819,336.0436344
731.8171928,449.9242295
346.1619663,611.3844595
568.7870608,642.8413158
358.7021211,556.0819366
539.0177207,476.47473
577.4856727,347.4975993
548.8730065,301.5886574
558.6091209,375.4859935
373.7205312,566.1630504
723.8045616,528.5324595
535.3703724,418.8639593
686.609369,571.2926361
688.3049433,72.61297047
750.6652961,134.159724
210.5719619,651.9067171
927.953733,457.611013
808.9078921,69.07645708
703.9686316,422.0912229
813.8686872,511.1887907
591.4611572,514.4556899
481.2010408,213.0954441
429.0524093,643.8341914
969.4015837,525.5423202
650.9080807,297.6486211
775.4311761,293.6624513
610.708451,247.8145193
398.3452331,411.211003
483.1001726,733.9958619
510.6201473,389.996185
853.9934883,356.005323
735.0429545,171.4713077
460.0861944,548.5749864
508.906776,187.945876
621.9354136,454.505874
699.8467101,520.4804724
540.2040714,635.1842224
205.6041858,742.0331397
396.7073645,696.12355
376.841548,631.9107208
488.4179426,260.3788669
528.1708931,485.828153
687.5150565,385.5788079
459.7004117,456.4630215
652.8754346,470.8982877
819.4993139,577.436409
637.5552385,716.4136899
405.2629557,262.1509158
784.3028298,454.9707621
258.9043978,726.6740103
605.6143427,506.3346905
574.979703,400.334335
378.2873942,580.9599264
621.3610091,436.8239339
458.9751516,614.9013536
786.5466374,642.7516603
448.5502401,427.0348324
489.2530411,921.6468839
481.0857644,600.1651951
500.4618921,233.1919398
697.7153925,235.4930209
489.4146977,586.7459758
472.107553,712.4108885
475.8364411,323.2008136
667.2921604,362.4012638
747.0284193,384.4752785
465.944153,386.3358338
604.7448935,342.4105118
720.5235211,298.2360725
515.8136076,301.3227414
730.2385128,518.168819
590.1900607,531.4476943
660.375052,495.5893194
472.9669052,761.6536318
479.0245414,396.4457603
482.7447258,654.8306856
566.9005277,384.9311405
493.3349792,870.972557
782.9431975,289.2976431
296.0475325,320.4760471
323.5404071,432.9727592
718.6189063,619.6989778
787.508892,643.1732145
511.3487481,610.1531642
474.801695,611.6161305
728.1653652,409.8465094
972.5645314,600.8310402
551.9984576,391.8089978
644.9111761,612.172847
699.3321534,390.8281362
644.6944655,590.8537688
679.0369305,540.6265701
566.2581408,188.1795528
772.9132369,778.7632059
568.6034126,205.8595289
433.3922848,537.2195986
345.5091078,284.389198
494.7331868,344.010291
684.9704068,388.760899
370.7893198,574.2504944
314.2465976,713.6264507
519.8454203,201.072477
631.5630678,584.6733689
601.9669045,407.0541931
411.3790915,656.9036686
520.9404037,415.0276611
953.5219487,880.1289092
704.1516507,481.1022156
482.0834782,408.7828246
551.2091401,433.7439093
736.5321998,559.2296155
799.5755222,815.6209126
758.7388238,541.8430516
505.9932717,699.1734248
721.061193,206.5421726
862.6963098,259.5781938
586.9913691,702.6925963
488.2610499,410.287474
706.7412425,276.1392208
601.0908788,574.8645018
356.2743806,296.1363245
416.872525,432.3496211
270.7691632,675.4690423
698.4449671,507.0596443
806.3042933,643.8180613
342.7934086,276.4071008
544.052895,758.661821
851.1502285,564.4536413
387.5218503,663.6447339
373.4862033,345.5113467
612.0562486,548.1787137
470.4890244,461.3871788
784.9469245,401.4719005
689.4717592,522.9412034
671.0822147,358.1994067
890.5546832,841.0459033
684.2202937,570.1149753
551.1410678,455.9208053
498.3938679,587.4262377
343.5146688,661.3008413
641.3577268,957.0338727
427.9000647,224.335853
901.9843345,419.7854825
843.4984672,939.0659377
736.7828866,566.0341981
553.6893279,446.5654601
557.1058837,318.10213
428.3728403,253.1548194
598.7171587,341.9096445
521.2646757,604.9117338
855.6387575,745.8122306
757.1531478,273.3824449
482.0591047,701.3341202
458.1743439,390.8713238
814.6680268,689.6244981
226.0565112,770.3709207
734.4139903,411.7124762
840.1113934,362.4509911
953.3267653,564.2166633
429.1540233,315.008211
594.4021061,290.9145343
445.4416723,582.9608048
924.0791427,960.7011398
493.4034859,663.0365349
828.3322276,787.3980477
975.6211462,531.6967281
603.697983,366.5681654
368.3358425,928.617886
579.4709135,710.3892208
802.1121273,673.7384259
450.3273093,508.8498917
500.693119,384.4582918
512.3911344,244.9297477
940.5213025,973.0231606
699.1735828,506.9982372
344.0591719,587.9266871
312.1658398,269.2262827
319.8573299,618.910047
412.7060509,872.1858835
462.7152903,265.1343064
603.2396938,546.0410224
709.9017035,462.7231941
397.5428075,428.4148083
724.5912276,477.8963473
811.6673499,210.2598775
450.3930596,404.2884328
737.8481933,848.6663489
470.3802945,678.7589874
428.7794761,451.0364508
904.9266766,416.2929506
478.1872408,514.9171305
563.5729872,175.0719025
707.1497509,234.4333268
455.6893622,925.5272264
518.1261316,472.1160229
230.2975742,413.7313023
776.1129772,923.9588925
746.100126,438.0418989
509.2935924,313.2442062
328.9952654,540.8733264
522.4515807,195.4000065
429.4585058,357.4397274
793.8760892,670.7621392
426.0716717,573.9053489
650.7705729,481.8296558
751.8343142,244.3891612
489.9165658,391.7840923
796.1294245,378.4864752
592.5407705,355.9002061
575.8462909,482.5108579
219.0116476,515.0824635
156.3336742,543.8564872
820.7767772,309.3739345
632.1415771,635.1554307
368.6435908,815.629876
537.4783201,507.7497471
504.253025,355.093035
432.3858073,933.9561594
644.1112223,781.5481467
520.9123299,567.162236
605.683134,731.0475103
682.0656213,548.5465499
345.1339315,272.3020241
631.5119837,439.565917
564.6473572,259.9988496
573.9137072,707.7041735
789.5675981,341.7275755
556.5186407,681.0473442
392.4284453,667.4038085
775.2702086,306.6497739
381.5263689,321.1741941
695.673285,237.1624393
618.7270894,591.165108
863.5842002,356.8354355
405.6667901,592.7037517
468.0001327,779.081837
447.2131387,634.1278504
730.6224379,509.9610474
805.3197175,553.3335809
640.5506721,283.4375459
603.646824,559.6817374
594.7436358,580.2862879
486.1033214,576.811871
799.3532837,454.7959851
596.4911632,539.7925922
793.2950032,445.6672754
625.8259734,555.0015784
560.441439,481.8752461
475.457969,228.207441
512.5579893,200.3586387
736.0537016,443.9895413
564.7198637,483.2888193
455.6381582,364.9714368
330.8782481,665.5487693
627.3907962,483.6369526
763.4495163,303.9786836
505.7477982,611.2765428
164.8386007,719.3527646
428.8286877,882.8882133
469.5465892,727.6301754
743.1268787,651.6165433
554.2678222,302.6845187
850.8117249,411.3554839
604.4405907,569.4544372
132.9874542,494.7000564
551.6867095,185.1926729
811.6809074,505.2418378
680.8539832,412.3068017
777.9824922,651.1796948
688.6104745,249.0267803
267.5549366,394.5923298
472.4005003,539.1295887
444.012185,537.283095
820.2375922,241.5487263
505.9361953,343.3657367
774.5125752,423.2470914
650.1624768,925.1992139
539.2799427,559.2248308
779.9979491,506.0432631
486.2858461,320.7630241
576.4708808,458.3491091
686.2564989,385.0769795
503.2690335,656.1403537
639.4230607,870.7210159
913.5063119,625.9108855
628.2340142,556.0008893
379.3683258,298.2464985
785.1373441,315.8163641
676.4510838,170.143838
386.370075,436.0379909
475.5092629,622.1919062
546.9192251,463.5157813
424.4349715,445.5539681
580.6104496,417.2818773
868.3423066,731.7855227
600.2786858,572.2706561
569.0477548,483.3994523
816.4866824,300.3201084
870.8731592,719.2365113
884.2184062,832.5856296
406.8616948,602.5062044
249.9532265,682.3773211
932.6086825,866.9994457
651.7366476,767.0275083
300.8563786,667.3961405
629.495568,645.1178884
598.9311279,942.5699193
648.7952792,350.8493902
466.4849859,429.3983652
785.1664815,564.8838456
632.4708676,584.4990933
522.8714295,575.6477704
768.5185769,462.4692712
449.3813088,526.9986631
488.2825472,335.577033
525.2396966,450.0119419
491.313575,441.3387599
830.1978327,463.7275195
568.6688931,485.0816576
550.8459932,670.4350878
400.3785021,689.4149328
234.5646286,768.5388229
834.8801668,350.3959102
668.5100754,518.155426
599.9411259,572.8200389
716.5441858,474.9781665
384.8602912,559.7127648
551.1856953,752.9261049
501.7264869,734.9228592
580.2345541,601.3473063
504.2355725,359.6524484
664.4943669,866.6184047
567.4162529,488.8855914
106.2081397,623.4171213
466.7543237,350.5127277
509.0020532,784.2840915
961.5458603,676.0556579
686.9100764,575.8559149
276.1431258,330.1908918
423.2846943,838.2903184
517.4300688,402.0551522
667.1122423,623.8131642
320.8473587,732.9827402
744.8603092,280.1928151
607.638024,564.4226557
813.3630291,235.2730087
551.4304947,306.0700741
675.7492386,256.051208
763.5549204,366.2019799
585.1353966,958.7520364
364.8840821,487.2050993
508.8913159,299.2766279
702.9709028,542.4055349
601.8653654,962.0900583
571.0515118,314.0164845
461.6712411,788.0114075
492.2282059,319.5612518
518.7741063,912.4768462
600.1725326,554.6803982
802.1461485,611.0577424
502.3115727,534.4796422
586.8818752,469.6242018
355.1326274,304.4689995
866.4982588,431.5228725
299.3717923,324.2632866
493.0362942,387.5387552
409.5180256,943.5520346
839.1391317,256.1080601
506.6550736,938.9424968
798.8900059,331.4926412
734.975047,290.3916867
439.9078358,634.7583849
440.2347594,545.0676617
726.1143292,309.9368983
786.0825357,539.0898486
520.6643846,574.4894782
405.7028186,361.2713454
529.3187135,478.0108456
748.906788,50.44282314
447.7902997,501.5170082
281.5082498,672.8725013
678.1768741,369.7129401
323.7113668,742.7080945
785.3481673,328.0505053
307.9660337,412.0181323
441.7047694,534.9785037
852.8668357,571.4575512
529.793092,411.1013103
582.4325508,475.7037889
724.6864898,163.2442093
757.8045381,487.7958937
659.3585524,575.5068623
495.7100925,248.3256455
667.9455731,514.5203146
784.3079682,632.747979
736.0906889,291.4515689
654.6175838,591.6568237
257.3095087,727.9594415
774.9823696,594.082077
415.1974444,923.7925357
773.5978244,361.5614565
428.6511066,815.7620505
440.975884,512.305734
764.7358182,764.1999858
252.9406455,447.9527488
760.6199339,313.8623088
590.5434103,841.3987168
614.2809857,644.2608855
563.9031915,689.5161008
636.8262632,480.7818503
625.4715453,910.1248468
104.6072884,595.4060156
449.5652866,978.9565116
628.7649598,444.2888248
845.6295601,407.4346282
482.9586201,392.7694671
348.4274509,993.7951126
734.3708309,507.8930998
471.0112961,402.2060684
408.340858,263.0583356
543.5489147,438.065697
727.7187609,568.6211279
754.9214596,273.8080734
569.3610159,722.8303992
829.5989947,757.462744
443.3475068,548.9461865
589.4603664,555.5852062
691.6033764,615.0931591
596.2155634,272.0838296
611.4431489,555.2199818
428.304768,371.8663435
267.8760627,706.1080507
591.981092,165.4652461
669.8845086,577.7167835
591.2716964,563.9397362
842.0354981,601.3775815
456.1069489,528.6864262
714.3002284,472.5879104
420.6065966,373.7798646
468.5624778,321.7913774
600.2735624,489.4984706
913.5120644,511.2790939
652.2286583,760.5935407
503.557232,543.581566
791.9833391,903.3771581
674.1470089,431.1823028
199.7685184,656.663055
774.0396199,424.6349652
670.4891442,372.9492925
458.0948264,559.0830451
748.6666176,320.2142263
783.3715853,167.7689599
190.5323245,522.8818231
824.2120588,732.048242
152.5428858,709.8963141
472.244836,958.0807172
548.5591761,561.0337155
720.0812013,531.9056456
544.0736582,434.5278673
686.4641312,397.3688295
737.6521411,450.4921243
754.766769,628.2854712
601.4371574,755.2357316
710.1765841,491.7756074
297.2394111,859.9088473
524.1846067,347.1198386
659.9370017,399.2336262
734.1848607,557.2900397
484.4025488,846.1723549
572.1084743,704.9569042
693.1397359,580.6861543
728.2673538,160.4885617
341.0126541,585.3128669
370.4989341,352.2925491
636.3474204,542.3387582
500.2995464,317.4475467
636.5945868,611.4590087
508.1424912,553.3218594
840.2804804,734.0177377
642.973454,586.9920635
697.735991,517.9084399
643.031669,468.4411295
442.5970342,264.8539736
487.300608,449.618469
667.7465097,405.396329
858.9706424,733.0160241
478.7825584,268.7843569
258.587781,523.789013
815.8865261,252.7991643
472.9838933,374.5885401
696.3173797,466.7066895
456.5885631,413.0619471
663.8305576,508.6288975
611.9242987,154.6574651
589.2471612,424.1864996
469.7478997,496.4424987
870.7156522,588.0376334
487.7195729,462.5462441
461.4652717,443.0937176
723.2284942,159.6096829
667.0819513,530.2235238
681.3321518,471.076951
508.0388998,544.058865
688.4742251,964.9880557
706.9494741,139.9967961
367.6245144,353.4780242
554.9879289,460.0383557
722.3989386,310.5987736
503.3418097,386.4796043
358.0578016,300.0463572
275.2245249,773.7474499
605.1756182,677.9986394
716.022753,546.6814188
452.9668318,583.7828732
415.1810105,431.6392303
178.9473984,547.5371472
220.0411954,399.6407637
364.1581329,497.6528793
717.0099654,713.1255834
810.395864,379.2836591
577.3571683,301.862513
445.7348294,249.9439157
208.1199827,530.3821708
427.7473516,462.6869433
567.1760076,200.6951759
861.3068509,668.8649988
545.6272755,347.3257475
908.7408649,857.1896176
673.9314818,425.6879942
551.7329548,462.144727
498.4074254,560.9727473
653.2772766,496.6112166
665.166895,678.0254045
666.2740428,386.265129
487.9825888,595.6123632
752.5723079,472.3977137
577.4113235,481.4997001
667.6491502,842.7342515
677.1906804,442.6562005
652.9523455,587.7371172
777.0112043,550.6601296
499.9483541,693.498656
588.1832627,457.7513361
655.3289119,548.099129
713.0201436,546.0775867
842.8271676,718.8240876
192.6879857,514.4197316
672.7123533,385.2997288
553.874654,772.2769828
597.2535753,542.7110238
659.6625855,162.7268986
490.7303318,506.1503858
745.8980814,429.2433956
625.3876085,469.479303
644.821322,517.2344044
584.3252559,393.6146023
491.1934598,576.4406292
568.5241647,446.1350259
527.9889077,757.0904993
513.4975931,553.8351168
737.9549008,711.6057859
666.3740239,430.443559
775.5096749,297.0948088
246.4149976,676.5427144
565.0316868,436.5735838
538.6722361,744.1071465
746.5338019,431.2137271
701.6466099,198.7651486
435.1684402,307.6675549
244.1286299,810.6802073
814.9072534,507.2041252
571.9413647,464.3392704
823.9663456,589.0305508
560.581044,308.9569351
844.6839191,152.2528759
524.763086,393.5488911
321.8449377,505.2790915
683.0150374,154.3741655
420.3276711,241.1255214
650.3424997,886.7408714
653.9326218,254.1029403
793.4202867,844.9354183
805.9722313,157.5848811
594.6396399,842.8959281
649.7820572,496.5727928
872.0753744,814.1167228
737.1192031,436.8190029
324.7616029,669.4092417
761.7976107,362.9511898
582.4423781,408.5774381
831.8527644,747.9906858
747.5935059,272.1889048
332.8073264,336.0518666
636.6809505,925.3763102
607.5006062,820.9592486
567.5997514,505.293968
703.8920204,622.8407646
688.9124402,426.1638515
489.6074693,446.3471821
986.9974962,935.6693504
890.4790008,411.1825038
725.3692796,624.9076884
327.9422578,588.7340044
362.1848915,488.125118
457.6910519,804.3982216
715.2054665,152.8770796
555.6760968,366.3198629
961.3581373,979.3937153
371.2844165,588.920294
438.0130933,564.3509271
541.9216823,478.3375
170.5297494,552.8951026
772.5931595,568.9059946
571.2166439,558.2358832
741.2873101,718.3419203
715.0109123,541.1695176
555.6669736,740.3576412
759.3334223,320.9606798
774.7086275,281.8229948
463.4721596,679.438121
837.7830498,356.0168355
629.9087803,788.148889
496.5419402,356.640475
501.0587826,265.4433264
490.2847911,615.5145044
792.0212702,332.2146071
781.0799444,271.5599373
625.1637371,489.146848
696.7809721,720.1496977
628.5272612,562.7316331
814.5959847,305.9394666
611.2347975,597.8528731
594.9796416,859.5651017
405.1845767,801.868708
526.0983897,489.2007542
615.6531569,651.6929939
560.5713215,650.5842202
465.1594046,552.4832013
378.3541481,778.2148469
616.9405673,523.1013338
199.428277,732.7554569
722.2937592,529.8499419
506.8562343,184.8329645
788.7536973,683.0772232
222.1392858,384.7129878
358.4630143,297.7764706
561.9857982,682.8005678
489.4965522,383.7775912
565.7128437,461.9244223
468.7604776,340.9560494
708.907525,619.8562666
575.4508157,410.9041141
675.1586099,174.3441072
595.2342384,392.2190187
646.4436407,922.4062917
594.4258805,545.7287848
646.8235659,627.1654566
712.0420394,489.639901
780.8943336,414.7730695
727.732663,513.9309827
682.6905856,430.1536569
769.7107251,308.1251928
321.017045,327.8207356
559.5142691,456.7039067
401.5714143,883.7154633
577.9848741,754.8551711
733.8361252,518.7281055
319.9947777,657.5540104
216.9681168,669.8987219
464.469484,706.0109988
413.9691777,916.0273585
935.7902062,894.5903971
497.715063,721.3910847
665.9493663,570.6100968
461.3475983,413.8125794
629.8925413,599.4669019
401.4464005,735.4309766
628.545268,561.1071992
670.3363861,427.0883207
806.1076718,565.5443419
842.7968167,618.1460008
497.5549044,705.72024
477.1005866,757.0907082
735.4362425,436.5569314
908.8804699,479.29565
576.4554207,911.176058
329.226013,416.124588
524.0059321,376.4243152
601.4189858,687.6786959
668.6237788,475.5335458
147.0046749,431.5756712
709.6185984,160.729802
204.7849818,371.1287071
719.8705129,535.1547015
455.1524843,575.7586331
498.3120734,304.1697996
516.730246,893.0987854
635.3146068,563.8934981
407.6500835,811.6464015
443.7474313,449.886934
193.8210351,516.0706171
379.5199154,507.3735116
722.9653285,343.6168389
780.9601738,316.886714
686.4159084,177.1815333
529.6130091,713.6950661
491.3805386,580.94505
694.1867662,548.7240013
583.4184748,284.7175239
546.3720405,465.7227983
547.0169441,552.6067466
423.3905478,942.9440237
579.5036463,612.575367
513.847542,337.7970042
500.664416,189.381931
457.221662,432.6944531
577.0638165,549.6735222
659.3187786,634.1557855
613.4938704,629.818411
817.5772766,584.337751
927.1746324,876.6014846
608.6171918,285.9538546
263.5830317,730.5855264
629.1970628,646.2438996
399.024128,455.440017
774.1252645,572.1239604
570.799252,420.5431351
252.810703,512.9735013
776.0005771,471.3335692
777.5083534,504.6189087
799.4031094,315.5529136
497.4129174,460.1010581
364.4308263,410.0330079
706.1198735,209.9569167
443.6571427,226.6407786
403.3502363,363.1353691
870.3187089,506.4753478
512.2078457,617.6969503
840.982131,936.7025093
723.3636949,499.2417101
517.87913,609.7881069
980.9461668,941.1093768
294.4694218,668.4116859
803.7226712,248.9376471
452.0587024,501.4909118
805.0941383,477.1105507
783.4533199,492.089224
597.7007189,768.8717663
898.1048006,532.6172065
294.8005999,673.8569567
658.9952707,467.2078702
760.8148776,642.0160715
581.6017068,287.172321
644.8447967,821.4875286
521.2376955,433.3068727
527.6233489,749.0994386
688.6180996,535.8191258
438.2864309,538.2921424
760.6060168,463.5478115
641.4402704,851.1968027
693.4287433,540.827151
543.8316302,710.8985083
572.3777521,396.6626384
835.5752408,239.316971
805.5017029,334.8427396
648.2275561,608.6131624
768.4271498,491.0275241
634.7133269,622.5830808
633.8782584,658.0806816
808.2785683,358.2220348
500.1705177,631.5693362
547.8932096,718.6199338
770.9639047,433.4621766
336.217051,374.8307207
761.3539427,955.0934403
525.0280045,462.5609743
617.816623,806.5371038
664.5313243,529.0414336
298.99732,270.9728202
662.4413984,738.6818085
796.9811665,256.4766694
700.9544422,494.2052274
631.794879,525.3001187
553.5539175,410.9760308
710.8706544,496.6601917
628.2907761,458.7286249
507.0258157,513.0652253
813.8847166,356.192511
673.0599652,329.1272906
870.3329855,611.6552438
975.954826,956.7412126
596.9181427,575.174086
519.270806,597.5644753
821.4683906,578.2680677
871.9227811,714.7761764
595.6720041,535.4442902
455.9949683,614.623549
622.2744715,455.2365318
483.1868809,692.5714498
793.9621083,621.5497965
406.1748601,281.5493899
664.8951453,493.8893543
691.9982224,554.0228898
858.7392657,488.6869118
535.393173,306.9822785
500.5272978,407.6297767
861.27653,612.3623542
418.6379693,873.255356
672.9493179,562.7509808
631.0877456,593.2072725
698.3465589,505.3619148
850.8898492,136.6533628
261.0095591,461.752257
570.0567491,484.8444498
735.5529421,539.0738648
522.1197585,482.9383251
606.2495988,497.1079887
538.2000148,467.6311796
501.0998897,411.5750574
315.0878681,459.3418175
651.5608192,541.9757276
578.7711206,529.8917713
721.4004158,733.5398746
431.1889551,398.806368
441.7390303,872.3073604
646.4341429,639.680035
719.6217885,485.9720698
938.364368,883.2722213
669.3086809,553.8817309
729.4518019,370.0852893
350.4694686,656.7394429
227.1030022,563.6361695
400.186165,377.5092909
504.1514859,489.6892105
697.2051653,227.3876083
781.6119536,312.9950053
610.9695045,918.5380676
812.0732816,267.9413111
831.4266087,778.5339377
784.0702996,604.866227
550.5388741,405.5830155
721.8125345,497.316948
902.2769973,430.0466177
630.7247635,601.7373317
738.8006655,478.8776895
873.0355467,434.6650772
466.269204,464.3288862
499.6003677,225.1229034
519.5979992,703.9895609
731.6420236,746.7135912
564.1341038,509.8400302
479.0793108,278.7572407
584.5574266,467.5482519
425.0655386,582.8270632
403.6137616,435.2991427
452.3440995,449.1894765
226.6490274,808.647236
495.4944605,436.2518813
520.0860101,330.5191759
548.6826319,392.652357
818.5315764,510.8010636
517.464824,385.4364581
582.189534,299.1483814
282.9970905,352.2370551
669.7093694,500.4545561
486.3949804,491.9001347
410.4602659,435.7168316
818.2569354,517.8315296
632.1926013,317.1218116
638.1842177,274.7571973
588.5521621,772.1158494
609.9839699,554.7777009
543.080873,301.8654173
443.602568,236.6646643
454.9023068,507.5989771
584.0170582,377.163644
478.3954124,661.4001915
666.4760724,522.4207168
355.4767188,379.1679072
266.5887122,727.2918413
739.5996905,431.6202587
574.782677,312.8603653
456.0326747,632.9335372
870.2347721,732.1034853
347.368496,468.4928627
242.4425084,409.5048323
668.8928769,276.2138536
401.286167,306.5524921
695.8190321,135.6209142
186.4436002,740.872382
804.842238,460.9974668
624.7520977,669.0686094
693.5291589,190.7275365
814.6835318,368.6573411
600.7681049,750.7649707
491.8445205,386.3841612
568.0364534,565.0934944
527.2653255,388.5029018
607.7801308,504.6136016
235.0963232,513.1537734
558.0531127,393.4772252
475.9116142,666.1976068
543.8419519,181.1337925
866.0802526,345.099132
558.4266262,777.1220569
442.4453697,265.2867479
888.3485371,536.443434
625.9895475,475.6229715
958.5792345,710.0703389
771.7781051,593.6465657
570.9071279,802.304491
509.0050044,382.2597995
577.9482314,992.0252575
860.6862758,594.5029
509.5479944,431.4879797
700.8363194,163.6363241
583.6151114,782.2425955
254.3304789,606.7111955
501.9918848,463.3913793
697.2361154,490.2538458
728.9984713,651.0442191
786.0108231,290.4039932
230.0442058,817.6817354
206.1642988,736.1934349
471.7729293,786.6866122
776.2381408,507.8597532
302.6305415,654.8625278
281.5202942,310.3148889
469.8086614,323.5588297
507.03798,500.2188108
454.1011695,415.3324814
656.6693689,541.3662541
470.5143717,383.7385824
763.812813,538.9989812
343.1643155,475.4756489
932.6594071,608.0895208
921.1633913,494.7600008
584.6557299,424.4278654
550.6143468,559.4848965
746.7879044,624.6581323
790.6256692,338.8306646
762.0996664,479.4847811
780.9611026,318.3694877
511.9474663,630.699588
831.7813664,733.2102115
831.1667837,421.4860326
367.6806321,599.8457909
768.9344109,458.1302042
431.2710792,529.1242777
805.2069728,217.7339407
640.3719975,489.3888824
639.8451416,686.4381865
590.0090641,343.4830348
567.2724533,480.2872929
547.3435531,361.8122036
364.1349877,354.703908
618.1788861,518.8337448
542.3276889,425.8740747
767.2265674,482.7256466
219.2738995,502.8463374
384.7726392,612.7564331
706.1085481,263.905978
631.4122572,569.4912104
491.4805347,415.0483877
521.7462599,357.3795949
447.0158281,526.607969
802.590191,444.1604321
677.7625682,368.6170369
438.2051757,586.9641702
393.5179309,656.5366473
906.3855411,509.8339919
700.7242339,494.6570569
457.7035608,480.6020378
570.2389742,370.3671264
497.6191266,662.6564132
917.1078941,638.0908281
800.6788649,615.142385
955.7111666,482.2931231
470.6610476,801.2534678
443.5328179,567.7773926
449.7856825,631.1280999
223.5464968,562.8604437
856.5870201,288.4982027
564.0194416,190.3295714
574.4622251,536.2872733
911.0357416,462.0027533
628.0609723,592.332092
232.3175403,547.2175132
694.8110564,731.251079
527.6092072,642.9981868
409.8007411,243.5820946
753.4236454,888.8598209
356.4233785,708.2838941
482.991323,653.5958174
561.8344932,452.4654854
326.306082,431.9472683
564.0659866,680.861974
477.7651898,277.2376521
785.4959069,661.9076613
521.8026473,762.6816091
600.2828204,543.3508561
727.5952751,510.0715549
701.5321874,277.7885602
733.1858734,857.92272
532.0615128,326.6205931
305.0511512,386.3913905
663.4252401,477.4599585
542.6322913,288.5465093
663.7442239,516.4184788
790.7347736,145.0162712
984.3203872,615.3300535
592.1663132,232.0452228
515.5703811,600.7595415
442.3972218,293.3379489
631.9993954,589.6824597
588.4678508,558.4042876
968.5281046,929.3677453
562.997519,187.776594
762.6558993,174.7796603
650.6047217,467.5260208
626.047358,450.1488801
374.2454995,462.7087773
748.7491462,486.4789127
155.9062751,626.2571384
766.4130861,268.7515536
758.6297643,627.1162098
295.4288451,796.7475426
436.3450535,574.0173399
727.2708833,440.1839778
681.497194,161.2663978
666.066006,424.1933528
559.2129775,695.9748694
711.0646543,605.0749775
583.7200361,762.0171638
598.9383635,569.6811772
499.1334046,346.3028474
504.1527743,540.9920662
859.0954016,568.8489335
690.9391177,510.4622281
429.7729954,560.1182517
500.579101,572.7469314
888.6177101,531.5787196
722.7088441,271.4097106
402.7118193,853.6953724
726.9432556,296.4698739
674.9256302,873.3060862
733.789715,586.4002244
491.3373942,435.7633622
957.2246806,470.3979218
805.3004973,575.840725
637.0895338,458.87484
360.9483555,533.8103287
746.4676173,487.5685269
436.1014226,516.6445293
501.6726763,473.3911325
512.102052,560.7690741
545.0560019,593.3773276
70.50069432,598.4706206
705.628477,195.80892
702.4380247,274.3446274
668.5547328,512.623216
621.2961427,633.1702018
703.9961811,292.9214719
791.9360301,366.2240647
811.8172617,384.4909489
704.0418273,418.0592328
923.6989628,513.4320377
824.5939466,226.8783208
805.5213725,346.2414404
599.3891774,210.9326384
447.1914766,628.4921114
555.6300312,760.0712363
563.2191433,443.0563803
976.8364845,560.3960771
529.067712,368.5804518
226.3509417,542.2903262
753.7325772,303.4980624
783.8627871,296.2212162
723.2293781,210.367836
834.1475962,731.5838971
723.4719304,472.170723
694.3014134,551.7389416
167.9450712,555.8201576
893.6146687,424.8536611
459.7447395,471.6907286
843.0296615,719.9423472
457.5384436,367.0324476
576.00991,360.5072993
628.2464033,315.1931633
746.9525871,357.3271931
489.9350969,396.8808328
219.057114,787.530264
748.6098408,471.8298816
576.0150933,338.1075494
779.592362,502.2450543
610.8613739,547.4344331
559.7182762,473.0708299
172.2908342,547.3602808
39.80322566,623.3140938
501.2154956,418.4208009
182.7037911,651.7149951
522.3430456,637.3496607
713.845984,882.3777139
619.0664769,857.3951503
595.427744,415.8118489
714.2410547,463.820518
799.5653653,340.4203938
715.1105638,501.0642385
552.0454071,277.6853028
613.0453935,510.2250203
643.4992013,602.4263899
440.8383913,295.3260402
774.475513,316.3787428
628.6120669,799.3768661
542.2352731,367.1285384
768.8814392,297.3568177
667.3295671,895.5471264
711.390724,416.7817204
529.8746618,548.0954935
606.417023,848.4696751
432.8836006,524.3197794
583.7303878,472.1575598
416.883461,508.9259035
679.6909873,201.184071
710.3852352,535.4385444
303.3621385,330.378832
786.6426636,339.78637
622.7296148,846.4862014
714.5714089,533.3753188
778.1935252,500.2662816
678.1096408,879.3275675
664.982228,504.2679129
515.2529104,399.9559683
571.9563604,804.066281
775.6746572,650.0905612
640.4727576,765.6767838
526.8901491,411.6825562
471.8971642,344.4110976
584.9080047,865.7681505
400.9554533,762.8323373
561.65083,294.84544
982.5340449,565.8175916
488.29197,368.0423934
574.1626713,356.676308
597.8314404,191.9647447
802.9563341,436.3933535
650.8035754,980.9691322
945.1789484,492.5553239
741.2742769,467.9367312
795.2733979,460.1364105
559.1058356,415.1347838
573.191653,458.7060595
530.675125,627.6238467
757.0233851,461.2260873
554.731115,202.420339
466.3864878,406.2654921
424.3089689,400.1081173
506.3893162,613.9055946
612.5371287,721.7702663
470.9055624,283.6385029
440.6689297,640.8127113
396.8826235,707.8170629
598.0471923,528.8221109
741.4568615,444.7522921
570.5639503,194.9855144
330.4547291,330.8865733
252.1336658,740.1243614
803.5722501,517.4480648
654.0446324,499.7208269
606.6596502,549.604468
726.0940004,208.7773546
677.9784999,391.8798071
552.7038533,255.5116662
802.6115985,430.5846761
440.2653649,261.2643899
668.3833088,856.36897
812.5604836,751.7149095
531.6557609,175.7221608
719.346803,619.4388494
496.9882449,510.0608573
727.7152105,407.9238576
357.1005806,271.0363584
541.6311918,425.664217
411.242947,778.6703954
472.3310049,406.5999608
495.4804386,607.8052391
862.8648575,600.4322812
564.5215943,725.0069321
847.084125,67.65423383
599.0511382,193.6614922
347.0360895,484.0989782
566.226172,429.3661051
391.6877102,734.7370502
715.5125856,281.5873122
440.2731699,367.1402389
507.4049619,619.8675284
757.5419716,308.6072766
190.3919105,538.3925164
727.4869797,299.9410731
591.490789,513.9047401
489.7781742,499.9811433
792.2407972,481.8259158
976.1366616,595.9908762
758.7105402,369.7747441
151.885668,714.522943
875.5141915,815.7894632
465.9571862,609.0196104
456.4122704,504.5879022
608.9119368,618.7706015
580.6914352,426.3495142
466.1177343,744.2167765
458.1142713,509.9326109
500.6137813,504.7974675
902.3775776,541.2456757
865.3094063,791.6208822
550.9812538,475.5779452
628.9682478,697.8949721
533.6549038,373.4177116
326.7405969,361.3676661
546.6584263,301.9020651
640.6963893,554.6031119
481.3540385,310.4243308
728.6527769,402.7573944
488.752806,311.4615223
575.7649158,360.3354474
872.1371248,550.0679771
917.8803883,449.7212249
812.051305,601.7966493
484.6497002,493.491619
569.444009,570.1221628
816.0879864,642.7847979
580.348662,894.5501347
470.2900808,383.2302142
440.6713566,585.3251107
587.4218392,531.7171205
452.7808315,364.7471413
549.788821,508.879958
582.0549026,382.8881401
457.9133803,527.3938493
463.8319059,674.6633547
864.4444513,266.4669786
760.4343681,543.90751
406.0465505,909.7903363
436.955936,989.9186981
451.2371165,363.9722512
597.920216,777.356256
726.2545784,306.3463325
581.8485736,677.3526226
735.1873683,427.8271271
779.2249756,415.6446981
498.0065572,216.2499553
513.7361606,608.2723628
661.8147711,159.3664785
361.6109663,375.9321189
831.6331175,362.0215181
783.990093,336.2703535
659.8802099,361.5380136
424.8486782,481.1363561
664.128119,368.3661227
737.9309916,582.8735103
399.6466655,492.1828911
512.3233767,800.3496627
590.3371711,885.365722
195.749679,371.389922
954.0351871,866.3384898
241.3128446,530.6224918
557.1040861,519.5674113
929.5229902,949.2264064
206.2905111,533.8999006
396.6717853,319.389191
854.6428113,596.7120482
976.8914487,590.9585932
102.9783332,608.4363377
908.3835605,586.8930685
500.849802,666.8592731
599.3988699,578.7212343
450.7738088,640.4105883
787.2147462,538.7875146
739.9309735,577.9752195
845.1531592,399.0155989
696.5104508,7.133430884
610.7567937,503.6563292
223.3491262,707.6071424
469.039433,623.5966204
849.1754741,237.3663841
611.1635044,526.5822069
500.0596007,710.3496479
592.0273374,341.9159127
476.0232503,276.8703174
785.1119668,544.5393399
686.2691576,426.3868933
746.0902687,874.4885944
752.3504289,654.5521915
966.0286816,923.3035152
507.4675513,400.9140139
409.6497807,865.1351923
699.2669874,713.0682089
599.9279728,571.7911215
339.783174,563.6063749
831.935293,470.4733277
612.9040207,508.7815062
548.7676024,762.1531201
461.5710503,510.7523809
610.2773068,528.8083627
655.131796,583.6902507
422.7700028,577.1761761
552.167994,551.0214887
806.7813533,243.4057923
773.9065314,650.2883842
587.376238,471.6286321
551.7836944,562.0651612
434.3891448,595.5324861
606.2909305,643.3029653
498.3059313,653.2481438
499.9439048,325.5002023
167.3755803,710.957032
540.3757351,800.3067467
514.2620427,433.9223427
356.1696955,979.3370512
444.572253,979.6488501
697.1331231,516.4755399
773.8177559,360.0633468
726.7255263,343.7175891
557.0971949,445.3288995
587.0460187,543.4455679
670.4318131,376.8768133
501.4462582,536.251712
569.8018527,524.3251073
666.8584844,670.7628078
450.6117027,527.2663341
573.5027869,345.6574992
542.813288,728.8138327
785.2987011,322.1371079
383.9247172,688.8902674
350.1365677,777.6574826
604.1287078,565.5438613
728.7771017,502.8058242
410.7200461,795.4101275
403.2887256,651.0604536
562.9797369,401.528878
650.6269381,850.9252036
738.2483575,487.6096251
429.5756098,329.7421965
487.5019934,569.5319743
479.2112308,451.1537906
637.651055,193.9914687
429.1406605,289.3635632
969.4523832,579.4328161
642.2401493,469.6952618
426.7960778,266.4946212
659.4490507,474.298615
449.8823679,386.744998
177.8069335,704.1876346
427.8218955,526.6481688
477.8272848,465.358138
545.5139316,444.9981708
826.6366384,579.098619
585.6854575,456.3250594
433.78391,864.0720507
288.9788945,661.1824359
859.7534733,621.1354088
344.1629881,295.6646877
686.4342148,719.1816649
611.9532564,539.0368827
423.1114127,228.1917498
594.3965033,182.0879936
487.4862636,586.1838478
624.9762987,865.2585495
827.9810204,239.4493335
752.7210961,147.2165604
553.2985417,425.5481934
546.4237089,316.5667666
536.6828456,334.1508608
463.2194054,619.4161586
481.059638,490.6858679
457.3369084,914.7773005
434.8151956,537.8438231
494.1147091,352.860214
751.8973529,319.6318939
451.927142,906.5515602
426.5180662,549.2407688
785.95114,406.7437941
260.1140884,510.3645076
745.7963326,438.372941
811.8770346,444.337591
260.5175334,750.2861465
723.8218643,403.184778
389.1414425,640.1659005
396.5048855,434.3316114
493.5868645,553.7999942
605.8985563,368.5509079
669.1060072,572.1855555
696.6940541,489.3262426
498.469805,387.0967668
639.8318088,707.9569472
716.1076036,183.9377258
570.3730813,212.1532778
459.6938202,549.1594708
772.514406,561.0279697
397.7663643,422.4330462
578.6379573,346.3073187
739.6028215,446.0517849
177.8897917,756.8814981
706.7932405,577.9049953
224.8242447,644.1136048
509.597176,616.1748335
690.2280742,522.5544165
140.9873517,679.503853
642.9940674,849.9861296
815.7211692,540.3889862
650.8624495,312.4656179
278.913205,799.8243705
875.0984475,343.3941732
767.7091104,296.2668275
698.9041252,568.1503687
615.4443561,448.7406558
659.9491211,305.5575689
621.8589672,960.5297267
76.85637137,600.2499197
831.0575145,729.8823858
338.8758386,612.1662864
424.6728049,851.8426942
633.2504477,610.5817597
483.7730003,349.4814283
671.9614613,173.7927603
437.4394078,286.7708875
387.1211318,363.3127578
705.3948381,409.9990554
564.7877113,522.2447906
601.9907388,558.7612172
580.9826148,461.3140295
585.4118053,206.0905312
541.8918258,565.6220461
599.8636608,581.450117
467.0726184,351.2139043
517.7001856,548.2931493
721.0832746,546.019251
448.11198,537.1222124
418.0303226,820.2944064
543.9309073,731.7806336
409.7201001,812.4515668
492.8723306,368.6140491
771.5761804,550.5933738
512.2475445,379.1941289
545.456256,424.0778099
581.5584276,629.9196625
680.9110895,392.6638487
591.1188185,563.5663005
794.2642089,542.1421262
208.1022156,754.4161913
563.0282743,349.669264
459.246377,421.2601702
533.4520803,467.6834769
830.3956977,461.4443653
669.6301965,369.7677237
565.4761638,462.8727731
473.2344453,392.3511305
846.8551302,357.4587826
564.8717679,568.0781177
553.9703057,466.1379172
835.4059591,364.9397199
797.0033829,364.7173049
510.2559968,729.0267201
676.9582101,958.2284784
624.3821346,449.8649955
190.3508784,523.0301694
635.6180257,525.7845634
519.2737572,420.4270698
488.3181713,584.4613381
394.4744628,738.8046434
636.9314126,788.3530427
374.1065386,436.1594051
610.3463678,872.0471275
172.9000389,478.8361108
612.0362793,511.1534383
492.8105652,411.0047807
481.4750376,609.1839614
727.9062143,344.5585664
425.5441567,585.9240537
430.7106217,514.5461185
217.9295924,693.2178636
698.3144703,323.0493123
724.027684,512.7264525
583.7559897,345.0824169
259.1635487,745.7952439
634.2168819,601.8341956
624.461727,661.9038168
863.2455767,741.9711894
716.9696374,530.5564255
629.50953,821.1213431
308.6390112,321.7858614
516.0324305,547.0218005
860.3861377,722.6456767
485.6502604,675.4368867
972.2649925,699.9276718
332.752542,578.5692943
386.7547042,831.7876727
479.0042726,450.4630609
369.0204,538.9772725
585.8071007,717.9487817
505.3321739,309.7316162
432.1803621,657.3951127
635.6358977,196.895212
464.4646902,642.6560918
439.4449026,763.4950065
789.4052524,476.7227191
630.9034831,929.753383
409.2100226,664.6755527
822.793088,327.0621219
359.9677046,270.0848944
487.7944164,694.0274793
503.9270452,190.7034877
577.901192,875.4284832
478.5508521,506.4682439
744.1685759,356.0549877
750.8451093,451.0566969
423.6873902,456.3516364
738.8681985,321.897539
335.3144645,371.2669826
435.2549687,632.2002677
447.283518,574.892416
716.7537507,405.6017364
218.3874472,691.7738063
551.7121017,336.545233
499.9491181,556.7308159
580.7484966,362.5745782
486.1127442,832.3363242
814.8756741,482.0322843
712.4616335,464.8999777
858.5935485,665.8298542
743.1299198,12.12311131
903.4634678,502.3528665
247.2588897,437.7209067
579.0356496,408.8746321
425.152127,521.7768729
481.6101784,424.3922622
734.2495023,809.2804659
401.1548164,491.5987201
757.8978528,308.4606435
791.1479559,289.5643531
509.4230854,506.6304638
662.8789244,466.0868318
188.9702731,522.2694871
545.8138001,302.4117914
274.1148005,422.2859536
522.0692885,478.5445371
560.1119387,482.7671836
716.5822817,97.53797148
697.3374148,519.6834139
722.0531244,514.2917359
410.7671603,792.8356922
734.0217659,558.6603626
717.4153428,951.0688049
943.6096464,874.300299
578.895715,354.5862965
627.6309516,852.5882911
774.1524694,305.2758781
448.0131075,565.9144346
98.35427396,626.0909278
682.943984,615.1757316
436.2857,396.0370766
830.3944543,910.2321158
914.9006994,443.2488753
919.2542523,635.1626391
168.3690547,714.4904949
716.4924425,552.6695326
758.5708003,323.608954
432.1306112,444.2584451
418.6139702,527.0225029
573.9360434,483.4873736
678.625351,24.98266803
700.9223236,787.6812638
579.241679,586.2526721
340.7775472,279.1628947
749.0996344,262.31207
552.0633989,439.4176124
647.3344673,532.9218388
783.7142835,254.9019837
641.6614752,575.9338698
402.1624924,844.6371795
523.7076066,234.1454514
796.2561461,464.4450142
603.8224426,719.9891494
795.4616453,671.5710236
305.5761494,656.9163511
517.9798901,403.9212443
686.7678497,474.1908445
700.1383092,556.1694818
574.7732392,988.3791977
459.8565404,950.1803567
501.4493442,416.7764969
859.2077568,750.0363396
487.6086259,700.0749734
625.663373,437.1076723
503.8261203,356.9153754
694.3354645,473.8562922
897.7726787,847.6388522
496.4230684,844.8019902
677.291845,431.8105181
665.1363194,567.5635023
503.9498608,612.3610797
541.6346673,437.9998605
740.5931649,580.0959867
751.8946264,470.0990772
631.2223321,578.5711747
680.1364531,547.5955664
734.7551755,523.1090228
472.2336005,451.0985682
549.8607582,351.4060441
352.4076251,846.3868302
927.3258325,871.5852272
368.9539757,341.7855978
504.9793787,376.8409803
703.5681828,189.1155344
609.1516279,386.117702
427.0794975,651.8648249
597.487379,497.5514814
548.2774343,458.9320474
435.4441748,921.4428764
430.7787089,410.3997158
811.0185962,440.9959963
647.8804235,313.0821744
366.9210812,614.6059982
379.8973538,327.6201129
554.2211574,568.4920666
473.6311339,435.4152707
546.4746282,765.6112189
724.556008,321.4828589
209.6211376,677.2916126
484.6797215,673.2739139
667.7461352,621.9325091
723.0500293,326.9486056
737.6334302,358.8296905
336.7836207,321.736155
381.528616,874.8369366
647.5124679,609.0496557
407.7653748,293.0606249
492.5895551,311.4107293
447.5037341,404.8320071
773.7686192,453.8810435
392.7963261,869.6302527
338.6784081,300.0645766
530.5954726,465.606127
434.5947248,585.2064754
631.718073,554.9322526
784.0889805,650.0278379
430.8602938,498.2868613
285.3374336,632.7302401
554.1997799,201.6156752
771.2766715,416.4509081
415.638311,612.7234626
513.8788816,500.1958067
774.6947104,534.52003
576.0717653,869.8374778
265.3172262,425.6542297
828.1316961,380.5003913
830.1273785,738.6133602
781.3411327,144.6451129
568.9183965,485.9532236
612.6573787,527.3959387
590.8550835,737.78377
389.3454196,319.8603472
536.9674337,404.1737465
571.4370847,387.0947192
575.6338348,413.3510343
713.8214007,546.8499486
848.3165713,626.6623954
735.2648784,787.052171
605.3491096,633.3133874
728.9952355,542.5082073
706.0152035,272.8886188
667.5358512,533.8038725
412.7743629,435.978151
550.1992469,508.3121677
482.9475793,780.7646901
882.0967961,433.1000445
665.8171767,494.2850837
885.8038574,449.9694229
794.1534866,455.2053791
331.1184485,546.0228866
481.3160625,738.0785822
337.0949194,993.8210418
785.7601512,480.1980553
523.1538604,416.6843968
410.8671564,729.172789
339.4864215,270.7055043
659.1040005,464.4463723
843.5692809,633.401643
251.6715565,681.6874899
416.6531179,433.1562698
392.0417338,341.8118195
921.1144494,620.4956601
610.5417459,498.4863557
692.4801811,537.5868288
481.0361933,326.4568062
237.0306447,400.3014899
382.6351945,346.9299344
560.5954704,453.2831452
551.5662198,331.3904702
598.1448514,332.9969354
508.0368324,433.9185191
557.9517533,565.2492163
735.2328947,325.1016313
616.0407223,534.6364296
468.4356663,615.8599215
914.9883664,468.1363719
688.9263273,429.1091108
614.6154146,641.4628024
536.5879279,389.3705188
222.5502211,513.1464397
588.4204219,544.1695815
570.2382401,353.3470198
615.3228327,593.4760719
734.4859725,489.1603664
932.0888226,864.78942
669.3639297,518.3401276
612.6158672,854.6968772
467.0838089,782.6386384
668.610401,566.5533893
522.8064882,805.9363221
486.9249372,267.598255
710.9440598,147.1266751
785.8310998,552.4569168
491.7241507,370.0337651
536.1225378,529.2349733
945.5472637,503.111731
818.2154839,545.7315846
561.1687814,418.5976673
727.5473219,392.2495655
523.3090604,489.5194271
775.8491073,277.3922039
681.3128866,207.6974143
496.7101284,709.3143996
711.9488445,546.4375876
481.9405175,522.2051341
761.7916185,867.3354606
703.7246861,286.4390097
718.9917607,548.7298307
677.0182377,546.2340607
604.3813421,641.7243516
619.5557162,466.6702089
657.1600464,360.8982022
846.8942897,468.6720692
798.0035386,285.9721994
914.2017304,685.7502566
812.1619673,642.8126703
773.6005209,924.667967
602.2676868,549.034066
492.3495046,252.1255258
651.0984852,489.435601
827.2863658,369.7613302
574.0367136,324.3000389
496.4658683,425.5719288
647.3381975,408.0883549
494.4916082,593.7654517
693.6215148,493.5737736
297.9587538,331.9608305
429.7614153,325.0000037
642.2994878,584.1248845
444.1488688,330.575067
414.3757686,918.3918733
752.0165543,644.9545612
224.3114407,545.1366323
207.8665544,641.6479428
441.484748,626.8898876
767.2733821,373.5204258
643.0942583,691.9337278
669.2421517,702.7007449
214.823826,516.5893277
470.4273189,383.6041305
500.9012158,464.943625
710.716578,186.9507021
432.4117988,523.4873894
659.0920909,294.480905
460.9722572,691.2230027
417.2922989,568.3773385
469.0672521,631.1581244
465.8147349,289.0119198
732.3324835,295.2667017
407.0125054,453.4680766
647.648133,564.3278394
687.2243263,470.017821
739.6814701,444.2774794
603.7415169,524.9847679
549.0351875,691.8824752
611.6759189,555.5881941
637.7878137,606.1748922
388.679453,789.1987003
484.4628461,333.7014551
824.5538433,236.9625478
870.0260012,442.8024783
624.7894595,952.1055993
538.1534998,736.3861388
488.5251295,827.7726485
783.9546786,324.6852796
832.5961361,212.0042838
468.4874096,447.4823865
539.7436549,473.697311
795.4872922,453.898469
607.1374743,506.8393813
877.0337727,612.4250566
819.6004935,556.3009876
434.0402446,362.6577357
660.0396494,737.820982
497.2369243,546.2473701
661.6668818,476.175154
460.9018779,385.9013462
366.3614177,524.364346
869.4230285,430.6536884
689.7724666,564.8909913
382.3372886,303.1283249
366.8161115,601.5403445
686.885523,562.9692379
455.4046842,688.5875156
910.3141817,479.9584029
427.4044736,388.8513902
555.5468285,447.7553855
574.1704163,380.4940814
643.8722354,468.2798081
516.1488604,403.3523258
541.2777374,676.6851269
424.7820441,251.914289
517.3287694,376.2830728
467.6276229,381.3773897
442.0962448,364.0881285
640.2038392,561.2678729
742.5475006,541.8657842
530.5487629,490.4815887
532.2707031,566.283002
513.9193294,504.4868805
587.9474966,274.1500221
482.9921469,389.6447714
513.6194161,371.3611094
550.531204,482.8228657
731.4517838,721.4587599
598.0588922,552.0257723
566.3628708,484.3371054
539.8532986,570.6753274
775.0994437,451.0388118
695.3276805,622.8017767
775.8653763,398.5847051
355.6535809,466.3711135
719.3858876,537.1257016
602.6071642,588.8965377
265.7110385,357.4063599
674.4649741,422.0254491
640.9299832,495.3512549
870.2765233,584.3182153
724.6233462,572.6368626
811.2543773,448.2862564
781.7333121,626.3801613
695.6331817,547.3893859
713.0179714,272.9552493
958.5266822,906.7577825
372.1366979,351.4887628
707.5292118,491.5283705
902.6868839,535.0426478
591.3436187,618.9866229
627.2380381,673.1728294
579.0757979,527.1663989
592.0830955,612.4498994
175.0447192,533.1298579
716.0221238,547.6763838
618.1771783,596.4502692
782.259374,569.6842068
604.6054382,619.6103461
522.4826657,561.8370839
522.0624274,765.5892177
523.7002211,570.6454492
746.2382929,581.0311953
630.0046717,483.9942374
563.0123499,516.6898689
529.048372,352.7006686
461.6750762,542.3555359
530.6252243,718.5384687
155.0279873,517.5303448
489.2421801,357.4479804
658.8292846,849.4995328
446.8345617,571.280058
385.1158768,426.7092645
728.5787124,408.0823166
829.388486,737.9648779
569.4963365,474.0575836
651.7663093,575.6134418
780.7821433,686.8289014
640.4597993,796.6845686
544.3063083,515.2138858
978.0278388,593.7785939
188.1962359,690.1914944
218.5081466,797.115337
285.8020897,663.9738329
535.3064948,551.3272283
492.271605,604.9858443
799.1519732,331.2968449
493.3008682,695.1391991
472.087314,824.9160835
572.7406444,801.5718692
562.157327,209.7521152
526.6874154,606.4495001
503.4352442,469.8927504
503.2682245,450.4910796
542.1072481,539.8414629
369.3416759,338.2551227
907.6917223,549.2128755
795.5638435,674.7200606
970.3225515,599.3375689
787.8201607,428.7324992
663.8493734,522.1827986
699.5840687,485.605738
373.7937718,452.577957
441.2530118,344.8540263
446.8359849,647.6982367
554.6089325,692.8586984
481.2214295,408.002711
822.872246,647.1184324
671.623467,477.9972228
657.7885013,164.0570844
700.693134,548.8581816
492.1281948,347.9883331
505.8116608,545.4596929
502.3102244,459.4307208
973.4657846,535.6260249
607.0016893,520.7977663
369.0161156,994.0736693
745.9891341,356.5672003
402.7232495,293.8595429
417.9222369,579.6787784
842.1364829,359.5973304
622.1184477,467.6378656
416.7311373,344.2929847
685.0480517,444.1013443
579.2017255,547.988914
261.6935474,710.1046257
497.4687954,457.8846388
471.9018531,452.4533879
764.1931427,316.0812771
595.4173024,546.3088189
468.2983982,405.8099018
744.6107759,512.4113315
512.8463975,616.966585
371.2931952,431.1066879
383.7824756,346.2992119
556.4102255,711.3733837
776.0038878,559.2537687
905.425234,511.4542261
352.9796478,303.3749559
402.7590983,423.1340766
799.3469169,810.1770417
719.1364142,543.4619278
749.1555124,344.868255
520.374658,547.7600846
454.835448,478.6417144
973.4753273,608.6577916
458.7384268,540.6351784
307.114816,647.3439606
491.655644,262.2958564
773.8219055,470.9897609
761.2429208,349.5172821
482.0213234,198.4802401
641.9606396,657.915871
636.3280654,478.3731449
611.1821703,653.9241642
782.3443295,681.4699849
650.2669971,489.2747811
614.0560956,480.3600662
762.4503943,567.2264428
686.8947062,18.60417362
452.7661055,637.9448428
428.03564,639.1353951
522.3594944,186.2228858
434.5055448,257.0955242
778.1596838,415.7533461
468.2314346,629.0629103
379.3349039,340.146956
680.5025961,403.0615879
399.6925214,925.1468749
759.8813559,744.3039665
710.6874256,605.8015819
598.9909457,794.6564029
504.1890425,682.195085
719.2139992,469.5324151
583.5186807,422.9476826
224.1640308,458.0271976
327.6669128,574.6713591
720.8038398,341.4499799
505.8299373,803.2330344
480.7620317,591.1160283
926.7224852,660.8221215
792.2096673,644.9224056
391.9435653,435.9106221
709.7729894,438.1042461
740.0409168,425.4869536
710.258154,539.7448289
587.0670366,351.287179
480.4448905,414.2335068
616.8205121,832.1490109
644.8206628,291.6252803
484.9513513,422.1361447
437.7749003,235.0810152
559.9466717,489.9980007
527.1841002,754.4100486
751.2919234,634.7289873
553.6549922,386.5946459
538.4072876,336.7204279
539.4642052,559.4120814
785.8762216,562.74208
463.0972679,540.2500212
543.1647799,384.5922423
782.3389215,599.2517788
485.0694591,394.5814859
907.8619329,445.5239436
494.5785112,381.1594042
629.1725844,954.0679076
593.807193,540.4660845
656.7820986,590.7919439
644.8389392,518.4123786
609.9563305,556.3784202
494.1368356,557.6998098
737.1713508,437.2900965
716.7853749,394.4821148
667.1776779,473.522137
936.2647345,876.7434583
408.7808858,263.9756799
694.2394533,525.178621
563.4834626,312.5742659
838.4188302,565.3094323
577.2372779,417.8671348
635.7154901,597.7471502
310.4315704,529.3578709
198.3323647,735.7527837
580.8030863,592.0057301
647.0276329,579.1101524
596.6111884,383.0640872
740.7261185,967.9836274
828.0756534,384.8364913
533.2362834,560.7374826
956.3785114,565.8898425
553.4335926,450.0210516
846.3276152,635.3283482
567.4059612,491.7122363
330.8865924,424.4077655
572.4147994,464.2704043
640.7423501,544.716457
700.4025686,549.8063443
642.6662001,610.0988611
619.9443303,482.7082838
569.0899853,487.8912741
554.6214114,199.8866885
482.9860947,842.3991978
897.2032777,479.0059151
967.4646405,551.508169
646.2498954,500.3845617
408.9620472,253.2070331
621.9763259,984.6623913
302.8739627,672.7174063
793.721848,169.9686014
465.4022865,624.5724257
540.6020784,309.3322513
584.5792235,505.2700863
471.4757274,453.1660143
445.5309722,455.3824336
266.7169618,713.5235068
464.3265832,979.7806485
692.958125,191.9308758
700.9542025,336.2058751
794.5202738,249.0295592
622.9075255,540.775
566.4513018,394.834782
598.2276347,497.849574
875.6765672,714.7889635
468.3586356,914.5523992
714.1521443,406.8384223
421.4280327,695.5531271
214.7626598,412.2497406
472.6587524,341.9786569
478.8526231,482.2013991
706.0898972,184.3998768
670.640554,167.9785878
633.4935693,698.0362981
301.2407381,414.7501908
522.2274696,548.9384348
915.4341467,465.3571769
642.4292955,561.0183586
753.1192828,530.6443677
940.5551888,594.4944798
494.3837473,380.9605574
858.2928861,470.3759415
524.1389306,314.7558342
574.2283166,464.0075179
828.7881349,909.4550319
678.7479979,18.92426735
565.4895865,502.782653
366.7084004,691.1554738
755.8888526,276.4415965
791.6503933,566.0222259
408.8290637,717.2911897
847.9342342,616.0428262
950.4180249,543.8176873
956.408248,883.4834372
489.7585645,827.3710896
705.8330383,425.7128369
576.0535038,307.0423901
402.1445156,255.8071261
745.9769098,509.7776621
482.0554494,397.0079092
712.069514,524.1258636
573.5503206,392.8814372
421.2743458,555.5678644
502.7758842,361.5322678
635.8792589,626.8641046
406.6767432,809.679601
502.6446533,370.8422943
664.1779748,648.5608809
768.0546849,440.8119424
174.2270133,731.7227576
879.79753,716.6017763
849.6396358,367.4832114
442.009222,355.0415943
399.3399359,599.5651656
556.3590365,327.3008549
588.8387427,503.6119715
285.5009928,352.4597417
730.6558448,305.1057604
715.0370536,502.7495571
293.8095075,679.6951153
639.4397792,451.1619392
264.6294778,556.1126923
446.4093199,217.5592891
575.7718669,397.175457
526.5691129,569.814083
613.0044513,527.4203845
542.4162847,469.3098748
803.1952161,151.6002984
65.1781305,596.4600684
774.5697265,468.717179
940.6508255,576.6157405
588.6968606,465.5941967
473.6553727,639.6270691
440.691221,505.0637387
772.5373864,764.4399725
561.8132056,212.7144866
868.979675,415.4455589
499.5143935,541.8699211
660.8922303,523.5655115
640.4689824,628.1305642
718.6196254,619.007078
412.3425445,310.6621446
382.1780738,333.5506224
751.6829044,271.402335
620.9223445,644.124783
752.9664498,515.345329
542.9609376,398.2164302
559.4634397,451.4519876
566.6627242,387.7258178
494.9057194,454.6602168
660.657423,951.723033
943.6056915,595.5995762
504.9092092,346.5995191
731.8602473,896.5520159
773.8773041,560.2429461
462.6777936,627.1510398
593.9942569,268.7850673
768.4614406,351.278132
756.7248349,348.8275554
857.913635,814.7682347
510.3393643,692.4139938
475.9501446,380.4101299
461.8553988,614.5361082
579.0623003,992.9045959
764.6938573,303.5576935
673.8108123,354.1648676
562.7386976,523.1515835
511.4131351,452.3899541
213.0143685,506.840635
285.4794356,717.6871281
704.4041952,492.7860129
506.2026268,543.5830494
209.8579224,746.1664022
618.8790685,521.4941583
755.9570447,530.700008
603.4337686,547.0863834
496.9322021,929.4855657
546.2618126,324.2437927
335.0734252,814.2691225
721.1990603,504.8400282
829.8952078,373.6562149
491.5939985,315.7498381
507.8786214,730.2113594
717.3458923,407.5046853
802.1815328,393.1708587
562.6632848,643.7724918
794.2030128,542.2771422
667.6016015,847.9297363
389.2369893,766.4373198
645.5423275,978.5361692
214.7716033,479.4365999
658.7565384,491.6175872
530.8561067,569.7248036
814.1563015,607.7483451
605.9431388,559.5300481
704.0936455,572.1803947
251.8506207,742.1314452
509.4339015,285.7124262
413.7140865,483.6518081
717.767374,466.4817464
408.4562543,237.1597649
777.6317344,455.2659295
638.2738322,392.6491394
344.1249222,356.2673527
829.0683337,745.4850539
703.0282189,487.6358468
44.41106081,619.6486654
454.0665192,515.1471718
524.2325449,462.833639
508.467722,550.1473737
548.9264876,731.8422077
608.3169638,183.9368274
584.9320188,593.1352932
627.1873734,554.7943533
590.7112689,734.5167873
382.5059412,780.2024367
897.4563465,842.9951112
625.7691966,972.6905932
877.0407087,435.6866818
444.5791891,628.8585058
976.105322,488.5790578
571.5463988,983.9937255
636.4844938,526.1744844
605.910436,561.0736228
873.7831879,500.2921691
840.9927972,361.0683199
696.9729346,514.8794589
388.8043021,318.6609986
791.1348778,114.7259393
514.8386494,604.5255947
527.2754524,560.2925063
618.6268985,233.0712152
766.2418418,664.7157316
700.3249836,545.8843186
178.8398221,732.394453
807.269544,557.2688533
470.1988784,383.2109292
598.6405924,583.4022708
612.7769695,591.8193779
465.6378729,402.8030474
562.7962534,506.4364435
661.8798173,574.0395919
502.9777639,409.5062113
502.6636339,614.281851
446.9804886,532.1608849
836.9267536,618.4377834
469.4022353,960.0674295
598.5149194,570.1534618
216.9561173,673.633894
920.2623179,640.9032861
597.1439017,730.159877
266.9304217,287.6505185
447.907958,531.6374731
736.8565766,469.8548699
636.9672315,569.7329731
485.0717362,841.2608383
567.3542328,365.3112543
664.6324889,365.0651248
840.4481743,352.5704164
457.8100435,382.2323241
456.1535988,285.6038199
668.5458343,556.3370086
514.792374,399.4394724
426.1903487,872.2148633
532.4568082,756.6190087
523.1446323,579.4903995
408.7670286,891.2308337
781.5552816,543.8604988
441.4534834,536.4519169
463.9930382,665.3013234
646.336364,859.0271896
635.1487706,900.3973613
918.3914695,596.6120502
561.1499806,554.4425845
562.9217916,362.8591315
669.5264552,535.4005176
746.9718373,352.3203379
468.7716082,355.6403075
718.6706496,151.519481
773.1525983,365.5286339
953.7686507,867.4674261
432.0311694,304.9883996
710.1458737,383.98607
528.4893975,610.2295103
705.3707642,385.5654359
570.3943988,761.676218
571.1652302,809.8388121
527.7167385,411.0203048
554.0917392,458.60579
423.9593945,583.8351078
683.5346725,619.1699038
178.7286803,726.729379
980.4463062,602.9620454
549.2878218,403.725072
683.9227623,433.9458483
657.842267,590.799006
380.103548,853.1367128
400.3295452,853.6213038
706.200979,541.4755707
800.9322932,453.6697232
538.4370093,732.378114
550.8342483,738.7485852
512.0279576,422.5295967
708.5053834,554.7927026
751.4526662,782.2317098
659.2840684,132.3775624
474.4881792,322.7756656
381.3735359,590.8256874
801.0029721,487.1114531
388.1653158,246.0635314
495.2469196,443.8892926
458.4460337,499.6894443
549.2058625,458.2692946
673.1341047,386.3149817
458.7509356,689.1781637
728.6758771,298.6416012
223.8177821,520.0341171
566.970877,692.3556164
325.0893504,701.3311741
227.980496,671.6921452
468.16513,451.3094915
470.910566,330.4770748
520.0225819,489.2220659
635.2419655,516.7990602
536.0640532,757.1177239
878.272406,591.6691302
585.2154084,456.3885976
480.0903575,329.2219188
264.3313321,434.3397391
518.1786239,564.0510586
623.7560317,596.7104185
539.1141964,479.008088
253.1924559,534.8364882
488.7411061,494.4295438
654.719872,851.4682973
822.1940852,724.0427646
401.905274,633.3140978
516.0401306,366.2766545
951.2234616,594.4998913
670.4413558,253.5105789
432.9364225,456.3216537
447.0441715,539.2945874
375.1640404,407.4144448
642.0757662,496.093676
628.081406,456.1032504
425.3853464,812.6661257
475.1202294,721.7780806
444.9219023,567.2458949
523.1535009,407.1035861
592.0777773,637.9522183
237.9293213,389.1983535
524.8234882,463.1453543
701.1178365,507.860004
783.4677463,616.5873825
880.252913,528.8790675
268.4005066,348.5322
449.3257454,253.2868267
635.5709264,907.3647279
479.9430824,425.6929669
774.5981449,450.5571668
500.2278787,490.7680643
355.0830563,410.6930863
639.156764,840.85368
795.7562255,622.7282512
626.3402604,442.9312889
503.9076453,494.045285
796.9891662,349.0884568
670.7071732,574.4831265
639.3991665,225.4657923
555.5299902,393.7065143
487.4189704,718.1101867
724.6121106,522.2802475
394.0953615,655.6452531
497.4337706,493.1051455
325.66765,578.6384111
784.2812876,427.7323526
581.6702884,349.2249981
616.7370397,527.9152134
487.7430476,488.5861617
570.7041396,640.1162985
563.4332623,400.9009134
959.2167976,885.2622139
458.0865721,813.4109286
652.4984306,125.8463131
522.8708303,181.3236131
677.6385431,623.0682777
724.128579,203.6575055
385.5080412,306.8844744
498.3968491,562.4979354
558.393429,400.552216
438.1662259,581.5799304
862.9145634,578.2733956
674.888583,853.3849735
592.0116676,58.85928247
525.0620107,575.757087
587.3898704,420.2041951
508.9795372,447.7376885
738.4275116,407.6614518
464.7064336,626.7724224
951.57765,555.6347038
576.6471586,526.4839014
738.3215082,448.4132283
500.4181784,546.8334425
449.0754181,496.0713613
538.4668359,641.3586466
930.7130261,491.4377121
751.3064097,499.7512274
729.5796621,463.3813085
612.2589523,563.2569253
974.7287615,904.1225252
568.2590365,395.32468
275.3387227,675.8915577
495.2779895,558.9269681
498.3103805,432.7215524
974.7484761,913.6369771
689.9315465,589.6128832
594.4731745,684.7689771
502.476585,383.8613128
462.2627986,388.8317082
791.0034822,258.3006813
571.658709,392.800578
220.0354728,501.2784214
670.7695378,361.1347624
440.3377816,508.5111607
420.3726431,319.3215576
404.3176442,655.8551944
425.6079594,425.4116103
577.0298552,538.3568715
422.25239,853.9350458
547.7659336,379.4719753
412.5059988,387.7981523
628.0869189,567.636589
445.372851,725.9375231
589.2368545,530.8678483
435.9046962,811.4668607
364.7132423,314.2765711
258.7936156,682.2579337
712.99189,463.3902092
610.0697493,367.0986393
788.4058907,339.564749
635.6851092,585.3041541
442.5688855,626.6767077
504.6173704,384.1708552
510.4206195,951.1792915
509.7261747,564.7499996
549.8901803,508.7036348
670.2153571,472.2149343
628.2109739,439.7855531
806.8746531,382.5953964
750.1436985,514.4294681
485.2933155,435.0532222
372.7263977,573.8553499
853.8988104,409.045502
745.3992545,350.4472673
281.0623046,704.3826369
550.6611165,762.3593424
469.2682031,935.6145458
775.9759788,207.552223
448.3122269,634.1365422
612.2791313,619.8223559
383.8423834,599.0958898
782.3637445,602.8534601
635.2776495,510.1701948
529.9012376,813.0880769
554.4615525,318.0735263
740.9955462,9.915906237
606.9319542,335.4251765
548.4465513,363.378657
651.8741403,541.6880402
629.5059796,732.2932641
509.9452373,403.859691
630.4600397,451.2965583
774.9832684,920.1916902
703.1828346,516.412524
469.7484241,615.8222708
684.922933,570.2768399
198.7535618,650.0070694
690.81707,465.4196077
538.3876779,606.0000734
744.6798668,556.9990929
583.025022,522.4999254
597.66108,568.7242391
601.8007986,725.8386116
415.9032745,454.7900094
639.7429434,565.294535
667.7162637,485.8503423
725.7026449,459.3033519
717.507489,215.7853806
759.3693609,304.5613503
721.3138573,527.2171918
517.519174,198.5731968
612.8714527,548.1534112
464.5435785,856.0060647
402.3754878,593.7647622
853.0955309,408.6600314
526.2599115,573.5447838
598.5324618,544.8607708
471.2783119,601.8290975
915.5988594,460.2687312
859.9442524,259.9880266
653.0327618,499.5333882
720.2773884,524.4827514
817.671625,356.6143577
953.858355,500.0539584
494.1164768,573.1972773
655.2924189,585.8577575
409.3157863,360.0462765
532.5954845,338.3664033
792.7695855,682.4347583
320.2330006,578.9407451
699.6054311,523.9165908
766.0344192,943.038234
617.0826592,554.6470307
715.6031289,294.6526733
541.6472661,504.4061048
667.7732652,325.7164537
477.4451873,677.2583704
921.4982247,515.4438853
413.0899461,708.6343884
482.4018628,196.1443289
773.3045474,589.4639936
714.2241865,198.8204128
243.1889812,744.157041
505.7755274,991.1012898
437.7058993,516.0658115
624.4428214,465.198906
328.7014342,510.7222102
581.7125789,590.9369263
757.207303,626.0619689
540.3186437,313.0200988
545.768888,487.4580611
466.0067124,754.7590385
402.3461257,419.2453974
612.3034899,382.4795192
526.5142986,801.8036864
372.9361573,585.4353884
715.754314,510.4902258
576.8403795,529.622178
785.7305644,671.2950159
886.2642589,605.4388856
773.8590277,442.7222041
608.9165809,369.7366128
476.5293579,223.4865391
767.4222152,466.9485567
625.8201459,670.9209951
469.2944493,805.8801595
192.1780281,622.9783088
778.5075654,452.748597
701.0521162,387.5955865
496.4751263,849.0705822
461.9346166,350.2435732
764.5732777,64.44086468
612.9363041,526.7751825
774.3257361,436.0399759
536.7391879,362.9152733
486.7502774,503.2643606
397.332943,439.9397915
771.028052,490.8783629
672.1886884,841.9636865
586.3306608,535.1156509
475.9931991,430.9945715
497.1283593,261.100812
440.0805032,532.7234726
226.619875,814.2684748
656.0251094,515.1606901
584.4440378,211.248031
509.4758774,559.6488505
461.698491,610.7309627
673.9668512,497.6972787
862.1489154,725.4117294
645.3520428,626.7269156
713.0079193,412.6232807
731.8272148,508.7685102
362.7427124,526.6236394
780.9211041,627.3934084
567.8888637,179.0094106
393.1560274,379.2409311
751.3911405,892.2187366
587.454587,557.6946281
418.2142255,663.7825288
789.9992667,538.9090123
660.3911862,587.4864955
789.8347488,558.7180296
549.8196812,588.3623865
475.2111172,420.4783642
509.7035988,488.0988545
444.6865557,635.6051081
320.0805122,432.2337229
407.7958456,651.5837818
417.064967,593.8410038
500.8832689,439.7768195
837.93419,382.4497037
672.9967168,476.5041277
430.2260114,389.3628089
861.1660174,598.1720266
580.8864538,380.1174907
632.3362811,317.1996621
676.0824091,558.8491385
442.9885845,504.2046882
274.550394,620.5914166
487.3847096,214.1914935
352.2485302,944.4734323
213.7151951,521.5132552
351.7153525,575.2198435
490.3237709,416.1480936
440.6114188,574.8237379
595.9033059,540.1516739
581.699291,368.800652
651.2826428,568.6972442
422.0977294,567.1244181
962.4999054,596.9018688
512.8796097,503.591015
535.2371642,303.5736146
754.2768256,639.6552967
653.640034,320.532544
704.3176517,513.8741724
814.3654169,506.8668358
793.4259494,173.147224
628.2511971,526.7847101
495.4358261,432.9519698
816.8626678,302.6588193
774.3117141,441.6610474
508.3098255,621.3587014
560.916941,547.9079085
972.5063464,899.8783372
638.4476831,536.131844
812.7544985,333.4436877
540.7216842,603.7011653
763.7808292,933.227194
660.8647857,363.6280878
659.5629189,295.8238779
497.4477176,548.4541573
835.9831051,284.2591129
920.8629086,857.4002693
605.1401739,883.5796742
530.9765364,645.4001225
536.2954599,374.230127
722.94088,674.7807572
749.7084646,424.5008058
905.8418919,859.2386144
639.9098282,627.8071066
590.5085052,982.8830713
620.2857102,547.6401957
499.7325423,670.185469
443.6224923,637.3383153
679.6999907,531.5479221
635.1831962,471.183029
817.0115159,583.6430097
677.3101514,637.3845534
569.605321,520.8931677
472.4129043,396.312374
242.0145101,701.0630016
634.8813653,552.2514676
609.400547,491.3659417
719.430575,460.0851788
308.6374082,321.7856734
439.8195696,483.7940534
683.0194717,379.452147
658.2957025,400.3157812
916.6267594,863.4655859
520.8628038,773.5047261
501.4919193,190.6617627
437.1919418,527.2665849
778.9753523,537.0042666
437.7892368,391.5008554
162.5179572,535.7921936
673.9304181,400.4451559
447.5324521,513.0986764
502.8570346,489.2014228
415.1391994,888.4786127
723.6721174,108.332652
943.6273086,869.5923094
364.9504315,293.9297671
539.3455581,882.3305983
951.3725195,456.8894231
575.636756,466.4915874
624.3796628,552.1119803
670.3048967,381.6843829
781.8648875,428.4385437
537.5252846,508.4821182
783.5315041,470.98857
650.7027104,534.3875003
408.2986125,422.0698903
580.2603659,410.6915193
497.5590391,419.3491354
557.6275563,483.3593152
421.0914615,575.0783921
721.516606,534.9704178
547.2379842,462.0586862
705.9025487,561.9247963
630.6527962,536.1574808
640.2188948,470.5682903
916.7360734,663.8672743
517.2357993,571.3607918
583.9040589,708.3651921
682.4674633,259.1105895
527.6641114,777.099408
663.7897203,494.8933454
390.6323506,343.7270331
428.9312305,346.1007621
255.5720485,425.5691708
900.7462705,535.8569646
469.0132917,385.7173132
653.2316155,499.4806521
630.6685709,559.3206291
833.5999771,107.1324886
519.0740646,544.3486
790.1393511,873.9572847
579.2700075,463.2181484
455.2391626,581.4320856
670.0181963,537.3036336
791.6169414,547.7529389
483.5177893,270.6080972
459.430235,327.2011704
903.5934852,597.8721999
531.4921567,176.687373
545.1010788,661.5778519
503.2427723,545.0864244
561.2851963,319.0424994
748.5125562,239.6729185
594.3303636,374.8302192
754.1266142,492.9313714
789.6470407,931.8684671
487.8917759,406.5793386
403.0043172,416.8210426
402.1365758,839.2137428
752.7730341,62.70473227
681.1317701,433.9665959
921.6836556,854.5439969
498.133968,665.779897
425.0405658,581.1992027
502.5237442,198.5505061
654.4783383,208.7464526
439.398028,650.5124289
353.8351949,247.5152776
255.1766781,809.4259497
538.2353543,447.3484779
635.2581895,298.9288498
753.9741108,471.7161773
785.8525971,615.9077684
537.0877286,913.0359865
782.9181048,500.104417
585.9816707,406.1696103
395.7294251,811.4055999
550.8472815,393.8429511
414.8589857,455.5166138
535.4358081,564.1825018
670.0818492,567.0637215
765.5572243,266.7962238
333.0775181,316.5970626
744.5554222,351.4789845
837.0400077,357.5198762
740.5175573,705.5063079
469.6471696,341.9149098
487.1615273,347.8264476
702.4467285,272.3824027
520.1509215,426.4953115
808.9227379,541.9629196
644.7579986,797.3149568
911.1485612,468.0811703
672.59853,689.9783772
465.6190571,382.2986411
479.3915833,853.3114062
567.2708953,330.302465
507.1032958,405.3469568
898.6599549,847.214728
594.8519612,405.9836132
704.6373696,562.7639977
775.1794855,307.7767462
612.7069648,526.8871108
548.379258,891.1401335
659.8548926,692.5043597
736.3524615,290.5017555
830.9031685,235.810294
643.4030402,582.4723693
557.0137375,586.6797214
795.5059881,674.1140972
659.2879034,388.6431204
497.7145836,659.0692531
643.4809847,403.5353141
616.2331942,528.8007156
541.227597,937.8438148
813.1137804,252.5196046
726.8717977,571.9237974
851.4690026,410.9410545
568.1211392,564.0150585
642.6244788,493.2407257
635.7989625,611.87722
399.2750845,910.8263786
616.0480628,702.8600396
636.1355635,685.509058
310.5259937,707.9834615
450.8475737,506.8887953
617.8667784,855.6626117
694.5275169,247.9595853
781.150039,642.0409561
607.4392153,281.0154894
706.7876827,323.0185775
744.7044201,921.5088801
648.9667931,972.7841141
558.8300561,177.7696533
423.4844917,423.5592037
609.8490389,271.0674276
554.5846188,467.956058
564.373705,562.6784374
664.1610017,402.9366009
884.1505436,551.5276003
595.4477732,619.7370046
646.5481459,306.8091521
423.2774436,606.4431274
850.5252492,728.7197268
731.7466337,407.1770071
654.0168582,322.818101
734.4412252,303.6070656
735.5816151,887.1845941
228.0452875,389.3467416
480.2219179,621.7785423
950.6401585,637.5124655
646.3074512,567.3322283
789.5112408,557.4107643
625.6616502,662.4691625
524.292992,756.2034928
773.9894196,766.7114888
177.0154139,760.8591015
440.9123959,869.6215399
499.7997606,430.7853406
626.4205869,712.6241102
511.7277745,224.4215387
398.5388735,827.7603211
505.585018,800.3751741
681.1134187,548.9940752
494.2104507,561.986851
656.983514,624.3988187
409.682124,491.9694396
540.2842181,511.100744
483.4381969,327.3744013
513.5267755,498.4791056
561.1346853,463.5906648
604.6421559,183.7461083
701.7436997,538.1435036
846.8698413,579.3016236
461.7960902,607.8738963
396.2253758,313.3742704
468.5557066,203.5348586
657.145605,573.9870439
487.5070718,585.7728031
760.4114027,323.0708748
845.4365339,64.83157961
451.4277907,933.7578977
597.0373291,545.467361
783.1048541,677.3013491
402.3340063,882.3036452
611.1721483,875.8761547
821.0813046,579.044483
259.2019143,721.046984
707.7856213,565.2829807
456.3633434,612.4723812
578.2432311,545.9709445
665.9265657,493.2277297
791.2682359,559.2235145
483.9192867,271.4066183
404.4826266,346.4694549
341.7181397,340.4004611
473.3672341,392.2100343
726.7436829,316.5351751
639.1996088,854.3353927
561.1904434,363.768578
495.8597796,493.1220486
437.8087567,589.9440298
513.759875,545.043383
209.8531735,371.8523864
216.1088695,470.7943408
596.4487079,497.5101743
367.823443,309.7146295
213.1859573,401.9225807
523.1334867,478.4303105
542.2724102,675.5590948
335.7955543,520.9952968
215.3398208,706.9819986
639.7982071,532.3692592
238.4263506,513.3507815
689.3879572,619.4454727
163.0142075,719.9662915
558.8782191,262.0909713
388.4821124,483.7324584
575.8631143,506.583181
742.6965584,670.1446425
928.668207,520.6718809
703.1730522,477.4603972
400.8372707,430.0858355
433.2901016,533.9104729
875.7300483,694.7950148
456.4304419,507.5288365
479.0898273,673.5448862
713.4075292,428.1682818
872.4621758,724.086391
270.0179416,723.1259008
786.7412515,286.7306878
420.707117,256.5650086
667.0865804,461.3718845
572.9231391,382.4555539
450.789943,385.4917224
612.574146,647.4941038
579.2914449,596.2479749
700.2839964,548.3140013
444.2032487,643.4763425
394.5669686,367.6236599
660.8906873,304.8360626
569.9483189,593.9718411
649.9356392,504.1030814
779.8845453,486.3311933
485.1242435,682.8166351
491.010186,367.1337201
597.5912251,498.5309641
809.3503167,329.7969801
569.1280962,436.7897098
622.2752805,973.7714737
650.0765326,495.9437208
637.8878098,92.37098588
698.0816554,497.7224976
830.8288493,394.5614487
691.9626283,611.3724664
468.3921025,463.4740354
521.3471594,362.5276715
785.6518558,444.1349207
685.5525264,380.8656576
441.9193528,623.1983837
686.0442375,469.3950381
712.8899464,572.0420566
552.5895057,468.0313176
731.4232006,963.3941268
621.090353,475.7482719
494.8421713,415.4397295
293.581831,673.5088861
605.5312148,574.510581
875.7873344,347.9036713
981.0214747,608.9699039
822.4678273,383.0843125
778.6970112,415.6973924
919.0819594,452.2106223
678.5387776,393.056653
456.9481446,809.5140591
581.9286753,607.8340099
831.732859,389.2181817
445.4618513,298.2192948
722.3951335,108.1854758
310.0640642,409.6716279
638.924818,871.3088852
543.3061976,699.3601531
763.3627631,690.4893571
661.431625,623.55734
688.0645782,436.0465574
343.398943,592.1522795
206.6872896,536.2957771
705.8034514,465.5285064
556.0417455,504.9828795
651.4870094,215.3104008
624.2362676,456.5659028
529.354757,581.6832923
530.5033114,703.4467179
705.2974637,538.2034062
835.8028724,405.02866
663.2884514,322.9132307
165.9057051,715.776532
634.0145077,566.3252703
796.19883,539.4626993
532.2747929,330.4004989
673.6718515,388.9105407
408.0208256,364.544283
785.2771888,670.5196452
633.6340732,470.0815263
694.926977,412.5736788
558.2143798,417.4044824
543.8380869,458.0615679
206.7561258,495.1988552
783.4149544,557.9613381
546.0648015,211.3058234
597.7101568,193.5961154
855.9560035,732.0836153
148.7698645,501.068877
613.8372278,382.7785101
714.7950106,213.6259179
673.683057,847.1394893
636.8122562,605.31323
436.737203,392.5398437
636.7020733,541.932352
477.7762905,613.8444174
749.1417301,526.2114247
550.5650454,860.7610028
396.0575172,447.3044963
749.9732932,80.71965763
525.6153374,311.5877211
653.626057,546.6083531
586.5600151,744.7695441
521.4781356,455.1680418
523.4999893,478.856545
515.5683887,566.0523548
674.3348069,842.0989114
933.632268,870.0132369
415.8754703,327.4567022
756.3912599,494.7268005
484.1030549,218.8488782
143.5234176,691.7277772
490.0548525,408.8401573
925.2356219,698.6325667
430.4569088,374.7265231
339.4171958,480.2944804
562.6909542,401.9511844
599.8268232,560.786207
921.3907682,639.9132521
180.5344975,545.9104777
490.8576826,714.3141926
807.2651996,390.3634152
762.9213122,301.9928906
422.013493,324.1461348
499.6968882,553.2445522
516.8741954,735.1384419
679.3063282,371.2325286
760.2623298,562.0122997
828.8659147,737.8918121
697.8830564,492.6470688
497.6457473,661.767777
807.6772285,320.973049
648.4007029,674.0812312
695.2684618,236.4101354
489.7719872,724.5586964
695.2004944,387.3513165
947.0429956,889.9717496
933.9698578,855.7194638
225.7840724,517.8870028
872.9232365,697.6563435
227.0918715,547.1885752
815.7214089,428.2018582
606.5712492,500.7218093
742.803191,319.3168147
554.5235875,404.7628276
539.7053343,478.2900501
445.8066168,500.6668794
889.0746211,610.3260817
733.2941239,848.8398932
647.7789294,624.8702048
668.9527847,482.7651569
774.4024372,570.422073
533.5124524,393.5015039
614.7724572,521.6828506
488.6299943,236.1264597
552.2628967,426.4591651
330.0666693,348.9283264
470.0156646,660.6112608
884.1838757,588.7409412
582.8316063,705.5874596
710.8355247,398.6717489
592.1547781,626.0501639
361.2626803,684.6250393
647.7547655,533.4011227
572.8489847,724.8439392
503.0965159,924.8175043
577.4318171,576.5522859
552.1758889,507.0731626
467.5333644,502.6695755
440.1571294,523.206597
687.7525753,555.835222
629.2022611,483.4842813
551.5204688,478.5026032
601.6870203,561.1896045
636.0088419,484.174217
550.1965803,733.1818585
887.0401837,491.6306041
752.2143743,653.7056564
523.2743351,373.2558679
662.0416537,326.0143581
639.6271876,391.7666251
535.0165885,616.7471369
956.1603476,906.2212912
743.0683941,740.6446391
680.5483022,626.9032806
490.5245421,734.6665335
484.3977849,513.6581509
664.5628437,577.9655039
496.0668277,444.0459965
496.6021925,570.9768256
779.0683525,310.0949811
925.1129001,657.7290591
546.2702017,364.8515061
803.5404161,321.6285099
443.7983506,636.0920809
766.5240031,534.7242882
823.0675492,632.6160134
450.2436122,383.3190548
569.6081973,502.2563996
707.2719035,381.1825336
599.8490546,578.0910968
920.1269523,849.8595129
620.7384416,560.8048652
221.0915065,704.0811805
507.5312492,505.3671382
507.4826069,811.9011184
719.8927742,535.0772271
793.1706635,653.5169014
802.192274,322.4815221
531.6766439,390.0114166
918.0510034,461.6453014
520.7227943,220.8943022
392.6434481,443.1489609
311.7789036,713.8693835
664.9274886,490.7558205
541.6921482,308.3001161
563.8369768,486.9874481
474.3147178,680.219321
526.2769296,333.4379836
689.6711522,10.28299023
337.7697395,543.5450017
331.8918265,318.6878472
209.9076283,751.7833368
550.4749365,893.2324016
859.118337,731.0948349
510.7817141,444.6169208
657.7776702,661.8605248
320.0381019,833.8396574
551.5020275,734.8449669
587.6647511,365.7473924
707.9849543,202.2947043
945.070713,522.5733672
713.2811371,577.9369002
522.6279783,418.226697
559.0370893,371.0220858
443.4806702,568.4679969
798.5767447,193.5788362
392.5526802,843.5809538
642.2956378,541.124554
573.8418149,521.2217234
761.1779495,311.6323295
540.3113332,475.0931662
623.1543173,590.4958572
610.8993799,619.7173017
497.7847232,561.7465927
798.5786472,362.1685481
585.141314,524.5043348
740.7892771,423.696915
584.0519183,824.40385
672.0569332,726.5809909
774.4570867,303.7862931
807.4202647,633.7412934
633.8911118,657.709001
579.3710972,590.5005792
975.6141951,521.5107062
556.222847,446.6531098
579.6498878,417.7336231
224.978381,546.9612919
615.2185222,707.2005064
383.491281,581.6850892
523.1405576,593.7416745
423.07468,240.3600127
648.8295101,526.5644054
538.164181,552.4590062
663.2181021,524.8415614
474.672906,277.7276128
852.5726599,139.4098462
452.0029143,834.1393587
532.4163304,910.9397068
511.7046743,670.6194133
549.8676943,278.3937504
659.1936599,508.5675323
464.7050254,435.7879125
694.8056484,484.6818539
466.7705777,783.3980461
484.826697,750.4714749
510.7849948,215.754792
473.7663646,222.193983
730.2394865,532.0993734
928.2993076,706.7983416
713.9322877,546.2236973
492.2824061,764.9188177
501.0601759,618.3840862
756.0486965,352.4321618
764.0581068,289.9191724
484.6598271,719.4471839
544.3729874,395.2282549
682.1964776,427.6171648
136.9676135,497.3972222
378.5432943,563.9623851
789.6791294,436.2992476
367.9323676,541.4718725
540.4289016,196.2898964
201.141109,366.4220756
427.1101779,441.1816381
948.0042764,569.6933584
797.0787657,620.0444993
816.1594742,455.8172554
727.0986353,459.5118098
716.1606053,605.843098
830.9197821,508.7231706
607.591464,525.7591147
440.8248187,479.9266442
515.3535806,432.5853664
548.6413002,543.8613763
674.1920709,442.7660603
602.9773969,536.4031088
478.0292095,209.2334672
102.6988685,624.0306901
513.7065437,428.2493081
468.4889826,323.2079175
632.9947723,429.8936957
285.0483663,605.4569588
645.2204075,510.1751049
940.6118008,894.049351
592.542718,703.2666338
565.0839694,941.0867696
483.2458449,680.360062
480.5509837,383.9274419
458.8903909,380.8881393
788.4883743,295.0498863
514.8833068,560.2674546
833.8712474,401.801668
646.4771974,518.559325
301.6924658,620.2387912
417.9487827,917.3185982
704.009484,207.7164277
706.8364898,474.7425256
632.5472242,469.4286772
664.9956058,354.7508147
455.5208594,498.520935
529.1622102,514.848745
553.7720813,250.6186407
617.6678498,522.6852538
740.8459041,481.4598347
545.45314,503.8513732
352.057077,790.971188
475.7514857,621.0783059
734.1495811,504.3169508
790.68321,336.3579196
594.5624894,559.94734
536.7703028,469.394662
562.0202537,601.0793218
438.0711135,636.3308767
864.1368678,269.2912834
427.0731607,264.0439192
772.0693597,570.0255914
474.0743526,627.0923908
577.3255441,783.0801462
749.573144,473.7917929
669.5507838,475.7288615
614.3934607,648.5150398
408.8880726,858.2087567
748.4501466,624.7125607
665.9840167,409.7758882
599.4681406,391.2585285
608.5561754,589.9351708
946.5317346,590.9396007
425.1002938,549.1399351
784.2462178,289.1747246
639.804529,871.810442
531.0803975,371.3349503
769.6453494,362.7398904
481.9978486,684.2293099
483.9852317,797.8597012
472.4102528,203.2002436
542.8910377,286.3741761
194.7046861,372.0548478
484.818173,756.8622758
446.0368401,808.4565797
588.4207515,559.7696378
417.0980893,919.4489348
580.0957131,305.8706841
707.0559868,259.0769922
715.6448052,513.6690157
738.9272074,709.6735857
497.3274676,288.9352811
447.7200403,487.0734054
617.2055907,370.8951139
866.5970564,719.5078596
443.3594914,338.732359
720.457666,340.1983549
718.5435834,160.9239894
472.6447754,449.4448829
721.3581852,808.4610719
557.4967898,667.8751528
503.553292,442.9700051
514.7164669,342.4964482
454.8256656,254.8369412
434.3076648,862.0554811
556.0727555,564.0177956
579.5323194,388.5883158
713.6670996,185.8756928
506.8286549,346.1374517
532.3189559,397.1036657
490.3968167,237.4857298
259.2310517,620.3653243
310.8622802,661.1210915
769.6858722,486.1907657
221.9301853,380.7065718
768.3969337,309.2102103
497.6038463,787.5651358
564.9688128,294.0690664
698.9440487,925.3789428
803.2843512,333.5720595
754.4031877,629.233237
394.0408168,822.7516064
458.8286405,770.0473377
340.1234753,819.6006471
504.7366915,624.4318728
588.8349526,253.7572934
718.1007543,192.8167958
680.4406959,537.5468589
967.9800361,548.0869688
515.7623137,632.0737972
902.4839555,732.2923657
559.0273069,446.3816987
432.3602802,410.6706045
483.6326612,424.4158096
177.5372661,714.7460684
467.0807679,405.294367
397.8467058,237.3356075
688.3535257,376.1152117
765.0752956,568.5648817
410.5934742,355.7128509
471.1292391,748.8496945
581.8569178,308.0615293
452.1461597,775.0369137
236.1574803,716.9073279
914.2611588,450.0440348
576.8073021,701.8138011
892.4844806,844.6225538
602.2278381,583.6646767
777.2161701,537.072297
650.3077895,411.4876793
493.0066475,310.2154133
631.0046477,448.9312077
508.2373939,342.660444
601.6971922,496.6549892
791.2630676,189.7362488
895.9174552,500.506937
670.0932945,685.9640215
429.0497277,422.9816769
425.4804138,881.6185987
804.8698474,347.7634735
728.8193023,435.2498333
632.9432237,473.7776478
814.0205465,632.7960348
373.5777952,428.0075454
619.6530308,481.9812824
565.6480522,412.4298664
766.8332794,371.104721
819.2100668,499.6233153
526.6149538,323.0734656
292.1183675,305.7706653
470.9381454,560.2316008
610.6941594,740.4868697
649.3473775,175.6442059
466.3814543,419.029564
499.6238274,538.7229108
637.8046969,825.4156136
496.2683479,432.9823077
712.0528854,565.635836
668.7554441,512.6564372
198.1895238,735.9822608
215.6626547,521.067297
58.42386226,627.5950967
482.3755268,277.0772709
459.5167185,376.7681862
581.1383541,636.4081422
701.0265142,419.8373619
638.2261636,558.9420534
709.7997599,459.9743578
631.2951682,525.4525811
443.7261737,530.075282
478.712254,818.2565251
490.0388232,716.5450913
721.7639821,453.5594872
479.9458838,674.3808072
424.0779068,269.7566312
794.278815,674.2819584
601.0843921,581.6715708
575.1935224,458.7011077
543.5051561,287.2961588
691.4972981,564.6133329
614.4442003,521.058041
489.9191874,418.7174308
374.0570125,371.6416302
610.1218222,486.9546656
598.6172225,580.7757263
832.6245395,416.6873429
220.6245135,547.5962141
777.0864073,667.5795885
902.0355086,612.0252111
502.0680317,477.2278487
642.888094,479.767454
467.1463533,299.0507654
297.6495224,635.7766256
448.4425889,850.6758355
453.5778192,252.3858004
483.8263016,408.413881
634.7817737,541.6128641
645.8060775,592.6335066
404.7390959,603.7848869
521.6406461,427.5054245
613.7111803,597.1839984
771.3361898,301.7655029
489.3843918,575.1381068
514.3860079,447.2455966
700.1787571,510.5417919
686.1024675,551.7050518
381.493696,529.2058681
538.949993,741.7368858
347.829257,521.4584925
421.6879027,439.3075645
403.397021,349.1009931
687.9760872,556.7395913
665.5045447,666.9839885
465.5413822,279.8613133
394.1789388,859.2821781
464.1807162,772.6067086
444.9049891,389.2365265
634.2216907,538.7260031
609.7539564,487.3354142
556.1504154,463.1108167
543.9676549,575.625602
786.7555431,693.278414
790.6532936,599.6045087
830.4244456,751.0886164
372.2910739,426.758762
507.8935122,247.8539878
441.6578649,482.1383624
410.0720564,456.9640977
766.8465073,74.91026981
665.2490641,406.4112476
570.0916841,575.4008887
734.8952,461.6778958
368.2766688,543.3561631
482.6076525,328.7118164
522.8684184,612.2272546
668.2384305,378.9188734
566.440246,417.7452192
426.8142494,639.0466798
757.7598957,271.079149
454.1602234,403.9159373
442.1970798,251.7622445
813.5018251,577.8968676
530.953616,417.7975792
964.6176355,914.1634393
465.8832416,390.9576362
455.2787116,412.1829847
565.7178173,413.2659755
933.8521845,737.3215146
514.6288898,503.8926386
632.3064845,452.6902196
926.6943215,876.3186446
810.3899915,841.4125277
199.2918029,766.3728832
906.837104,521.5138194
787.3213038,886.7978907
488.6471472,592.2373384
594.8380441,769.2648423
432.2226975,270.1025079
459.1998619,546.0263341
434.5257088,519.9999139
641.0083172,556.7991178
466.4529422,427.3784317
497.5798173,343.6365209
752.7567351,491.3794391
456.8995322,240.4910171
668.8216587,470.3141584
668.7611068,558.1219282
639.8027613,636.555402
713.4069899,420.0669435
409.6835172,425.4541502
534.6542955,753.7969604
624.4346569,914.630187
589.2790401,274.825562
727.8251388,142.7052028
548.2088826,553.4848941
556.3973421,308.5788191
408.9915742,352.8223544
713.9111949,479.3886068
646.3384463,595.2581498
444.8923304,539.4569953
471.6546718,678.7260796
259.335587,729.7349588
638.7022349,508.6281244
522.2222414,569.425938
535.8913559,627.7631041
791.1249156,445.5339727
525.8872669,597.1970361
466.1596802,388.4459451
441.3843325,536.2690121
596.1812576,559.6151905
486.7319111,585.9327664
709.5510055,185.6960266
637.7432911,571.6931293
396.589062,587.0841009
439.1980957,769.4300081
719.0914722,147.2537723
423.5172545,640.5719933
807.6983662,433.8337319
679.9202218,393.6829878
730.0381011,63.0754309
795.7659031,566.7421025
848.4296156,511.0605234
724.5246534,205.9525065
700.0707463,39.94945277
647.7827794,885.8320936
706.9779224,231.1149661
456.7401677,776.9149153
739.3049155,479.8021587
786.4698913,126.4027789
196.5692725,773.1816237
662.2855692,529.5661825
689.5625422,480.1818417
545.7092199,713.5195787
573.0465201,485.6157462
664.8353274,702.3747173
700.7367278,151.4770665
577.5221656,378.6730364
870.1071067,722.270465
763.7211162,319.7265221
545.5734948,359.4336689
484.2806959,326.5566788
388.1331073,787.570213
709.959469,394.8793277
394.3714856,379.0660288
348.972733,352.9815864
459.5612561,260.774659
720.5456177,511.1968557
628.3747578,482.0598851
247.9606901,691.9408108
680.3856868,391.4019021
476.796119,634.0658166
629.8672988,713.6881712
540.2792745,480.866533
687.3368612,412.7648783
583.3887531,555.7936015
647.5311638,360.5190416
712.4570944,552.1398945
748.5884034,431.2397608
433.1363697,371.134829
567.9489812,401.3338757
403.3564383,659.1088887
731.2940971,400.8179231
397.2846153,269.470866
511.4330594,500.770471
682.1120314,527.5191288
521.3259767,412.9968418
789.8430331,622.3761899
434.6672463,532.6931765
528.0074688,478.4987796
352.4944382,290.0946598
949.4068434,902.5926568
399.6176329,272.8252269
375.6455797,329.2101973
565.0753105,336.3486427
753.3321434,471.3657875
789.471527,592.6480069
854.4008582,606.634327
476.3558066,402.4324742
881.598014,877.9661244
660.6670257,573.1303752
604.0416999,721.6271434
984.8310939,589.0855852
492.3755859,583.8122081
443.8536144,626.7413533
471.0961617,226.9109988
493.2390129,581.030673
229.101501,407.9953146
756.3168958,423.8021364
602.3441632,267.7037063
755.435492,136.2606212
645.5938162,243.6218556
726.0612076,553.9998438
856.5988249,750.9906452
727.7072857,542.7787617
667.5238067,386.887306
451.8987386,508.004276
745.0866374,309.3053191
645.8370276,351.6509618
435.8314256,335.7070763
613.1439215,527.1100064
756.0064809,858.6671259
474.9864668,854.9225725
603.1453754,297.929915
555.6484425,710.8361193
783.125857,497.5035092
187.1565761,520.2802467
473.6748027,382.1598642
335.7638252,524.2095435
705.4005907,190.7146659
468.5524557,537.3317776
436.054503,277.0191652
937.3187159,528.2895267
488.5451736,277.0935055
494.2263901,376.9047901
947.925478,669.2253759
444.0256976,533.2730852
721.2123632,863.5511253
511.7596534,309.431497
674.3500422,547.2467436
502.3831954,618.2629646
474.9463635,520.8512964
444.1051402,725.4896844
769.5667907,350.0751061
517.2250581,478.6794278
396.2658087,319.686991
862.5807787,745.7713205
555.7151365,661.6025275
540.7459229,177.86892
548.0893817,593.3151475
609.7442489,550.4326583
212.9963018,490.4936027
524.1804271,194.5875284
725.7538788,501.5661087
853.9221503,510.8938741
438.6566187,943.1414078
165.1116237,548.9442851
489.1329559,823.5940045
636.1860934,520.4341298
591.8188062,348.8549472
519.0021723,395.1050439
705.4419374,907.2309446
609.6261262,720.7962787
708.8870614,472.3494489
405.5354694,732.5770025
418.6601557,656.7456275
667.3402484,434.8310788
657.1788472,496.8328376
628.300888,743.183722
554.3051541,548.6453777
588.9387238,459.4735323
463.1317235,405.0204278
486.3723895,336.4089215
843.5995419,600.5719983
548.3453417,403.4567114
980.6508825,493.711673
521.1544179,334.6435586
772.5779691,575.8141481
827.4813095,247.8890059
636.5302897,585.9488338
828.160489,394.177378
620.1520525,623.9246747
313.3556361,360.2756074
697.0497855,427.3013543
721.9948045,316.1437497
544.0796505,519.3303706
454.4269096,626.5885774
790.0627249,652.2133552
588.1219167,535.3120322
670.8972781,378.4661246
551.1907887,652.2052275
468.5570848,321.0526128
404.3177791,887.0717464
588.3780566,759.9960603
384.7550968,245.052896
610.5889201,557.4254945
351.6530478,456.3618117
828.913748,350.616591
578.9705885,753.8218659
371.1581443,458.2326885
279.9494641,348.3279417
786.2228148,380.9887641
982.890091,581.7117497
756.8316323,348.5271645
508.6454828,330.1047883
485.3675898,364.6883669
669.6076955,324.5085804
438.6046807,218.6875777
253.536847,394.3132089
710.8776953,550.9151599
230.0251353,709.4945881
545.2637841,853.934607
640.5252949,604.0018904
507.070578,315.6935291
325.5079409,303.2511599
420.8140791,237.3507555
616.2599946,555.4460323
681.0944232,618.4835409
746.5718379,439.5189476
501.8109031,711.9298077
528.0571897,431.5510792
782.0952156,710.8996575
516.5454292,579.0307349
388.8667716,785.2663321
543.0439157,763.2355885
537.8152658,447.4174067
648.1877224,548.9567378
520.9786345,590.0776459
613.0274317,642.0657571
945.9372859,554.290519
657.0297294,533.7240371
287.7881245,576.2898383
326.5731877,303.3934678
657.6231894,481.5445801
428.2327409,366.4190042
560.4162714,355.1920718
375.790428,595.5791629
508.3275477,211.5493621
748.2401773,440.386878
797.1507928,420.3561561
716.3630393,466.743212
484.9256445,776.0788271
781.4117367,284.0924218
729.6549101,467.113639
625.0036984,567.3225963
418.5048359,360.4637983
589.5162593,708.8495741
812.5972911,512.4131492
644.1971815,508.7519832
443.8614793,807.0760606
591.1257995,513.7359805
339.7961173,572.9244455
630.533505,455.009353
523.7583312,561.1818111
282.5792941,361.6214009
958.2172111,459.8789356
618.0474755,522.7158424
512.2152611,988.3567577
818.4191164,497.0361347
398.8578873,465.1563243
956.3471868,459.3133183
959.9705809,709.9230582
877.8118097,441.1195207
545.2654769,483.8156368
461.1643096,543.1308021
729.5523972,307.8909101
502.436242,737.8002553
547.3960904,736.3046111
642.0030949,607.9376852
485.5682112,315.3798916
681.0018575,395.8145363
544.2456066,306.9830725
775.2104356,315.4607508
406.149408,239.4159033
767.3188934,370.3869756
805.5771606,327.3308585
701.0672318,320.6592861
967.7282857,962.0881361
923.9092167,595.9570281
456.8272654,547.031746
565.124582,746.6437222
775.1466928,427.4516855
314.8642364,721.1254613
518.6875628,757.07322
595.9652661,509.9066189
869.5528811,357.5019075
571.1519573,481.9188934
541.825731,705.6663339
554.3941544,197.5322654
704.5669154,749.9155732
640.312614,718.0686079
652.3094192,207.6558564
687.296698,532.8452628
649.3457446,868.9615869
686.2614725,557.7696997
254.5216775,665.4509861
398.3375181,459.4277748
431.3645587,514.5576937
398.9072786,324.0918944
740.1241495,428.5547135
418.1664221,548.195387
693.9065524,476.7231996
706.2635533,518.9089417
967.4684606,929.3289872
741.0316946,703.4051391
477.6301689,671.7112004
581.6141408,395.7663133
776.7887411,633.8556663
666.1049408,525.6945945
480.8297893,354.9281825
746.9804062,423.7243695
673.965458,332.8498219
725.0620406,511.4986465
491.5250274,410.8129961
717.5834411,347.4179729
814.4127858,212.5594333
797.3021278,538.0278561
634.1712058,470.1952933
925.8713274,856.0799663
270.2261133,631.0793546
457.230995,836.4192326
541.2327055,808.6500149
643.058005,545.2310098
971.6777645,907.3342855
675.3605496,432.1360024
720.388635,321.837114
945.9941676,592.2483912
713.3330901,154.360668
456.1530295,326.1563318
677.717731,427.4149124
490.3470359,596.3512741
659.3628518,360.6169084
644.2044621,908.6970449
451.7764513,414.2697159
384.4103912,893.8866506
363.6321309,485.5820444
537.6245916,384.0600969
583.527699,366.7310538
432.299938,398.0536045
550.4141449,548.5106124
558.092452,391.9074496
581.340084,425.1324059
581.6184102,235.4773714
970.7442429,901.3647464
539.8660472,477.0617635
512.3768278,562.4750567
340.1208237,280.3992045
657.0886634,624.3880793
574.5215786,505.7119285
509.4472043,418.6743059
596.0097737,535.8735334
401.5147873,430.8691458
510.8603627,531.441259
472.5955489,674.3129649
469.6457164,627.6297178
686.3164966,423.2249439
564.7595626,484.6529995
546.0200242,487.3270149
724.5692958,516.3585552
631.4135606,625.7067318
783.3993745,399.7199305
433.7898723,420.3885833
415.345918,354.6336211
826.5216466,551.8700923
828.2536539,332.7558413
331.8306005,576.3673753
573.4669531,380.4439779
431.7279902,460.813977
345.0780535,820.1212173
780.0098738,444.3802144
740.4909217,890.5276513
229.1802395,726.7679281
750.3430765,530.5937419
559.8012392,256.9387368
546.7115778,452.4226112
621.8486155,975.5793764
792.9829106,610.1767952
397.6870416,272.0821163
488.7980027,261.0984718
474.8559551,382.6033988
399.6602829,490.4242978
744.955856,309.8258893
724.4715169,499.9048599
542.3008735,449.1449308
434.2207019,521.1746078
309.1963677,660.5849763
494.5358462,676.3123389
314.9654759,369.7049168
534.8285209,919.9015373
557.1308416,550.4493316
591.444214,564.2811208
625.2738601,476.1899469
657.8807673,303.8901564
377.4266487,338.0331256
303.6979606,709.1870725
528.8627013,514.808775
438.6475254,931.3458493
477.914817,628.6989395
494.9663163,267.7046256
669.7174739,575.1725398
547.8805359,379.9149666
741.4047886,567.3339834
572.7836389,558.4483945
502.5123739,700.4243394
392.4640844,597.4055358
777.2489928,682.8580258
434.6910057,576.2411138
768.3171466,361.5279219
656.9970715,128.8357838
855.5163802,728.0205978
527.0185785,193.2401678
444.2784218,762.7534212
711.1988214,256.8584835
819.9807933,727.589119
469.2776709,487.6144306
881.0791429,686.5565292
445.3607166,721.0478824
490.6352194,329.331716
858.9871212,593.7917152
441.4877442,516.3636115
474.0734238,810.5098807
527.1135261,544.4764285
913.4884399,587.3911151
699.8744993,490.4618023
837.9230893,393.9208434
526.9354956,547.5329267
719.1421668,540.2995605
608.7891401,506.0934501
244.2621228,740.5959355
393.4611091,574.1644953
873.2553284,432.4246927
246.9474712,703.8978996
483.5328449,500.0105618
480.9585334,407.7380278
777.3284204,651.1474556
490.1339206,984.6582961
450.5059241,541.5030252
724.744465,177.8549838
472.8040202,605.3722969
470.2415284,792.7584059
546.8085927,446.2917298
472.3834223,925.8294559
470.1278999,416.1008526
550.5018568,389.7022921
873.6269993,817.6506453
482.1853919,443.8137823
658.1946877,910.2473265
689.7642122,529.6451195
693.6626368,412.4480441
634.2033993,466.3456021
956.7881134,882.8437303
829.1199272,389.179549
177.2472999,705.4631622
800.447593,521.2582458
445.8971002,542.3683856
837.6724324,519.6309286
457.4052353,352.7104052
400.7476113,605.7056791
589.1983541,350.3627517
195.0361338,527.086856
655.6443752,624.5951582
499.0473256,451.7908858
871.4648065,590.4038407
567.7068483,390.5592533
584.1480194,314.096111
377.5324274,328.2797108
463.1881707,274.8636932
483.014558,266.3744398
790.3469535,289.2020538
510.1893027,209.2878121
750.172027,512.730673
530.7226437,629.1833216
711.8000863,482.9976009
509.6884084,440.0238892
455.8775646,225.36803
647.0504934,545.7171887
553.2819431,445.1989398
485.28596,608.7846591
585.5570431,743.8079257
865.4946425,429.045301
500.2011232,457.2725745
750.6174628,270.395565
823.4479838,391.0102052
372.131949,596.6892112
766.0796009,299.5987692
595.0221269,935.2571148
513.5914171,303.9688217
412.622204,824.6382371
578.7935167,628.0207462
514.9177174,431.2782682
572.9471382,457.9001212
769.0718138,152.9905749
752.0862744,361.5868634
572.9419848,894.690813
484.0234175,271.6355104
593.2123548,350.860652
428.0514895,586.0579205
721.2579045,483.5700505
961.7511856,556.5452994
467.1510872,480.2135167
670.3404459,572.8303396
470.3482658,414.4962678
197.9414736,732.5246008
828.7642557,417.4429062
771.8185979,296.0048813
442.6580955,630.3679191
595.1491032,535.7425917
639.1065787,901.4673769
461.1234573,605.3924804
219.9268478,705.965701
625.8134645,448.7419721
569.6593414,175.5715789
585.344497,752.1230499
541.1311963,643.544331
804.1962407,687.5080977
724.3860221,477.9969512
499.5968772,505.5941708
659.7364103,539.3823415
569.6944411,366.5541247
372.2636592,942.475897
516.3423809,306.6183704
634.8765715,451.9455838
557.5334775,399.3051668
530.6863006,330.5197192
827.4822383,370.6573002
233.9423158,764.9879345
671.0867538,561.8908229
555.7836282,457.6667996
586.2234141,392.0350692
440.7094525,739.7032042
957.0367928,592.9844397
472.3079047,638.5741864
412.2047671,653.6316922
618.8207337,593.4602552
747.5400248,627.4567168
449.5079106,257.7966381
497.6302872,550.2332265
436.2594089,780.4131721
423.3898288,839.2994285
569.3342155,643.637037
439.3261207,575.8610339
467.1491247,277.8487344
468.0035933,673.2003258
674.762131,856.627197
430.0659577,424.2010627
667.7032454,360.5805531
524.7641946,489.2669668
612.2866516,501.3563136
808.2411765,569.3816222
815.412567,427.7992756
450.7351736,713.4603656
386.7714526,735.0042825
704.1531937,412.9980746
643.7520304,306.817635
199.8076779,657.0654496
607.7922053,558.171948
373.7511368,776.324497
622.7090763,546.8669144
683.6039732,384.8721153
892.6301378,539.2191188
457.3697611,238.8749616
445.315445,577.6031837
706.7734211,435.1599479
473.6816189,371.6162859
565.608653,405.4144858
705.286378,257.6656755
689.925689,200.684332
561.3921284,202.2875586
720.2253755,190.7317362
342.525419,550.5571856
451.3845565,396.6631607
387.5924393,661.8048009
399.1702196,494.0932991
567.2101486,385.9421519
799.8473767,506.6006273
715.0965419,499.9617329
675.3285359,846.583504
700.6082984,422.6241414
752.5548404,563.2116483
659.5107112,485.0967639
616.9659746,555.0432616
527.6979977,698.5426814
283.9532929,625.6937149
571.4116475,484.0400576
255.4625097,749.8312665
694.3889905,382.1721707
548.9675347,563.2263576
819.9110432,522.1357247
572.2610076,481.6899177
889.5251204,538.5677531
425.0764446,867.1527439
550.201539,283.4290839
611.8559718,589.8433005
501.1680668,424.7448041
526.1946257,557.5853533
574.0546455,355.9290605
552.3738437,425.4031692
260.8716469,730.5864667
517.1092574,485.6606679
625.7507104,528.5159533
926.9731121,867.8320238
785.3105808,610.3688305
711.8744804,472.3339666
819.5696632,722.1113165
571.3650726,486.8052537
280.1392845,633.2935382
408.3111962,296.4647758
445.471364,434.7064888
437.9756266,493.0890781
697.3947159,567.6213365
493.4627195,365.1975918
647.6838469,526.754811
597.8189915,272.4644946
610.0313688,558.7576026
622.9840768,537.6933457
417.4257469,437.8915259
253.0316233,428.1232765
773.6131946,431.9572346
782.2901743,680.7343335
446.3169939,574.497585
542.9792141,724.3591392
465.3776733,462.4838133
585.2184196,483.0747201
817.3569556,617.3228041
734.1002048,358.0956897
680.8055805,547.0328533
509.4802218,495.2509227
385.6634509,610.5007752
566.7308115,512.1533343
806.7153934,42.21562028
655.6361059,579.1507282
522.1032947,335.18122
476.2156323,376.9286091
432.8583881,791.755731
527.4400003,332.0548737
466.8310098,535.8357782
882.9139627,487.177018
758.4935,262.7796116
511.2766011,456.1736
409.4243813,971.5476789
605.1867189,519.9292091
367.3179047,754.0133371
607.3388597,591.2632881
566.9642556,217.6006171
496.6819048,722.7280402
463.7628749,614.1391669
649.4152251,921.8943506
550.3664913,432.6355116
405.2540721,971.9561954
739.4208511,325.2778918
725.3676018,411.1874138
479.0688393,222.6411113
828.0069819,657.6361233
701.9212958,533.0906819
593.04929,452.9231651
621.4763604,898.8105572
725.1420675,748.0460545
846.4545616,349.0777383
419.1721357,576.9909313
794.0230647,445.4635395
527.9033979,423.4200507
979.5347462,690.5283032
973.5575713,598.910436
608.713233,499.4339126
526.9247095,491.0689357
858.6083494,596.661109
856.182167,287.7845107
579.2346381,618.7684703
369.0439047,608.146958
858.5681113,573.032989
488.9171741,403.2047734
498.7190537,454.4329754
973.9163288,574.2024385
621.1448677,633.2790379
459.0447669,617.5449684
484.7792831,406.8453173
728.5182653,296.3774186
483.8363686,290.7016678
403.8017842,982.5371319
837.6190113,532.573016
341.7832907,942.9386957
520.5637743,424.5517032
623.5594102,865.7141817
525.348052,585.9294652
644.6214196,288.1150096
646.7012636,627.4387481
297.7810679,667.0011632
484.6041439,398.5524868
782.4357267,400.6408686
611.108705,657.5198699
276.7905013,424.5607711
677.9804923,400.3605985
289.2339557,647.817645
593.9556516,561.1653677
928.1216666,738.0048269
296.4701527,663.8941229
833.6910148,731.6213807
501.6386402,455.1772351
211.9607467,512.5112459
771.2414369,588.6872231
575.3756127,521.8328475
436.1196541,593.6402975
604.4453246,725.8082111
226.8732284,387.7065537
548.1468925,468.8393662
415.2086499,657.3114329
503.0289829,504.4122894
410.7092,609.3802173
531.7522964,508.2057762
824.7901187,382.0822227
499.9342572,288.3056659
691.7645986,395.5879425
588.2224671,385.8755841
700.9955192,567.5006118
178.7214746,660.3798196
406.0509099,253.0107981
547.9547502,792.3467762
564.6952804,480.9834132
450.9439894,379.5480289
618.9567433,439.6177755
559.633875,481.4904442
328.240823,900.4386475
530.0576509,489.8267129
541.0633937,726.5299472
334.1942985,619.5241798
486.555843,446.470602
578.5603273,481.2573942
551.0865681,401.6132264
582.6779344,594.9846703
685.2357747,526.9538876
483.2014571,390.181388
562.0773601,174.7076601
577.9426136,594.2332231
546.8980124,469.6851701
658.5723359,462.8321346
587.9268532,415.7608679
587.2778898,309.3787401
376.6717868,960.6861798
327.7428199,431.3338876
810.4367163,432.1796287
453.8709014,642.279522
811.7477363,447.2521155
345.0149698,609.1490895
914.7605401,900.6342557
517.19643,354.7173009
840.3352648,458.7676337
751.5523626,746.6180645
880.4682454,448.4443392
590.5155312,393.1645906
743.1424736,358.6046429
485.8946703,856.6377693
593.2387208,705.1475815
616.3350179,593.5937878
810.3960437,977.0788651
475.2697816,388.5199511
897.1855705,532.4463366
761.749328,356.9635775
433.3919852,439.2991861
522.3504761,487.8976676
770.665789,593.0488972
748.1661877,391.0398744
285.4685746,346.5242804
462.983924,747.0341237
766.1280485,674.7927085
576.8750148,520.2601259
799.8923038,360.4593061
694.1152634,961.302026
679.1318931,336.1486886
538.7305859,624.8899077
556.1075407,662.3721106
617.1077818,741.5924467
396.5232668,437.0202734
832.0848602,188.30548
548.7819239,410.5376779
539.3358207,455.4977676
486.0261708,420.7082174
510.4188368,188.8839679
540.7337886,539.9345241
513.1426556,279.809998
782.8394412,484.8620424
293.8532212,411.6262891
484.7178923,262.438039
544.3392808,618.0131786
772.3478207,361.072645
950.2575368,899.7681222
589.2134397,254.1661024
747.5603836,628.7215049
560.7325287,406.7165276
515.3288774,428.9855864
854.937077,409.1236032
774.7148145,485.6324194
529.419129,698.8510536
482.0090991,589.3040304
706.0672314,266.8004653
561.42194,201.5683297
634.6001179,484.6104596
255.8279036,724.2382265
441.8784855,520.426232
684.0738875,615.4988131
718.3377787,269.8575276
848.7249898,356.4459324
629.8281992,718.9365592
766.4166365,467.7878625
405.9530261,372.9955096
655.8930247,693.7133403
568.5935553,492.2953209
481.8333307,522.1047809
500.1874009,374.8280671
239.7479769,681.3830874
737.0382324,190.6632043
664.7322603,393.8937023
426.9853888,562.8478656
913.7805034,509.932381
810.520728,563.8353088
861.2490853,609.0686482
524.9545093,415.5329578
781.3722026,485.4370829
465.2575132,632.3670842
389.6349813,719.1647618
745.1594736,557.437195
570.5334945,539.6356794
551.0369221,444.6804381
389.7410895,587.8631698
663.6107909,13.04352704
679.8999679,534.2334918
504.4793683,407.9871033
691.8850732,408.2086199
479.5366263,318.1217911
750.7386865,553.2226554
529.7818415,545.5561389
952.7014863,864.7726631
864.9417203,791.6221149
617.4022422,535.5081209
816.5160895,266.8393487
437.3549617,470.9475554
552.6181188,796.212096
634.5881483,460.0444149
754.4105582,344.1845874
489.4689878,376.8849619
489.6923948,387.2709797
704.0755338,414.1256319
467.0533382,755.1209617
521.2175465,302.0513725
633.8205378,474.3210132
813.4479396,236.021489
783.9362674,498.4271008
640.5729484,489.4689685
531.1487245,398.6197441
539.4684148,414.4732637
444.5849866,540.1233627
780.3915068,421.0408892
909.0733013,477.9094896
442.9779931,319.3117375
555.2499861,476.0026335
710.4629849,406.9082704
719.8638465,171.2747384
473.2506544,670.4195219
450.5303726,932.750083
656.3364531,580.4506598
488.0950489,429.8034969
349.6180411,657.1052524
475.0420452,340.7075588
826.3346277,206.9928947
716.7238043,951.6602052
403.1887445,419.3058642
471.6040969,396.2455972
512.4219647,363.9211449
679.34757,377.1633933
795.7273428,588.3474056
774.6715353,624.1441854
586.2291966,542.5397779
592.8618966,340.9292843
765.9786161,314.3644298
669.6314548,881.4826842
642.8704618,501.1040204
882.2299894,539.0614329
668.4915293,558.4657573
393.5153542,296.7160661
459.6950186,253.7614722
650.7020063,541.4837402
766.1320034,534.2656892
414.4490541,503.4582346
469.3886628,650.6037977
643.285277,472.6121681
569.7604011,577.8089881
534.1314245,618.8606957
496.7528084,389.9065295
492.8291563,511.706185
426.5014377,608.2667633
541.8285174,312.670482
693.6684344,513.3399167
728.2887761,274.8557118
388.5262905,483.2171743
794.2626659,652.943219
729.514556,481.5405267
693.8740593,489.3433965
547.0738108,443.4331382
505.7020621,354.6467006
739.767699,444.1745145
750.7763779,61.16088594
468.3928215,602.0753733
617.6557754,896.0242165
284.453573,665.2349228
804.8535484,243.4371122
351.6881626,293.0043787
557.950495,555.9720558
455.5684231,493.9775681
591.5512511,410.0848664
501.8324753,407.9815456
537.1457638,620.7392197
515.9235209,633.710454
597.6031198,341.9990284
605.4953061,678.981277
458.7464714,782.6256842
534.7086604,512.3448473
497.7801091,637.1256786
810.4439669,545.0214445
560.416616,735.5092868
914.9737452,849.9434017
605.728885,489.1587575
531.0266169,945.5012842
420.9178204,929.0597282
227.2672205,559.1419658
143.8277952,689.3289546
625.8881882,536.2311734
693.7979724,513.8081269
778.4619342,278.1693296
468.9921539,500.155983
667.5618277,255.5584684
962.5583002,550.0507606
633.5873484,723.1199252
205.6367987,690.8100776
940.24401,482.0630818
194.5908328,775.803488
554.9225382,572.0206613
487.0563029,577.2621752
955.9075185,498.1538928
441.6703438,442.5795409
578.698644,597.7568868
736.7596066,7.573789597
521.8058082,548.8545878
630.7729264,831.9429349
685.8697574,410.3699212
950.7084405,906.8678095
477.4870883,492.5957326
641.2433342,567.5026803
559.4935209,483.6379137
927.8667252,667.7700986
436.9580183,475.5365545
445.5579374,904.9885751
840.8445483,245.2149487
494.5491191,558.8026706
351.7959337,599.0251433
558.3052976,413.5862572
537.1682948,735.4122767
818.0270268,334.164212
148.8641829,438.3506891
634.8982336,432.4872906
436.0175007,370.0267239
550.3728581,445.7219337
587.6077645,537.0818663
770.6667927,443.4278938
563.3463893,510.9457744
550.06887,647.8039178
454.4124832,265.5001994
404.3419879,508.4861508
440.2686906,421.8171374
655.6769732,468.9976162
665.8132218,843.8417925
720.5031624,152.9996011
673.8659562,439.0218203
376.4917339,776.8831984
642.7557846,552.9667894
705.1201672,560.7559736
700.2611359,506.3309087
678.5492941,522.260252
744.645561,517.2645333
315.7638867,433.8336065
478.1467929,519.4110208
563.5699611,523.6666795
699.7371713,550.0210913
631.738282,478.1085244
541.5484984,463.5240552
448.6571872,425.5789074
629.7109304,593.3425393
388.4637461,487.9324559
569.9412929,641.1018195
784.1155263,668.9207854
531.6202566,398.008035
409.2060976,408.8322803
645.1522603,640.0642101
559.609816,424.5970637
276.4932395,622.4240786
549.4857167,449.4796085
165.2461803,534.5904841
486.9334013,587.4390665
787.5956901,550.7046753
432.9211572,570.5075916
800.1356501,669.1901071
501.8105436,851.0030749
473.7258868,537.1053092
324.5418662,666.9775114
734.8365356,572.1518119
555.6243835,198.1791598
401.3747329,854.8378062
556.200406,853.2613446
431.8414989,567.3685
761.6697206,77.18581865
573.7343734,710.9417168
173.3945664,676.1142861
578.7170104,745.4723295
928.2194605,525.7395163
362.9897889,714.0889987
501.088804,455.3077172
524.9084886,471.324752
563.1013651,519.4967692
826.9506935,916.2067948
682.975024,150.5386611
587.4653881,616.2116903
760.0784718,556.3406651
482.677912,490.2922696
558.1864558,422.436431
645.0469012,602.7134922
188.7369639,485.8615623
554.5072286,445.3643564
793.3348069,570.0852433
588.9221252,383.0777727
816.009967,948.1475944
757.5950781,152.4926119
705.5794751,544.4911796
553.6036384,199.1889385
753.4334128,303.6181185
74.50242579,612.1205915
706.0787965,279.6286603
607.2412455,495.9193168
542.3795671,536.1764524
552.2880193,421.2356826
530.8982923,402.6114509
427.7928929,581.9776657
753.6017958,533.1573333
758.8767809,318.4078697
600.1963519,215.0456548
593.9918599,564.2790105
453.4967587,511.690849
505.4778312,734.5215302
298.5449182,675.2476093
701.9196929,514.7902213
959.1745371,981.0002641
650.719309,848.5805797
550.6644722,450.9561766
680.3015103,399.1747892
799.4249363,388.5640998
615.2301772,401.2463723
766.2348458,764.9599786
468.4116972,416.6952825
610.3466524,387.5970908
496.5829573,439.0309927
697.7443352,483.663446
602.6681356,718.2950763
285.8983106,671.7620769
766.6256171,470.8546822
557.2872549,784.0806899
434.3935641,897.8593857
723.2004054,310.206011
477.9784699,397.6104251
670.5340413,529.2196581
425.7232208,362.2124252
815.1583747,636.3467978
433.4696451,647.0661351
493.343683,236.8013936
225.572605,785.0881912
580.5025736,531.8708574
613.8282244,381.5911964
427.7391422,225.0190191
789.0387199,43.52075441
419.9940961,651.4216664
470.0043991,827.102144
487.0275849,518.6685162
423.4331829,411.9401355
611.0390448,244.5070234
291.8595162,576.4576785
359.5640799,607.1991504
332.149015,296.2364687
512.918155,504.0917778
855.8906278,521.2348029
688.8662547,467.339585
774.4735805,300.9393811
646.0295145,852.5231023
544.6019522,477.5253771
544.392672,541.9915233
548.0122911,710.8989471
579.7162073,240.4864413
697.7152427,410.9596082
819.4265527,576.237729
648.0914865,308.6927742
465.2523598,688.5194016
531.4660005,603.7167312
785.4596536,631.572136
875.8432723,936.3263574
697.4490059,336.63025
879.3969164,511.0453336
623.8585146,255.4826237
549.3734664,835.6985203
405.1942243,427.0799422
584.7575237,271.6274662
408.2970545,600.4527362
721.8006848,420.4912766
912.7279902,458.4739707
387.5046824,826.7476381
811.3954055,342.8619234
432.746767,580.4079319
487.2896571,218.6404829
613.4507709,774.7554109
209.488993,757.078945
605.5905534,811.7598133
495.6658096,422.6332093
733.7974001,464.5820987
803.3532025,336.5012096
662.962951,663.0012243
462.2318784,637.0904098
444.3524564,874.7582295
427.5186414,513.1838606
498.6853771,354.9569325
960.0719403,938.0099418
602.3088687,589.6398363
176.8702959,731.8127683
717.7273606,293.8395684
546.7925784,475.5145324
466.3053524,457.0330683
512.810384,535.06327
637.2027878,901.552206
567.427039,504.0356151
649.9388301,584.7081154
661.9409235,204.6703974
577.0298103,454.3910832
480.8128162,326.1337038
897.9015426,857.1561874
669.7642137,354.1730162
597.2686459,551.828806
683.5679746,426.6205492
645.7629481,723.2939082
828.8056474,739.3927843
979.5520789,598.8397104
520.193901,441.4293347
794.77141,331.152949
709.0902745,502.5578352
943.7953021,868.7452938
647.9621282,869.0008464
683.9522592,632.8756822
567.2837637,669.3799068
815.8953347,200.453058
392.9590164,309.9628275
656.5937764,590.3707657
735.2966075,584.331859
444.0142523,429.340155
801.9019033,670.9977591
542.8730309,470.5330006
819.9604645,601.2734047
318.4683204,531.7122104
576.4696823,405.1839013
466.8030259,381.7751876
805.6359448,440.4248212
683.8202344,566.8076256
590.1163258,281.7446011
665.7998441,175.8378709
729.3911151,296.3949276
731.2809141,317.4454155
611.8599416,597.4698053
628.1652379,86.28763794
781.6855088,761.1584267
753.1528245,382.4354332
607.2634169,517.469481
687.7152585,384.9907715
710.5574082,422.8618089
656.0461124,491.460361
636.9410003,880.4024723
444.2097653,546.3583373
634.0509707,406.0511422
897.8852136,856.1816984
363.0596888,374.0405363
546.8651149,343.3157168
769.4818352,263.5942418
548.7740591,301.2917349
513.8527852,398.8444992
515.7654297,607.4796503
689.0808381,410.0677544
201.1945152,663.2703162
438.7788911,446.753442
346.4947173,410.2028122
841.5443712,734.0734198
479.7438692,224.5689866
536.9317347,546.9414219
783.1595786,598.5139753
648.1851308,867.5563712
655.9124996,317.9634993
543.0163362,395.1756651
739.7793839,679.1612357
726.8162793,276.9758104
622.1915534,459.1954352
507.3914344,332.4337
805.4838759,479.8849819
548.3054482,535.8935497
576.2748285,581.3503906
717.6530414,518.3691492
742.5555302,448.1420471
523.1469843,766.711844
609.9503532,550.2323281
630.6324675,592.887722
589.972661,561.0947047
425.1681863,505.8299369
497.0457108,632.1469675
627.9082442,530.1329281
655.5114666,175.7579102
488.3246279,511.2303486
725.3183752,671.287515
609.4358715,691.9692682
603.3557492,306.1042355
595.5175532,785.2048206
657.1681809,363.153296
402.8534018,494.7985918
938.3716785,866.0131935
735.7760045,563.3161594
544.682818,448.0914004
623.5912291,534.8432996
771.5686901,480.1226912
567.4912163,470.74804
633.7751613,474.1241305
625.5080682,680.2466084
283.934612,670.4351087
435.1409357,569.0581854
794.9482271,684.116504
482.6892673,437.9331255
542.6339092,416.2406533
331.2847491,427.5777381
624.1068045,561.8751525
611.7955846,382.7755432
575.9830497,678.6024507
572.6702052,636.0683455
794.300597,767.2467474
707.5860036,420.2294558
545.2667503,347.281557
711.9618178,331.7248136
595.4790379,394.5845573
629.9709951,472.9571464
714.395176,395.4562904
511.3600136,570.9179467
625.6583994,801.34398
754.4563991,532.7927775
677.0813514,429.0811966
514.5489079,418.4585143
774.7839204,283.0314949
913.6864397,714.8388998
775.4047501,455.2632133
686.7982755,565.330765
784.396534,563.5560834
479.031837,382.9873859
942.9464962,986.6239265
797.2381003,520.8114936
631.2368633,452.6325944
595.3632971,798.1871914
774.2182946,419.7329971
558.4086044,288.0805347
413.3011588,761.9723674
753.3575356,552.662366
555.7646776,462.3019532
419.3990632,588.0362753
678.2283628,200.3303275
461.78851,404.1928434
666.8167182,559.5099482
648.3465177,247.2355299
532.5036978,608.6630987
284.6363824,758.6896307
521.6357025,389.7815843
520.6277118,567.214387
461.4601183,436.1592588
558.8113453,430.7727625
552.2636607,669.1301208
609.0570847,651.5943959
424.3072162,274.2858112
787.9987156,249.1691719
872.1202566,536.4843023
613.6670621,400.1090366
425.5762453,393.3815523
813.3806463,353.7530917
525.1132596,632.0026537
568.128315,475.96632
487.0591193,739.498925
502.945885,354.3729285
851.118844,500.5755315
330.1385167,532.7842946
409.753537,441.7505567
458.3385772,230.6764878
792.7059775,211.0550555
654.1655715,248.6037635
416.0328275,708.736622
594.6554895,667.4463275
650.407456,471.1447724
326.4027674,668.7145004
481.0437286,217.732311
520.8713428,392.3648159
628.6336091,524.6035596
540.6185571,390.7408208
555.362566,198.5885747
509.0998321,235.5325521
505.8577564,686.1923286
675.365688,382.8582619
659.2132996,502.7065158
762.0016327,318.5103331
567.9659842,217.7422147
695.3616866,567.6864835
578.3957345,248.8321123
967.2743858,969.8652019
732.5210005,564.0201148
550.1857643,300.5373208
686.6146572,626.1991788
599.7235614,498.815204
569.6191033,593.8972709
374.01234,461.9954196
735.1619012,519.9959441
296.0400122,318.6578019
749.5945963,427.7877422
444.8329769,544.1108907
546.4020018,338.4124325
670.2725834,387.5685707
466.5633199,382.8486717
468.4241911,426.0412046
592.4221984,682.0632866
452.7482186,515.1705102
712.1086735,210.994714
588.5412262,713.1453281
643.8986464,482.2403034
523.1395689,412.3545859
628.3537099,590.1866491
368.9991274,777.6520711
225.9304187,411.9239846
774.946371,306.095878
656.1443557,494.9250204
822.3444314,191.9464626
771.9732436,549.373779
650.2067148,473.1409705
751.5859643,552.2286307
652.9689291,513.3564437
800.5877374,330.2269755
585.7257406,194.5420007
641.1519071,369.9622663
716.3704098,474.1415768
541.5073165,537.3664405
549.2004994,466.8143346
526.9438998,757.043906
793.1922207,246.94638
478.5362908,507.7138306
569.4188414,720.7788741
462.4646634,449.347037
581.0848281,471.3116933
551.9503846,568.7288984
648.3086915,884.8251355
542.8462605,338.9929471
471.8493158,394.8284094
549.3470255,553.0775268
560.2683671,516.961677
826.4407509,393.6286638
566.4445305,565.0335918
766.1866679,320.6383087
476.837256,249.2241018
419.3797381,269.8943843
727.0175898,783.1630321
960.491025,713.2125645
768.1744106,302.6394716
298.8870022,663.7125135
513.4047428,365.9056006
683.42025,557.2520338
565.0719848,393.3124146
274.9171811,680.0540716
686.2508362,567.4482518
806.4694404,316.6418591
494.0520598,423.365079
148.297029,705.6004765
621.8714461,439.944012
462.059241,617.0753792
648.2651276,625.6865483
439.0280949,574.2295378
852.5232686,722.4050422
201.2816429,511.7833251
601.1425771,349.7572062
611.6878285,549.82728
663.3133943,476.0463435
494.940984,255.5095141
543.8214284,502.4435249
333.2432944,297.8665857
617.5153764,395.0749359
636.615425,539.309234
493.2074786,612.689322
649.2675754,612.6695982
774.956453,640.1343926
577.9598264,341.4167169
458.6974546,350.8552823
583.658825,474.451537
621.7955839,630.3146189
590.0178427,616.3728654
554.5756754,279.9074052
775.5837394,576.0415149
944.6736648,636.7674119
625.9987756,446.5352685
336.1699367,337.0780678
493.9811113,359.1409253
333.7939246,993.9819453
510.9600592,237.3434009
542.7769448,546.5099221
587.0669467,611.2204219
548.1464731,487.5831943
462.7084142,540.8301806
399.9021911,424.6470627
510.1493342,450.430759
709.4557733,565.2851537
548.6022605,363.9710812
219.4565441,527.7102448
761.9514325,460.9280366
627.5326633,832.0281818
816.0452165,157.4398569
584.7447751,314.6884098
679.9901068,252.8762626
675.1720476,852.2601532
896.8449846,849.0461155
469.9239528,621.4232842
352.854529,984.0593531
630.338052,707.433828
325.2252702,316.8128961
640.8094935,476.5428648
985.4295274,935.6367142
478.2528412,304.2244997
702.6304666,204.3468771
670.8037537,520.9969683
784.770482,538.8755822
712.3064036,573.2220157
409.4983559,494.2296941
872.2346341,678.9624308
279.7442587,717.4818669
859.9638771,746.8361963
584.5582206,592.6072848
515.9139632,302.8008139
166.7852363,712.7247559
851.458606,529.0544086
916.4745705,462.7071685
594.637977,536.035795
519.3454398,747.2101126
961.5149851,930.0350739
575.6396323,599.6937046
484.0280166,419.5925069
950.3063289,897.5048589
541.260989,564.7956735
226.7376681,520.7654854
625.1471385,446.4011927
602.041748,556.8932864
470.6265471,343.4290659
762.5396043,260.0123261
608.6877209,592.273631
464.136688,767.0158704
786.4745054,163.70051
692.8806898,541.5194478
472.1243163,676.2892929
690.68909,567.3804095
609.5054867,482.7158265
912.977149,855.2041589
232.7370745,764.1454737
553.2616592,472.4190254
463.7047348,385.4122004
173.6777014,531.8882411
288.6230283,621.4547922
525.4856196,486.9650499
598.870516,568.4414617
456.0641191,243.0960619
695.8324847,238.6076249
441.0065794,581.8832046
509.6945505,688.1581052
869.0934384,724.1638653
710.9855413,542.6313765
866.0167794,611.6604045
457.1461593,776.6917899
472.3656702,476.2417845
400.8235933,425.8701467
558.0481691,226.1549967
726.9230017,445.5979705
670.1436446,561.3762493
290.6105912,585.1788955
795.9367728,166.3493483
808.9007762,562.7233591
742.520011,443.5077501
820.7824998,409.8114495
814.2699,451.8959191
654.2017649,518.9332621
491.4488656,575.3261932
517.4670262,354.8559525
702.9818387,709.7156659
889.4673249,611.3055434
590.4322685,744.8376163
314.1996331,352.6274566
660.9520932,417.1334056
692.6480847,470.4424048
495.5594617,428.8984382
399.7260182,660.1799073
697.3858773,523.2883338
687.0508349,386.5037994
481.2638997,326.7793445
435.5115879,357.4946991
737.7489463,712.8714725
953.5627261,550.1331241
894.3833877,974.108575
383.2718139,330.0061693
736.971074,887.4595989
599.5732152,585.6408167
772.5025113,354.9458169
733.4242312,447.049278
444.0070167,627.2501184
646.8480294,558.2161176
870.345779,799.7751655
216.3074984,518.943521
787.439037,566.6490831
625.4068287,629.1014177
722.2120096,410.1285972
849.6330143,358.5591988
548.6564008,557.8840308
711.5666272,402.373073
785.7065503,283.5543425
600.0267555,550.0704008
735.9971195,519.5006763
458.4123121,515.3064038
525.9865739,476.8814705
651.7404527,516.6922508
473.528711,382.6535649
746.1805423,483.9146527
761.1645568,365.4014112
389.0154699,444.6617799
466.192443,273.0861074
558.4869085,307.5004459
589.6969564,636.6043145
731.7815837,832.1455425
487.0800173,394.8608993
632.7600249,626.8391782
505.492692,197.4008222
587.3780506,556.9260689
563.2183343,679.1491382
664.3711208,474.4419259
824.7834073,520.7747413
453.4602058,326.4030673
363.5879678,373.6588266
518.9282426,454.4697068
483.0336734,371.4850517
454.5518336,353.8559312
504.6713907,425.770692
907.7162157,844.0709771
619.2981083,549.2359841
395.7197476,859.5088554
586.2170772,415.8029272
902.7925727,422.5358022
493.1246354,338.7224971
718.3860315,499.6272433
695.7527126,368.8698942
457.6753521,512.561997
509.8396684,568.8254071
509.3143856,185.7986781
518.8284862,403.0594567
599.7201308,580.9575863
789.610383,595.7135521
641.881182,899.7345249
609.5820231,592.8851521
199.3225583,367.7867572
344.5234534,292.669116
883.5533984,638.6127564
688.40061,173.5124067
601.456842,537.0514658
201.154322,512.2681042
555.9142598,482.7249153
888.9310762,408.7446097
706.0646847,533.4831938
578.7354067,547.1759344
262.3166991,419.1115723
487.5095886,824.0749181
496.8269478,571.0447097
718.6565528,806.2020292
597.7783788,265.8178277
731.1890375,312.4492162
200.0882213,755.5079575
353.813368,581.3864952
897.2463621,847.2474687
785.7625182,155.7411872
487.8493506,583.9379891
717.6654304,157.6424227
393.8826957,886.5369893
469.1482228,673.7993314
761.4593468,322.9910812
403.0063246,452.1431769
438.1332384,519.383441
595.3161079,565.0031494
445.2721658,893.6519709
794.175643,313.6038102
596.2964591,324.5222659
483.9186875,248.5257876
442.480874,445.5348293
597.194087,189.9543179
229.4891563,710.4144815
555.3178486,473.2074129
513.5004244,599.4215204
770.4393109,310.0507071
787.3644182,296.4733213
714.0703048,529.3708251
728.4339091,414.9205801
724.9075897,507.1871385
714.6142387,187.9012258
535.1290785,559.7459442
693.9676886,301.7830537
691.0946771,378.0341235
958.7954058,883.0024817
201.4763469,683.0477002
609.6280887,552.4210212
862.5808835,613.9696134
760.8904851,493.1553743
470.9087982,342.3718791
406.0555989,604.0569248
811.8099211,449.3540573
543.779827,561.3026402
702.6261971,149.2599995
955.3595699,867.1347543
463.1102561,615.7493512
722.450562,516.2961662
438.7333798,443.9970631
317.3294286,593.3494552
701.7314755,195.6660688
560.7005899,686.2115091
398.0921044,437.3472621
602.1986258,179.7665618
716.8865545,197.8836372
558.1504722,676.5127944
520.9655264,800.5154972
791.5999233,668.3944903
404.786405,283.0831654
699.8338267,419.1601087
462.4606186,510.9927855
593.0739782,567.544468
726.0464517,401.3577365
669.3552259,841.1958585
444.7924392,383.4767407
218.188264,529.183261
662.0754201,567.7364198
526.3710532,555.4740092
564.258893,375.9878846
491.3323607,575.8788563
485.0545833,672.9760512
603.1531354,641.8051272
657.9752955,492.1010081
466.1786907,848.2498927
509.9942542,388.8403583
207.8219719,630.7803219
430.7629942,355.8061837
187.3667552,481.6059245
789.76007,568.8721675
678.621471,440.4682177
672.7953014,443.2364435
438.2612933,672.5917716
818.4751891,562.5436303
714.3201677,228.9635476
266.1227079,662.5676561
722.8969117,549.1669717
560.0866813,263.9422288
978.3685895,534.9437154
519.5287884,927.3919605
749.514959,945.3764435
675.8825068,850.7705682
552.4483876,468.0528801
520.7579689,550.4343089
487.6123711,566.837671
604.7089099,568.546704
535.2127007,506.6518382
354.7029213,402.2184794
677.4594939,426.8283385
397.7566119,410.2590375
464.0973337,694.2954638
704.8599676,150.8385714
676.0532716,166.0857934
232.4849495,764.2895577
501.5775339,216.9377598
578.5275796,611.8078315
587.7502758,537.1752409
764.4429457,797.9867358
413.9019294,607.0853207
838.9366078,571.4300131
267.8937848,723.9791011
595.3654992,536.6270909
906.9818324,858.3457368
916.3592492,515.3490272
778.8132463,590.5343436
708.8430631,349.296476
871.1763084,430.4176089
209.5503089,538.3895913
475.6189815,367.0432706
428.2107043,517.1319618
649.3805897,629.018699
832.5611712,569.1169389
946.8744478,896.2340116
403.9565197,404.8288312
476.5076659,612.2147601
485.1562572,522.7890544
552.1728178,360.1686309
477.8400483,377.6817905
514.244725,559.8096495
737.8558185,584.069683
136.4401434,671.6651086
484.2119944,294.9059276
521.5871201,567.0361207
552.6008311,474.4910682
562.2804983,460.6558942
812.2525855,442.1178287
208.015822,525.7561896
420.091935,398.2884722
721.193907,272.9276903
423.948159,641.7414219
555.0033441,314.0064764
801.8001694,785.2552792
408.1901523,811.1402272
257.082791,741.9285451
575.0343975,357.2783851
183.4145349,741.9032635
652.25068,585.4617146
459.856061,552.2634189
743.9974964,523.7060227
280.9839706,716.8726023
498.6820964,572.429909
767.4867221,489.4069346
597.0029035,825.8970705
185.0824998,748.3758429
509.0063227,563.5261843
366.1111503,356.740661
442.9865022,272.9678274
605.7016052,562.8655
469.60804,275.8621266
527.9352469,421.7907485
663.7227865,490.7718461
767.4534499,461.0126984
680.0398277,967.8758987
477.5530932,316.5071982
712.9595317,157.0323433
789.3870958,620.5455128
385.1035926,343.0227433
626.4723452,464.8294401
887.532539,522.3009533
742.388166,620.7967822
813.7091429,434.084667
557.7227885,469.9972197
808.3647822,741.5905662
529.921881,714.6194099
417.3688203,257.3307889
741.5309859,612.1718441
823.6737578,251.049639
502.3990899,616.5430249
613.5336591,634.7615817
186.892182,528.7961816
464.2457924,231.1238251
271.4970599,626.5030589
398.8739166,929.2241628
453.5109903,380.7857804
770.0841937,423.4620055
475.1978593,237.4084643
476.4668135,907.3461323
363.177482,495.1918558
484.0590416,616.166873
479.7408581,398.4127906
580.9213438,398.1931127
778.3422535,305.3501557
607.7521169,559.2464141
672.2742131,851.6712601
443.4751722,801.4652479
632.9848251,441.8606881
599.9434779,767.099592
527.0581425,382.9406046
637.6169439,520.6842501
593.3283802,340.0804091
515.6502881,614.9815233
583.3730084,287.3235507
464.7992239,516.6157794
660.6409742,390.9299519
658.2886615,538.158568
663.8699718,493.0845651
451.886829,637.2022128
638.2348524,206.6623749
837.2897208,398.3183713
574.3942427,724.0073077
546.9152103,772.1458112
798.5393529,670.385444
741.461131,49.3974831
781.4105682,295.6533841
787.657021,290.5181363
476.3515971,340.5301074
311.3274755,718.4250987
721.8076658,473.0229412
631.4929432,635.8425666
561.9884947,593.2712704
435.7639825,545.0789862
694.2696543,527.7742635
775.7389693,563.5129585
487.7050117,591.9615814
857.0424929,411.6789625
516.9561547,603.5354562
661.9962622,625.3879752
534.6219073,817.9474006
587.0619731,296.7155019
664.7952391,354.7470538
375.9268721,350.8792475
548.1070289,592.811752
765.1757411,346.3098886
786.5840891,645.4543211
719.6003362,911.7758577
551.959373,454.040568
202.8739403,703.3223786
502.1302015,541.3814648
254.2321757,590.2363765
923.0037839,439.190956
510.0775318,452.3335825
547.194675,760.7518743
342.9577168,560.191798
550.0761656,551.1817863
796.6948855,456.5619121
511.3960871,302.3501963
728.5206023,448.4325551
509.6421181,414.9868972
664.3528444,557.7500595
704.0158807,581.1367301
694.6879901,510.0764441
498.8718867,425.6948264
362.5562478,717.5398682
538.1041084,399.7442092
379.439544,568.4452435
822.3581387,303.8486821
582.2801522,279.940104
617.8229299,856.6236033
610.8276823,552.9533755
364.9003061,396.8458148
781.7650262,445.8959377
753.2032645,710.1801988
790.8233394,368.7654668
389.1535319,321.2067676
499.9059437,280.2982037
364.8349754,357.4132758
588.9593073,314.6305547
908.0587941,460.2198187
816.4192843,433.0986864
696.5292665,543.0791943
523.3669607,489.7248763
494.2368017,357.085702
636.9324014,466.0683407
481.7245709,738.2811063
615.7028778,526.2012912
381.1044678,597.7300173
529.1633787,447.5299409
455.0089094,364.9892174
787.5136259,396.1023281
559.2776042,467.9629112
508.2272669,711.6324674
556.6459316,371.7562538
665.939554,956.3192196
938.8519294,480.3490342
757.2966928,316.9723161
834.0342523,523.9399711
438.4638922,254.5053767
753.8256672,919.0191066
858.5662237,725.6342698
589.971882,383.1553306
410.8568048,890.0457556
719.5344511,197.6823041
726.4175982,482.9918342
532.353786,693.8664504
775.07516,954.6462702
579.8471086,389.3819895
577.6085892,423.2904043
760.930918,305.519166
349.4077422,518.4776927
224.3484281,774.2959552
707.1541553,534.7092865
673.9602597,382.9725304
468.2281838,366.2073287
445.3411519,512.178783
479.246001,398.9717219
554.9837943,668.6507951
530.2665566,562.8531099
864.1075206,520.4953906
806.361924,256.1508298
618.7842257,437.6234996
796.3293567,544.5556789
427.0941786,413.6931084
611.3784923,88.23960378
569.2024753,357.034533
757.4174221,318.2079782
403.5745272,351.3790493
705.2876663,546.7312089
579.1372487,379.8050232
373.609734,609.7843251
484.9336741,513.2590993
936.1709554,531.1221264
718.1383558,200.4679762
889.1901372,602.6269081
657.8044557,476.4271756
815.138001,609.9175652
710.3199793,535.4722462
650.7808946,911.3773075
690.9748017,437.6306035
562.1110068,590.2149603
535.3846341,419.9829502
925.5927615,864.6403633
764.5389869,365.4123596
829.6702878,405.1373707
421.8043625,416.7039744
906.194777,849.4580376
655.2034636,491.2572728
509.9281594,795.0944842
345.600505,588.2608633
504.9321596,496.4608018
401.1514307,587.8756225
663.7411828,14.20357431
606.0362139,385.2389068
444.5914732,598.6871226
206.4517632,515.6912266
477.4361989,616.9784318
953.8640177,866.4619724
757.2510316,150.2933256
595.3047076,933.5940899
470.8603058,231.3009213
788.5945275,537.7777359
473.2178018,412.7580878
495.7000405,305.6355865
606.1996682,295.8564514
632.4551379,722.6319912
282.1380679,573.8903471
796.311335,555.7854111
817.9384909,584.1089425
494.5465574,386.9719469
520.0344616,232.769905
591.0759138,533.9162814
492.7932475,554.2667418
788.9283572,400.1073024
521.5657876,442.1525961
745.2652822,561.3913137
494.5366102,684.2424312
859.7341782,616.1387081
700.2793674,418.4683553
795.6644389,454.8184251
416.2571184,435.5018339
431.953899,547.1745345
442.2421867,265.7275872
759.7966102,490.2055392
692.1939001,551.6486593
487.3650249,626.8663611
532.6024655,506.7063711
649.9004646,540.9250387
821.4384592,507.321089
308.3498539,319.6849434
572.5034251,367.4696722
788.3454286,532.7157001
969.6849883,969.6014589
709.0274005,408.4426101
566.9022355,578.6887026
543.7601574,414.5567346
479.8281805,373.1964876
553.5137692,261.3824401
547.4901092,517.2658705
173.8836859,550.0102056
778.7959736,306.8449642
583.6155158,457.2618351
700.0652184,263.5178121
509.8180813,727.8580855
772.9021212,691.4555303
498.6096498,674.5289655
589.7547669,542.9069036
449.8227747,637.5847373
514.6197066,557.9521448
813.4399998,253.3052342
542.0873238,518.3271734
839.0966165,365.5552944
823.8114902,558.0050062
704.3943678,387.7992179
697.86084,470.9679896
524.726653,430.8170992
560.0586973,993.8958627
974.3264551,906.0212953
606.325476,566.7012759
602.43974,272.143398
891.9645608,411.5563783
602.04407,827.3843572
503.4229001,503.5350195
828.9107369,406.1055288
428.3422497,355.9418893
416.1310409,439.2140437
716.0218691,547.430505
904.8020373,842.9077958
746.2090955,479.5707802
765.9108135,375.6517653
102.5039098,624.3986516
467.5489743,399.1371176
575.0221733,384.4386516
468.7280594,620.1425123
542.2301347,736.1335113
669.6678429,370.7328523
416.6576271,339.5816939
774.9399743,423.3739797
650.7094068,301.55015
490.8026885,605.1859656
600.5021826,537.5103364
836.2279045,72.39070173
628.5885322,434.5311058
516.3163295,200.1492824
417.3569556,292.6720829
427.9736199,267.9871731
688.6512968,557.9252335
422.9456813,864.9437837
780.871593,492.6497641
471.3081235,604.0187517
588.8644945,500.4995196
639.1557453,884.2806628
946.2729282,523.9165282
394.3707815,463.4727399
161.9203026,718.1235378
501.108938,512.0366212
497.22867,634.896535
542.5274864,316.068114
856.9938057,810.9996116
631.4591768,549.292293
893.5660563,851.8707546
863.9104646,585.4226222
514.1044908,555.220149
745.5853296,450.4528647
280.9129022,647.1145462
665.8957355,567.8846825
959.2474331,564.7847461
497.0375164,455.6126211
439.7473177,483.916366
420.2034063,483.7961846
538.9280613,685.7212559
419.7500757,375.1675295
539.2849463,511.9387336
775.2058515,546.3405775
790.6192874,481.3016265
785.9500315,641.0296312
601.2299895,396.8072656
293.2369606,680.0119078
505.7689809,443.250902
661.0139634,884.5248492
608.9863909,533.2468843
739.9122326,662.2866757
367.1070365,299.3715068
217.1174893,665.697032
732.5341386,481.969352
715.7349739,505.59275
185.5628256,518.352058
402.9125755,428.3992215
510.3965306,387.8484229
435.1480066,717.9278461
469.009157,867.4458428
498.7771189,726.9564742
676.9155002,427.6040226
928.9722551,594.547968
470.3524604,548.513057
792.5193481,522.5365105
855.4503304,895.2599822
773.9072355,705.5130149
582.9802298,333.2510255
551.7285805,527.5065925
406.5402242,878.952899
545.5367023,718.158347
523.5266699,493.6285573
534.7146977,744.9093448
556.1906685,758.8772157
589.2618123,553.0946179
683.2297856,391.8506393
491.0937333,356.4237432
564.4461666,468.628819
576.4266129,409.3825407
590.7342193,562.8522324
544.7814658,350.4536399
484.6289669,444.5614059
539.7962671,461.6994792
638.9159644,528.8908307
563.1490636,452.4888029
277.3774297,600.5324463
722.1523415,165.7650101
941.278052,595.7862418
807.6805692,418.8405791
556.6499465,454.3575486
555.740319,465.9217077
817.9348057,608.8555519
567.0106507,649.2512345
646.8695866,508.0551525
431.8521052,413.4458506
469.0429085,766.7408447
600.2144036,559.7183852
607.1251152,388.1969532
569.9074516,512.4206292
215.3569887,403.6543254
472.2597867,443.4729618
273.0453591,430.5006619
233.5353055,525.5794485
876.5676336,689.7197322
771.3281751,563.5489586
460.4791978,696.1109928
726.9827297,791.6481904
547.5229169,308.1844478
708.4298957,534.7739111
835.388941,248.1442033
459.4326469,547.0232631
738.7908682,354.370484
494.7435684,319.4925737
78.12580498,610.9155598
598.3649627,905.0159252
760.2305109,348.2284243
486.6847818,612.0101466
886.6188218,841.9412256
950.0591924,568.3794279
525.4456212,803.4262816
657.3944642,491.6015198
327.8439546,328.4182788
481.8452703,746.1009418
501.7378872,583.8802594
577.5902079,589.303508
891.9340152,844.1736913
877.5087654,688.7098491
784.2534235,533.0978694
503.7694035,816.3816993
554.0883386,520.1410519
526.4788393,431.5969829
529.5383753,514.5095751
390.0025924,390.4541154
783.8793707,673.6028457
795.472761,328.4728535
790.301577,642.2678841
468.4088509,303.9737526
585.9188117,440.1544757
461.5305725,534.1731921
370.1205518,329.4239414
575.8675186,356.2283648
558.4176228,758.2418756
515.6153981,548.34319
602.7232046,546.4715819
783.0842706,690.2091915
585.262298,895.8937344
861.2202026,578.4659324
389.2382926,345.6382977
447.2101276,524.4813515
230.7320291,545.8922374
700.8449932,275.0573165
766.0630623,375.4185481
583.6005651,529.7804907
769.7024408,656.4919762
396.5419926,336.1099932
408.6934435,756.8427818
811.994633,451.1564441
491.1440235,736.7286935
241.1712771,718.9135133
470.7636953,687.8059604
440.3776002,294.3427131
794.0662241,304.8506674
198.5807295,542.9112705
953.2831266,875.9019586
924.2412337,861.0851081
589.1785347,326.1071895
821.4010824,579.2052612
513.774631,552.7308143
641.722911,499.0248528
261.6720501,391.1659897
600.1129394,624.9869805
630.9202615,428.5783653
582.8041917,321.2336788
465.4589285,977.8447082
844.2558908,622.8441912
406.1421873,731.2000145
782.2925862,542.1420844
742.1187682,575.150267
666.7465038,559.7886094
551.3585125,358.2379141
565.8705304,462.8995799
874.2949133,444.1750995
523.8754503,429.3532972
782.5344344,334.1918336
129.5428845,714.1746844
608.1018411,510.7985772
459.8216354,651.9749564
599.3350971,825.6165288
760.2396641,365.4131327
278.1662828,676.0477601
673.3000757,870.9028551
650.5671052,369.2916156
495.6727307,685.1983247
834.5060841,209.8525937
778.0902933,448.3569612
430.8949741,560.2355915
531.6557609,175.7221608
205.6677189,742.2376278
568.2317267,701.8133414
708.6416028,540.5908625
415.2051894,440.2952376
353.5306225,938.4045847
712.2298373,545.9691058
790.4965507,335.9179161
417.6919687,479.7597024
484.4933318,388.86798
517.8166605,376.215335
417.245709,265.823678
726.0577471,445.3094265
489.1068895,357.1635734
622.8168624,836.7272497
691.1303911,487.276807
467.6526407,457.7736925
423.8338564,564.5669695
758.7904172,273.0447167
702.002581,434.3927677
689.9557703,549.3846229
726.7752023,496.6539445
687.168703,391.819591
745.202588,556.8619665
460.9462357,950.2599414
579.5142077,400.2262302
591.1240767,792.1952331
614.0788962,521.8015485
671.3366917,651.3473888
518.6108168,583.3835708
709.5102131,560.2987118
804.1383254,329.7634246
589.0546294,408.2630275
553.4460715,861.0617488
656.2048028,495.8619632
833.0502308,546.3112217
813.3799722,237.1354653
636.381157,872.0508466
543.7876769,413.396165
443.9054925,577.7445097
756.1638531,171.6314799
487.4142065,393.293631
943.9417832,522.4614807
222.1564237,644.9515316
474.8565243,379.5628426
838.8859581,172.0941742
805.103666,765.1808265
690.2105618,560.9388366
251.0115972,682.4225354
440.862645,565.906871
552.5033967,343.9714493
787.4162214,298.553262
691.6683626,576.8685351
628.4535712,802.837493
519.557806,811.5804814
436.3114818,729.9909711
522.624338,452.4794843
656.8243891,425.8082382
637.8423733,543.5919711
580.2286817,694.3181336
530.8029702,476.4747091
431.7310613,410.3526002
463.6944131,620.3233904
371.2458712,777.4171825
488.1295344,389.2071916
489.0314018,248.1780305
454.9632632,251.8386742
652.487255,491.6822119
668.7960567,576.7646718
604.5439126,773.0455629
387.771878,743.8107046
582.6053081,610.9109005
310.86631,320.091266
640.9156766,949.8426913
972.5784035,531.6696496
219.5964187,533.7393105
698.0612367,637.1699109
717.4272075,193.6355003
485.2879824,491.0434034
792.5045322,358.8897185
651.9321456,610.1868451
793.2095684,112.1754483
546.3026499,551.188932
582.4375843,288.2969323
560.1424244,211.4692969
483.6360319,579.6422769
740.1784245,897.7772938
774.8562322,415.3010361
540.9841758,516.9967369
650.6346831,537.7260863
772.6420265,284.9382256
635.7496011,314.5766277
220.1286077,655.108323
647.7538667,609.3221533
748.5198967,547.2019055
550.3594354,569.3341931
476.2845884,304.060086
545.1664096,745.7291985
546.3614941,668.3933829
695.8909693,543.2883835
253.4543933,482.4175459
793.3056395,445.3280638
365.1542438,713.020968
723.7340475,451.8990741
796.6750211,318.6583451
558.5577522,477.4358887
740.9780937,570.6702293
512.9416897,614.4330389
742.1349174,482.7299507
725.9882517,307.6119146
491.0023511,323.1333892
909.293083,510.3345458
190.4108761,516.3853829
865.0221066,665.5414564
568.8382199,482.0412895
510.1392373,724.819953
414.3306767,334.3680314
658.7957579,468.6887425
632.356505,562.8788929
760.7719878,301.3920672
527.3992528,933.8540512
698.7441614,478.5233926
629.7365324,647.9798231
682.0004103,436.8440129
700.945289,547.2459706
286.0350244,651.2597182
388.5284027,323.5060309
427.5369029,577.6108308
489.5111434,260.6131914
333.6416459,266.7095771
738.9596855,482.9445305
769.5765281,641.8782139
405.4410311,434.6713871
571.8827602,419.1408655
477.2331956,600.0856731
451.1293754,346.8843441
562.6559593,508.7837627
465.7925934,688.5381225
511.3405387,401.14487
498.9836876,605.8648067
835.547976,579.5566539
482.8538452,521.7998352
454.1618413,385.6737705
740.715647,292.5788964
598.1721762,831.6174297
559.3099176,457.6798791
762.5464055,933.3125871
515.3975339,404.1130498
701.0170315,752.6268841
839.9888064,139.4532636
825.5693692,419.2075169
569.9889465,375.0412053
507.2291486,726.9454005
522.0114481,926.2730323
224.9263381,765.7918671
603.1163428,295.572901
795.8111597,474.5816012
611.1123753,539.005918
694.043386,479.9426698
415.8593062,338.1831434
706.7853307,406.8528182
98.39424244,613.0572627
524.7627115,481.6185652
684.8990088,430.4679004
611.3768744,503.436902
742.4890459,887.6049783
733.5398671,310.9996011
361.4952405,715.386632
388.4334402,797.5342795
893.5978004,846.5671232
574.1540723,722.3864676
578.7596154,478.8467457
322.1032647,358.1993232
489.0785011,500.6754876
664.212745,658.394737
281.1516794,677.6222159
526.6569896,769.314695
434.5890621,773.1867427
162.2968272,711.7761335
618.086605,602.0576553
862.8966914,812.1302821
770.8553846,418.0845771
739.8023193,359.824154
585.0223673,659.7290599
637.5729007,452.8924512
485.7034568,866.8563438
344.5045778,796.7030805
511.72743,301.8051594
739.2313154,461.4475621
533.1789374,362.8657549
462.5302039,429.9285466
930.4977236,873.4049559
650.0300026,412.5195428
512.3140438,392.5482639
280.9649751,717.8604634
403.7210383,660.4119126
718.6855854,955.2853085
634.9390859,898.6566531
535.5761022,418.8067729
559.1703275,373.3593969
475.8288909,829.174145
667.5012458,516.3091413
913.392953,417.9436481
423.4132136,411.2443495
888.8941787,843.9688062
577.9108396,386.0737205
529.1748989,515.7708322
692.7683197,477.0680735
668.719026,417.0007506
640.249036,562.2753324
760.8491833,268.2068719
703.0138974,621.2946408
966.154834,531.9816992
565.4338883,450.4723587
503.467183,505.8583317
512.049365,716.03478
768.4565419,466.5887647
659.8853183,478.7532249
558.7736389,401.4986237
437.201844,361.9247796
444.0392551,482.0919571
428.0539164,592.7142195
397.2635824,922.5884024
389.0746586,742.5881847
534.5742837,551.2146523
549.5763798,549.5084399
650.812399,247.2291991
719.8948266,549.6099004
449.5329283,519.9341819
762.825316,374.1683648
650.3659745,886.8904505
821.8878799,503.5773295
726.628781,657.9098326
161.197754,707.3789399
488.6601205,851.1492065
565.1552175,294.3806146
275.5182963,365.0010433
606.0602878,619.6359201
515.7090873,423.3226018
256.1752459,422.405153
814.2325082,620.8651469
555.7035714,662.363962
820.4701524,383.7982134
707.7009354,269.3947916
537.0266074,547.8553187
319.5820598,714.4257657
721.1123371,296.1844639
707.0723008,411.2379769
451.0128107,786.0037804
666.6985356,429.9065663
201.0959422,755.5427249
785.3279733,325.8399154
671.5587354,431.1691187
691.4090768,554.7679016
784.9888555,575.8131452
633.3821279,647.3012745
576.8339678,638.2989726
597.7802364,635.7793001
727.3074961,470.6168267
617.9760925,441.3189943
655.4841118,537.6694431
353.4179827,327.5060116
762.8002533,302.0462326
545.690479,591.4425365
419.962382,708.4273095
551.9959558,400.124122
801.5946793,802.5778034
513.9734247,617.1121106
791.9364196,672.3909817
839.5272364,502.532679
894.5164612,840.9619728
651.6379548,533.4084356
781.2798317,269.2592741
888.248571,676.1692996
301.6436887,313.8718991
589.2708157,537.1110968
643.5770709,908.4747553
753.0866548,360.6745963
509.6432716,447.9562799
707.1967454,462.4215287
422.4497156,373.4846346
568.3928889,477.8359432
669.1719222,435.4160438
360.0439563,933.1454573
709.6261936,577.0695131
630.9767836,592.3801896
615.4045973,645.2659631
358.0254434,620.7472638
649.5863045,477.1416825
531.6557609,175.7221608
588.8958491,532.8081345
562.9762314,334.9893518
778.7387324,501.6986175
584.9153303,470.2487607
527.4538874,700.8070729
495.5228938,430.1071472
590.2198424,740.6479403
606.3919902,570.1528349
713.2983649,549.5981163
533.7932804,554.87235
557.4316388,447.3841855
705.0452039,335.9014309
615.7610778,800.607242
667.0647685,550.9311228
858.2816656,227.8260448
595.5051792,578.0298778
743.8493674,509.8919723
486.171873,311.9306309
726.2941124,894.7969746
832.3016607,472.757464
562.2335338,317.6420893
565.4664264,451.9527922
693.6582924,244.5422504
675.564257,310.0023796
774.3870071,427.1702663
225.902315,553.5715618
619.3722777,541.6271346
727.8379323,203.3038562
452.6209427,411.9453381
861.9279502,525.2138062
956.4125175,686.4057592
668.4465423,579.8116633
506.068295,250.4010731
428.5756039,800.28228
434.9805674,868.5171539
426.6643976,277.7860529
490.7681431,590.8107901
483.0406843,508.4738443
240.1420739,556.4256612
295.1957306,654.3866913
648.7381728,255.8827827
549.7801022,340.2534311
629.3182865,826.2735985
553.4745947,418.7831211
783.5268002,145.7230891
656.4870989,858.1162806
478.9907001,398.5760551
600.422815,675.3414854
648.34084,352.1842354
820.7258428,725.8780801
816.7415339,639.4096895
746.3347685,311.4893947
701.0946914,555.8254019
635.883903,766.7203687
690.155358,95.30199559
628.5714393,464.0948124
114.6584467,514.4324977
754.4927572,341.7917196
775.4084803,400.2186875
420.1429592,589.5367669
597.7779144,575.7365274
451.2313789,259.654916
554.1302995,469.6168472
721.5243061,543.523878
680.9016217,326.8712775
758.9275804,484.7435116
457.3100331,227.3965509
774.4195152,301.557233
382.689934,677.5279637
581.5788013,467.0676307
491.2284397,791.0633925
661.565822,423.9721497
574.1213845,806.6002659
722.932341,420.5062157
825.1551681,251.971371
420.7754888,273.1146902
635.0192026,465.7666336
598.2521132,608.9154127
627.9156147,789.7669085
774.6810181,395.2264163
702.4647203,238.2014276
445.0707205,527.3516855
318.795289,263.7017825
376.760817,321.1955267
665.2586966,589.8801991
522.1444916,547.54586
660.7856128,546.571559
780.9901501,649.3197246
211.7011164,514.1509114
481.0777797,718.6014637
671.4094978,408.726453
454.044917,242.9929926
684.7801221,394.6971751
523.91828,562.8051377
395.7324961,436.8133616
831.2956775,457.5972022
447.7990185,866.4767235
52.04571417,635.6967903
777.481523,627.38246
766.8937864,300.3726982
465.315863,689.2414094
730.1053494,480.8674314
582.7962969,527.0817579
772.2595395,957.9908527
479.5691943,590.0970563
447.8536081,626.3597063
373.4347596,567.9682579
645.7083285,595.2631017
780.5174345,441.4322807
684.0062347,384.155331
958.3148852,544.6836955
506.1370863,355.080624
279.2106166,716.0426361
567.3260542,745.2732739
570.7043493,503.3037246
825.3310114,502.0897712
214.3297479,516.2376425
715.7126827,193.1324391
633.7799251,428.0450081
855.6473414,403.8666278
438.8554874,381.0608479
508.9763463,255.6747844
514.0402236,536.4246086
454.9764612,352.8697416
475.2603887,278.3119092
429.5505621,371.6064867
365.0368401,314.513194
567.264154,448.7685491
724.709575,352.6597376
480.6092287,699.2135201
654.0469544,402.140608
276.5165344,359.2586412
414.1966145,361.7531575
477.853486,240.533348
716.2342054,190.0665596
867.4166798,356.4173706
691.3291848,613.0486335
641.1472032,608.09301
914.178031,447.9178143
984.1207096,916.4021523
784.5265964,316.9299643
652.7941644,588.8565468
676.9676929,433.9332911
771.4409498,299.9437475
429.6155483,232.2247845
470.0204434,786.6047292
412.428264,318.7971847
714.1685032,551.0576141
823.861331,638.4483427
517.8701565,763.6486599
679.7445433,435.0558757
550.6686069,399.6678631
606.9793831,719.0307069
452.9173506,408.7261396
723.9167071,522.3020397
878.2247524,534.6073663
846.6867922,633.5582633
574.5720186,452.7988258
519.499621,374.7067784
415.3742015,848.1709767
648.649577,553.0512841
703.0764567,193.0329426
514.4112803,549.8038998
345.1275497,374.0512966
642.0959751,925.9639287
514.8065907,734.6571521
487.7409803,386.8635288
710.6630221,423.8586752
788.0189844,322.8226977
779.9624,283.7930547
323.6885811,481.7861966
669.0168421,413.2720974
423.4333477,791.3797254
706.8762934,264.5348201
490.9696633,360.9494339
771.7522784,571.9511265
238.2978762,541.6940158
484.5767892,787.146444
256.5593058,422.5317697
504.2730692,750.6397957
882.1132898,584.1436263
647.926624,613.004652
642.5344599,534.7267119
251.138199,523.6741178
378.3527399,562.6595075
462.7927554,437.3145005
428.5733268,370.8762259
458.0910513,517.1016658
411.8669226,862.7360772
475.5009037,657.9970018
538.2835771,541.3404293
780.4191612,331.6730386
521.0328945,542.4834898
255.1195118,666.8044894
439.8281685,541.009617
193.7837183,538.4386501
549.9058052,755.1016976
650.6679702,577.3074104
729.2783555,434.9241818
335.5218572,542.9782143
516.295806,483.8271911
396.4882569,921.711028
497.7743415,230.6037981
817.2251555,381.0185587
683.5711655,377.5831089
499.1486849,432.925163
297.2903305,634.5881001
699.3496508,515.8630158
534.9694443,175.1601999
769.7064856,125.8344036
504.503622,440.9994856
493.3183207,597.716687
588.4912656,236.672583
431.3495481,869.5877755
265.6755942,605.0336494
558.2813585,479.6632564
687.5362842,387.8065308
830.116907,385.4801054
520.5822155,470.797851
787.4348424,648.8924036
595.367207,706.3145028
593.2662104,565.1878928
843.2864755,345.1560259
667.1517014,479.0721695
598.6863734,579.4408393
473.4217938,777.8356653
754.2783836,359.9563494
321.9484393,374.3578929
596.3339109,200.8393643
475.7611332,851.2465509
482.6086712,450.574049
739.5976532,514.6450508
401.1875042,920.0392905
377.2322893,776.176276
758.1944705,315.4683979
341.57825,771.9898178
466.0684029,412.8786871
530.1280152,465.1426388
528.617827,515.8057876
813.2725008,451.5531138
422.4822986,334.2339347
422.4069757,509.0040674
735.1229813,577.8717741
535.0171877,362.5815568
638.2797645,224.8433228
699.5772375,333.5694477
878.3221718,673.7365663
725.0906837,355.1027506
819.316954,553.7460254
812.6468922,323.4717441
497.0076748,428.6873267
688.7312038,545.5625742
510.7047283,305.1973381
603.013036,613.3283185
911.4012554,845.4787001
793.3390165,444.6830499
560.1923101,712.3715245
563.054161,635.5734121
660.1526038,587.6216578
704.5507512,903.6779041
559.0663765,301.7318638
692.352306,138.6239033
525.5309212,810.8276134
718.9795065,655.9348209
405.413961,840.4105633
447.2505904,394.3388248
653.1767712,605.8429726
564.7890895,188.1368666
539.5594674,312.4382469
530.9565971,752.1297359
721.057358,504.2445118
469.2981794,384.6289945
495.2854499,220.6049642
432.8074238,584.3991998
756.0947771,644.7829183
624.2611506,443.8506808
656.2067503,417.692713
818.8820646,688.5460622
856.369905,568.4533086
285.1828929,597.1859624
641.7543705,515.2304128
205.9706584,526.7337918
804.962488,564.0001194
500.4215041,424.9428151
906.259149,868.439575
829.3275596,395.3769773
705.3129387,548.9377244
500.346391,554.2104747
522.0475516,981.7526306
380.7194491,794.069641
973.4764958,581.9877783
577.9628226,303.0890445
435.9524995,525.5255215
468.3645679,767.7883368
575.9730126,652.5685506
774.9367384,549.555451
530.6351864,570.9697634
199.5028509,746.6037522
696.2525433,444.8941613
415.508803,583.8481873
743.8888115,351.4764773
714.6166356,504.7804181
521.8272455,553.8989475
506.318068,444.3074621
584.2277616,468.9712691
698.6296789,515.367769
672.5206454,361.6691852
757.0233401,268.8835191
752.026846,519.9253438
455.1508814,360.9569348
440.9175043,288.3329533
745.9181556,317.6735554
589.4100163,261.8419376
371.9677307,331.6472347
798.8542619,579.9497925
432.1632991,581.4234773
451.6789569,627.4435119
161.4024052,705.8747918
618.6685448,442.563202
458.8417036,533.640023
678.2903229,879.5200834
727.0710409,568.1451661
354.8403841,469.8141687
460.3507983,498.6007704
420.8377036,448.2128563
647.1852746,879.0655169
606.4527369,282.6003295
693.6400909,528.081027
792.424026,251.7980356
442.5150599,727.7816767
759.2326622,544.7470874
656.0839835,414.2605226
589.984286,513.3767943
256.1721449,687.1067269
717.4911451,148.2850926
508.5301765,695.6562382
422.5162299,441.5744424
621.3365456,645.2767652
583.3848582,763.9000546
571.3985844,478.2529008
447.007379,984.795903
726.2853038,341.1083028
222.2644045,389.7913208
456.9129699,557.418704
790.0376622,434.4611741
487.0898447,599.2068361
467.5590114,643.2681771
514.1016444,417.5575298
628.5874836,535.9646932
538.1630724,396.3287129
571.1268197,488.7947658
351.0914967,530.864944
439.1127507,549.7909038
767.5641273,470.2012063
319.9371021,329.8450778
820.8127908,290.192046
660.4687263,420.3571799
771.8477054,495.8657241
343.5222491,670.2989644
573.9895844,504.7608197
450.0128197,516.9309004
697.8488555,517.0530458
217.8149901,514.673362
763.1880284,862.2282523
755.8178142,306.8950467
731.5978904,434.9043953
615.8358164,531.2136205
429.1911454,638.1234643
319.2277665,443.0169536
414.3954232,572.2227883
833.0824542,389.2029292
389.0357987,764.1034144
468.4201912,669.6540549
797.3255426,169.709246
713.4905372,369.0775582
774.3480273,415.5158876
762.3663077,346.5894901
507.2552449,414.7472238
614.4049509,701.4049294
479.2049539,406.0820859
811.4115547,120.9690625
553.3298513,302.8432075
720.9709793,478.7168487
680.0766652,442.0435093
676.322175,856.1406002
365.5653289,362.330559
544.4142592,721.9036317
644.3879156,628.4275494
335.4627434,309.9146463
477.1441055,743.7565477
804.1994616,324.2358739
444.8492759,636.6720732
752.2884238,320.9022189
519.464746,429.5270504
723.9651097,501.512516
612.5572028,648.3393226
775.1361763,506.8175055
369.4384661,590.3156059
774.8598126,418.7584663
792.3217229,187.6401572
595.3884047,532.4686721
604.8687688,940.3953713
874.1815844,438.8149712
574.2869361,543.0979779
605.1294627,721.2345271
873.4844131,436.9940307
494.819925,409.3563189
648.8743323,206.2147034
392.2117946,439.0983336
487.059329,502.7519181
456.9962625,773.6772884
548.4502066,556.6623885
585.4341864,545.9821018
974.0761877,483.2979917
486.4158185,571.3923833
501.9903268,662.7801883
578.9623641,587.1424157
720.0804373,519.437368
750.7946244,624.2703634
603.1289116,537.9577991
473.1368311,403.0963344
507.0135615,669.3604128
243.3267286,696.4116761
854.1170491,324.088238
569.7346343,506.9708872
579.2421884,504.6703075
364.45129,712.4119959
615.0065005,712.5015469
727.8985891,341.9340276
717.8847327,534.3011461
908.6308916,646.3132672
458.9099706,784.3246046
515.2053916,734.1343045
649.7290705,490.238656
477.7257457,730.1873942
797.6250365,625.0983865
569.538627,524.7674928
380.7674023,337.5328224
295.7015685,659.8326725
373.6932364,613.4448017
184.6004062,380.6506599
735.1563284,453.839214
556.1494267,261.4158285
900.794718,438.6242313
764.6783373,763.0431353
528.7972357,181.8435982
703.25624,207.0286441
479.2262115,661.5877347
748.6497044,776.7869405
710.5878789,428.8935281
505.1828015,221.4329247
322.7380714,328.4198458
498.3063058,633.1144571
230.8904349,767.0876408
445.5560948,567.0001624
883.0324599,486.0587584
895.1935134,899.5433044
839.5045407,531.6589102
319.7966282,438.2086318
529.6798679,624.840452
467.4899804,391.0672871
880.4036187,428.0430232
845.7824829,398.3950726
902.8017109,729.740245
293.8939986,378.5611081
461.2049372,291.6225014
614.5893183,594.6920102
306.7510399,407.9689257
527.7110309,637.4197804
350.4529599,394.8717014
562.5800971,520.1226653
533.0882593,692.3296662
435.9204558,886.2989039
497.0310597,767.8436428
382.1250422,338.0869272
556.8398417,666.1297436
817.5858605,388.1764981
525.8622791,553.5602373
648.9617596,858.7732458
498.1507164,505.2810138
470.6625756,522.2604192
806.9250481,425.7064016
647.0861474,585.2787472
792.8691622,254.0348264
475.0883954,524.4136555
738.6711425,457.4482291
329.8099452,957.1185137
544.9120825,542.7348637
613.6266742,663.5450703
757.6181484,62.89770784
561.0098063,586.3931205
492.5084796,388.1008206
368.3460443,534.1145222
656.0641791,671.1545048
716.1015664,400.4819291
705.6037289,543.5103806
639.5371387,662.8978834
705.7512138,539.2603633
778.9633079,654.6930369
657.4511362,124.9810989
618.6525155,621.7359398
948.6346788,522.0519404
798.2929206,667.8037795
704.1046863,323.5013716
542.1392319,306.3899798
709.1158765,538.1391994
755.5543338,532.6804731
626.9305895,567.1182335
576.8225674,503.5216474
800.0719822,332.8450581
669.2816857,579.4762335
717.0391777,527.1253007
459.7752552,631.5767326
508.5371724,558.8788705
548.3610715,543.132599
579.8487115,453.6153365
708.6657217,264.0535722
668.9268831,652.1836232
517.8617823,380.7574274
488.5527389,603.738816
747.6972022,893.5600171
401.6351572,855.3864159
370.9466919,346.7125548
531.0713792,341.3598647
691.531514,571.6759128
477.9214085,322.6910247
514.3172465,357.8039907
464.2578818,437.4652914
619.232403,393.7652678
960.4779619,565.9075605
811.0454716,440.8538972
576.6162834,252.4122521
899.485286,682.1940403
212.7225297,783.2458135
468.54916,811.5955668
712.780887,3.579700968
766.6681473,269.1332424
577.5359778,306.2046304
561.3712154,444.8710318
813.1347383,238.8852832
595.2807834,579.6961621
644.9044198,609.8461083
432.6201352,532.4217654
876.4187855,440.6873942
475.1359441,598.7074732
553.5649732,571.4404391
642.3401903,831.1190905
827.936288,393.942761
585.6447999,286.1229902
693.2540685,431.6283446
183.8456342,537.3341595
592.9361708,241.5990178
637.9344297,573.1396103
490.4812029,565.5821388
358.5155366,983.1235386
454.4512832,530.4643045
428.812883,356.8719162
513.4374007,555.3326832
700.3578662,237.8616519
649.5628747,981.538406
450.3572857,530.3100661
665.2469368,355.7067708
632.0511087,510.0471509
955.9354875,920.5153568
718.0670178,394.811945
875.4344044,434.9726764
756.3631562,523.1166699
425.6091579,458.845714
584.4267651,523.1931832
652.9159873,603.9709257
654.7730834,492.4668594
213.0017997,804.3040739
496.2959273,436.6494912
581.2050181,348.6581272
403.9378089,794.2534233
503.2466823,545.9027887
784.3985564,426.2809615
166.8970672,677.3249591
647.1994164,532.8780244
706.8464219,532.9968059
548.8551046,263.508786
53.01632798,571.8774757
515.9065028,426.6489022
714.1691025,462.4372618
396.0718986,435.0218814
704.6643498,488.07257
739.1213272,461.5301345
704.7455901,577.8615361
277.7512428,717.4963463
517.4126313,551.1326648
597.3875626,612.432077
340.2155317,315.7653413
669.0136063,411.997719
678.1016261,620.3663063
833.3486161,511.0696331
865.4548388,433.580394
599.1054432,609.1221783
853.9454303,788.7436532
451.5097351,403.0173556
888.4870785,538.1620155
640.1749565,425.4861805
114.4977338,564.0302484
606.1143981,970.6983022
715.102654,503.6793124
576.4661169,456.7673613
507.5241183,418.3275098
939.7905745,529.3964618
631.1609412,477.8114765
172.7692874,738.6822472
772.0057816,956.2783513
549.8620466,302.9744
489.3812309,566.6450506
309.3964648,711.1774621
511.0394568,448.0416939
289.1377647,632.016757
366.0544633,605.6044902
734.2615168,569.3454967
341.1221929,588.6704662
575.8357745,386.6377499
572.6441238,461.0800811
853.4521462,407.1089767
787.797465,297.264049
407.6203618,422.8112249
557.7207361,388.4688657
326.7964599,555.0892908
724.5479484,478.3153734
443.5580005,286.6871868
747.3575601,471.8919781
467.3514389,321.5075554
629.4850665,548.8200921
513.2339629,205.4416519
573.7507772,247.3777961
972.6328433,565.2674984
534.453779,306.3321456
588.8699025,378.9309918
454.1988736,412.7486229
386.6448058,857.5701572
779.1797788,440.6129494
759.8374625,326.5512882
639.6786912,928.7995998
416.7106587,590.6312702
893.0418671,630.0366472
800.8765351,425.5208643
600.2527841,582.5373074
789.126327,255.857125
514.8767752,433.3550748
90.2457964,574.5949085
663.4164464,397.3888667
602.8605925,188.6396771
418.7367669,397.188056
604.4800948,491.5854942
811.8095766,562.1234132
488.2814386,270.457766
386.9311467,487.2017145
318.8220295,442.5661271
921.8374174,856.4745675
371.2568221,351.8855161
649.6715896,591.7852582
226.688876,543.0985838
749.2423704,665.2674127
639.5858109,564.7090059
789.7808483,398.4735499
450.5773969,865.7981958
478.1380292,514.0443319
516.435396,438.5791006
550.4535441,393.7293722
492.9531364,663.4336434
544.3580067,900.8594287
427.875781,483.4552388
579.0877075,605.9037946
811.4776494,317.8731961
514.7219798,455.280785
939.4908259,866.3755764
812.9295329,751.5270111
527.0573635,709.2543924
636.9100352,303.897114
444.8650506,376.9984573
283.729796,745.8592
665.2394165,874.5385725
693.3667982,633.1185105
648.8469926,625.4571339
713.0412513,465.4745794
447.5148947,847.0213763
662.1931983,883.8793965
552.4645667,440.3555372
160.650854,710.5455277
638.8454952,626.6105578
703.6653176,155.1980098
447.2275202,600.9207375
390.4884161,233.4580438
796.654153,620.8166523
785.0111168,299.4690602
774.7436074,443.7880619
785.9789891,288.2463274
534.5172372,300.2600594
525.623397,542.4793946
583.1540507,452.3752658
559.4470358,529.0288555
303.0164291,377.0606791
581.5060701,705.5125761
295.2624546,384.0279413
648.4198332,608.8222471
867.1867562,434.3392794
647.6981235,699.335561
463.6516133,928.6708937
624.4700263,706.6443331
810.0307396,623.1008512
443.9023915,640.9791935
569.9661459,398.706955
410.8520559,836.3602284
909.9728767,731.3760869
717.9586175,909.1450716
690.3005808,545.092212
513.8145096,603.2823899
457.3580761,503.9649313
499.0623812,548.4615119
477.8408873,539.356663
855.8046986,519.823549
284.0514913,676.2421982
262.7569366,431.424943
567.3899168,503.4998133
477.9409732,423.6377645
779.4966653,649.3661298
504.0399397,900.2290195
465.2244058,690.0785423
411.9680423,400.5158398
824.5171406,378.5450407
954.9806483,877.6771207
521.4214486,356.5229889
495.4138943,437.3768477
747.653953,626.682161
611.2007913,530.7236389
479.3462667,484.4488875
624.7969499,479.0808822
616.1100679,274.8145927
653.5049531,804.6111508
701.7050496,315.888218
746.212616,229.0443441
756.8584028,309.8793984
724.363596,448.5313621
440.9188675,839.4688358
775.8332577,766.4532618
816.4309393,355.4706913
828.76481,579.6407934
437.4225395,854.6608353
146.7817623,498.2336446
523.5220258,480.1333679
458.0785124,242.8401123
687.1145628,474.6596189
608.27334,389.5105493
906.8543917,847.6840665
564.9674945,578.7678694
653.041151,706.3771844
772.2938603,664.3870296
594.2334535,561.9256321
270.9926901,301.2922155
520.3665984,750.9819324
550.7989089,615.8549905
372.6924365,321.1176971
859.3291603,574.0600678
821.7937263,307.445119
738.3205195,425.0336407
530.9633384,487.6902544
780.7876412,156.0734202
738.1514474,452.2413153
479.985268,329.3101117
402.3689113,349.9500146
604.6740947,403.3877408
698.5622359,510.9566601
694.9492833,506.2947832
505.2080439,942.1848248
487.724906,250.0072658
520.5836986,464.8413705
860.5328886,484.9277745
272.3593634,714.097398
553.8835675,455.3473319
770.7493363,652.3253044
581.6936582,505.0587659
771.5504286,155.5112086
481.0028762,419.2146208
494.4191017,758.4134767
637.0575351,889.7422934
179.3439073,730.0168377
701.9582382,359.1505782
737.0961028,323.6741428
887.4483775,841.7069429
933.649316,607.3812403
468.2545048,501.7396321
684.2033955,248.602677
920.044963,466.2778015
704.5122209,515.791538
509.5717238,511.8361657
603.9758898,502.9247102
412.0710196,856.4160647
707.9523713,571.0077485
496.2032568,651.3608235
481.9296415,238.9265485
739.2082302,746.0624762
495.6698843,542.3543032
980.7800909,584.4654124
638.8358926,871.270148
586.6542587,480.1694934
423.6682748,546.9484631
902.9610605,953.9426281
588.1001498,546.3468457
486.1857901,385.678785
803.4965077,581.8471209
778.6669149,684.1131401
809.9732138,381.3423298
380.5546016,464.3295757
369.9642433,776.1012253
689.1424837,410.4899772
501.7332133,234.201238
585.0501265,394.7152483
564.3355941,214.0332853
778.2850872,429.7887041
658.1510639,584.8579034
378.6401445,620.844859
412.9830139,446.8411962
815.1158895,535.6373285
653.510496,499.5289378
799.6296324,680.8146703
976.0501032,596.33201
979.4432742,521.2587891
805.1873931,740.680284
498.7124772,324.7098926
679.8426818,465.9769928
701.6678226,539.3259073
532.2403822,722.8078547
698.1825204,575.9028424
892.2825559,476.672344
626.4005877,526.742609
689.7780843,931.9899231
454.5540507,320.1187414
494.9336434,429.9138164
793.3812321,564.9498492
439.1196119,481.9920636
627.6168099,308.4008454
581.9455585,491.1192481
423.3316138,567.7674262
702.5677125,151.4681448
533.5512524,482.2529442
649.5165395,686.3744184
712.427912,323.1429795
882.9566427,600.5834899
547.474754,384.4604439
430.3661408,947.9921024
539.3173495,286.7268433
453.807608,400.1606026
719.1819405,404.476352
809.8844382,336.0240151
300.1891087,667.3633372
427.4300756,257.2551532
964.4244745,892.1069545
860.9631639,715.2379931
400.3186093,416.7303215
839.39259,398.6216873
401.2626773,669.0670841
481.1578065,744.5253159
783.0733198,260.9264319
814.4462976,590.7378915
471.6455785,434.0780228
469.0086327,661.8867256
647.8495783,563.0153298
419.6833217,417.9518176
497.3338643,370.4834842
263.7095586,717.824129
586.0239462,275.4905713
628.6677501,483.7121496
904.3140863,430.1809652
952.9470797,573.7946742
286.0265154,670.3646547
917.0416795,851.954518
814.4844834,374.5680641
629.5546069,560.6280615
758.6790957,474.1481375
706.7127343,560.1866581
702.9469337,547.4747791
719.0363882,188.8157495
710.8555539,496.2147767
898.79565,617.2837744
716.5265386,292.4158617
788.6008344,279.7493014
454.7228981,223.3183436
683.1131759,558.4260381
439.5301277,818.566339
467.8613366,677.8912451
355.3770523,470.1632004
510.3361135,431.9637117
927.3861747,597.1016766
642.0437075,659.2958886
586.9471761,354.8639966
438.0676979,322.8035798
746.5745794,312.6975814
610.0675022,495.4093607
516.0161165,415.9999353
566.1757919,190.4127498
390.7801501,727.9765327
479.2177174,266.1473445
640.2569608,883.9497878
568.50069,309.7945067
423.9073666,585.6885591
565.6250119,488.9143413
548.7577751,892.7336863
543.6039837,315.8187251
545.7365297,517.9277876
648.9188849,514.7767448
534.9110795,336.5296252
623.8755177,968.3296504
881.8453003,554.9440786
369.1864759,521.8591111
464.0881206,428.1002932
780.4830388,481.1539697
605.9783135,501.7505596
528.6520279,514.9907604
776.3494473,670.3346511
244.0983389,704.3153796
518.3429471,575.2216613
628.4850007,430.8205676
422.1811119,645.9244118
806.8510735,329.5904862
759.1076783,275.1617858
179.9787888,513.2694627
605.3818274,537.2306305
861.6704472,788.2011236
296.5960205,295.4303214
424.7144812,435.1573989
518.8506126,609.7684667
498.4284733,453.992157
388.2135986,481.8848573
727.9780167,527.6289468
352.5415076,798.9709822
686.4306644,381.3700977
383.6760378,870.4415816
690.0939222,953.9773746
877.8714628,511.0132197
537.9683834,483.8009484
533.2062022,484.8168908
506.7725072,454.0437648
204.6821244,673.001479
259.2460025,669.2592866
267.0040967,718.0092694
487.1403595,490.9988368
779.3180506,538.0722556
464.5085686,236.5127033
343.1940072,552.2965566
784.9165587,280.4761148
343.8669397,512.6988308
645.2127224,764.7485537
692.4605864,466.4840029
440.2598221,272.2368562
314.5075312,444.3801309
501.9581783,672.3584082
716.3162097,192.5711051
619.9567493,561.2771915
781.9814223,298.3795923
661.940534,399.8745032
871.7563307,725.2220551
438.2898016,363.4063205
603.45597,669.3823723
310.4634044,713.8835077
548.3519782,474.6441156
374.3929694,256.3412773
612.4933102,724.9017733
875.4889491,432.9859014
728.5983671,970.3623292
463.1378955,382.9332499
512.8309375,547.4400953
386.7505545,438.23477
685.1422203,560.2765225
703.5667297,543.1387418
321.0718893,723.098697
509.4128686,564.039379
418.8640578,577.3269044
775.1868111,537.555885
668.6938435,565.7195994
491.5813548,412.2389384
712.5346494,575.1299164
569.3309946,459.0515393
556.8655336,684.0550761
698.1760038,435.3633495
783.6316201,529.9069194
340.3394519,274.7944928
352.9726068,982.2158263
435.5567247,428.5839858
662.7382257,574.7374881
744.7021131,445.6318812
924.7617977,685.7236169
546.8161879,443.7753376
465.1628053,803.9075505
957.6989392,871.5979934
690.8506267,613.578188
450.336882,627.1240658
564.7098267,582.059089
278.4315159,673.4705459
501.9899823,592.8014514
646.1078635,526.1673387
558.6374344,194.0908817
541.0855052,539.4162105
570.4582166,575.8120378
709.7330658,404.6903468
630.9862814,731.416224
752.2288456,304.346478
606.723423,682.4448291
889.6966493,846.8856708
350.3220886,262.0523386
655.6186684,537.3576442
457.2450319,607.0439927
648.7994888,602.3006925
540.2454331,631.9719606
796.7398426,954.6131117
666.3777691,385.097163
597.4389164,608.7948135
524.9790926,568.0810638
482.0725873,661.1316638
558.5699464,308.9834703
517.1748878,611.6192854
438.0554437,532.6576152
675.2231018,429.2358947
430.3649423,643.5675441
340.1982739,318.3779497
810.5824484,247.9401331
510.0377281,227.409317
477.7904772,439.6969632
817.9812458,408.308973
385.1622719,336.1822442
558.9530176,422.0152947
616.0256967,531.1534672
579.6292444,238.4396801
614.882775,534.1567696
744.2769762,445.0343381
751.7524597,360.9591078
468.2563474,409.355316
824.7623595,510.6784794
507.7349865,540.8389352
412.9058933,450.5111586
468.9664621,407.7361682
500.5034335,545.9704221
594.9604663,728.4485038
561.6440587,471.9316973
808.8240002,442.0273375
543.2214368,563.9385453
569.8591238,380.7192753
904.0918628,732.4045238
589.7975218,564.3742446
627.3385136,462.3418814
596.833382,544.3692013
721.9026883,313.5930498
606.050071,645.1563331
831.3743711,673.3489437
285.5696193,670.6193089
464.7233018,258.854222
585.0790992,553.4963021
425.473283,553.9110659
483.5616078,692.2455894
455.4593487,383.8388311
879.7177578,594.5267607
323.9329761,379.4528365
829.9832194,684.7959092
457.6113247,758.6272626
495.4691881,722.1280943
700.865382,541.6967529
723.3862109,489.0178076
838.746413,731.6718393
772.4877553,545.5565568
700.3755883,543.2647108
424.2868874,935.8649377
444.7900123,584.1436054
720.9635489,509.9002881
689.0383379,302.505354
434.6445656,490.1568775
814.1823828,444.3168643
762.3151636,367.2063053
539.2988034,715.0589956
478.0787806,755.1444673
420.1029758,770.593085
333.1402123,401.3515519
874.2723224,728.3014111
177.995091,546.0987103
607.3907677,596.293628
648.986298,538.8435937
323.3624366,632.3256726
815.3974216,498.5969886
812.5211593,552.8496167
154.1613994,689.0123084
719.5808014,517.7368805
388.5210472,782.3625888
620.3818113,566.1353452
775.1181396,763.4321578
472.5196417,305.0439773
845.9447987,241.7647269
416.6447287,226.6661229
688.8367877,558.412478
661.3886305,296.1010348
749.9504177,526.8254322
590.5308115,835.3270695
674.939038,416.1180691
440.6836857,881.1138033
425.6103264,525.7589058
545.2277406,474.1847853
484.9884735,342.3406846
533.1056369,806.5595229
787.4699572,679.4093293
630.2932298,713.7086889
396.5745906,436.2194749
821.5488369,334.1809479
707.6612216,339.1913551
519.136609,430.9863185
730.6895514,731.6527215
399.2231914,412.3751663
552.2010714,404.1926972
535.0446773,346.8035475
392.4409392,302.7442542
388.6157851,743.8387023
442.3764885,221.5471304
758.2915903,312.4552336
611.8661137,555.9184631
781.4703861,479.3890037
623.1076525,679.7670737
667.2450461,559.7033834
529.4626929,326.5776144
776.7789587,500.7865175
522.1120584,546.2229034
425.4963832,576.4687105
484.2521726,321.5599154
533.1723758,456.1869302
515.7719762,402.674007
800.4561919,503.7619475
856.2641563,723.8984299
431.694808,454.9152889
660.4856545,134.55888
813.1571494,261.3004109
561.2215433,523.4059452
500.4492484,712.4776026
781.781475,280.1432131
600.7106689,314.7033906
637.6939896,530.4013305
698.2783219,517.4083039
494.4050198,351.7632035
736.9169188,965.5327374
522.9445053,485.9274197
504.4336472,496.5533615
266.4242242,766.4884261
522.7046495,604.9198824
838.4135121,403.1876405
324.0077747,682.9865648
793.3484843,645.2611575
484.1920401,679.8564994
583.1060825,351.7970515
348.6353828,659.1502167
608.6811893,490.602982
476.3774088,525.2147464
433.3731395,933.9663347
772.2712994,666.2256463
422.7200571,810.4978458
800.2578027,283.9109796
704.3301157,335.2469311
832.7524896,384.0013643
650.8797971,507.0698196
759.4907045,349.7750913
573.836257,535.2726055
584.119586,235.0357382
911.617247,861.2544319
674.4405106,743.498843
709.3190146,564.3954519
508.5721823,222.2344126
548.4996428,474.362571
531.6557609,175.7221608
670.6543962,437.9422352
577.0632622,711.3225489
460.5386262,624.4235779
353.4374426,394.8298302
675.7522646,525.7760178
401.068228,350.5057909
578.0164534,732.0320283
487.099672,415.8143562
415.607331,255.8417054
729.609249,530.9545368
534.4130016,332.3026956
600.6224926,625.8629759
611.1530479,533.694138
694.4013346,499.564708
598.7903094,660.5973873
604.6696605,491.3952558
652.9153881,578.6297611
589.3317871,371.4098756
425.1881106,383.2975968
572.0227997,179.8705296
545.6384511,512.9497659
573.2780766,802.5472775
840.9022839,600.278398
381.0045016,307.0632213
732.9124009,527.6387252
668.3783951,531.9075261
746.1701457,620.2289293
219.5959244,504.8264264
306.9723346,730.6840827
602.8777604,574.2173149
952.9580007,898.6733682
617.8040393,477.4439747
279.7156456,718.2670995
805.0907976,344.7249232
947.0942295,590.0035772
356.9702186,305.5230732
542.3130079,564.895964
521.9600643,486.9755386
719.1038612,804.0924819
563.8943229,403.0835473
469.7854114,798.2757604
188.633672,728.8993721
547.4069664,658.1257079
792.2997162,798.4888985
462.6411658,635.8404146
850.3007635,934.7867734
554.0270376,670.0612133
684.6800061,432.5371434
797.4109924,669.5279397
761.8597207,278.067305
461.0553401,606.0782582
854.331947,404.7833244
506.9708815,436.1501491
636.7738308,596.6331321
759.7506195,224.7198819
609.9552819,777.644215
705.2347545,479.924722
560.8976608,409.2124647
509.0142025,417.9246974
569.0268717,521.9482024
590.8614503,791.665198
708.4955261,302.3517215
952.2550169,636.5187124
474.6393043,717.8102346
778.1700355,444.3670722
572.3182039,503.9739574
453.0793967,432.4976122
902.1500359,583.818142
438.3700831,301.6065425
575.61042,376.1383203
759.3642226,474.0121186
435.4433509,535.5501175
688.2605256,372.4870997
423.1249852,423.6711947
695.4255044,544.5918461
770.0029385,423.1958179
818.7667133,392.8443506
684.7829984,546.7162907
651.39344,310.7801948
802.8630194,574.0223336
202.6832661,525.1775345
389.1524533,664.5855629
439.7580888,814.0461225
537.8961915,363.1368943
769.0113966,350.7891951
712.3469863,636.3813771
598.6991069,417.3994678
637.266995,573.4812038
827.7466775,498.5994959
537.5384676,754.9226582
543.1294254,618.1720345
481.8684904,358.4813274
470.1525131,236.6265957
924.975692,452.0779672
613.4833839,501.5047435
640.328134,560.9725384
444.9906187,780.8909725
323.3020045,307.9379631
489.6165775,314.0275374
833.1183629,745.7468329
710.8064022,163.519632
383.1377667,785.0094005
783.0039742,531.3465472
498.2811832,458.2259816
579.7216753,370.8516129
530.0501906,570.2188804
401.4316894,434.1233206
646.9720395,725.2567389
655.8227802,570.9077714
458.5470335,529.0434812
685.6132731,617.3568402
431.3887975,448.8934107
814.5586228,603.3580256
523.1592385,745.52283
573.8577543,409.5896614
505.9269972,213.1947734
723.0839605,377.5369962
766.1632381,290.5525693
568.0994772,488.0105989
380.4930609,344.7708061
979.5268065,607.2002996
576.428096,989.010944
696.9150642,732.4936988
497.5150708,438.6532946
404.9437172,855.0100133
832.2683736,747.2975324
448.3008716,440.3966354
531.6557609,175.7221608
665.7755304,577.9405984
743.0342831,312.2229358
302.8267736,663.7794365
630.7728065,478.6080544
213.8069967,692.4827554
216.7868954,701.8885175
560.5698534,243.3162413
536.5333083,733.5085547
428.1575378,517.3395004
472.1500382,601.2214417
858.1340758,588.5927202
509.6488894,184.932252
505.7667637,541.4218735
550.2926815,466.9581888
445.9116315,575.0419533
721.9213093,457.1794924
872.878594,697.5003709
815.0768498,579.6398114
594.8427031,390.5476572
889.0022045,846.1918488
757.4928649,701.6361407
486.2660865,403.3776491
546.5268209,555.972411
826.2191865,743.2505406
689.8410182,553.8975476
571.3868545,376.7000096
699.5168353,440.0756015
574.404909,466.4210706
425.8781062,650.26047
470.8703728,390.47152
895.177574,901.4688186
627.5264613,727.7047873
537.8969405,558.8266149
202.5071381,529.4539617
668.069733,562.7693674
338.6825128,969.2783564
536.2094708,320.4710117
680.0745229,526.0582937
812.5172343,527.7163458
189.714304,658.0868453
282.0345213,393.1716318
268.1352885,713.3062525
310.4485286,652.6981342
374.5775914,579.6597232
561.9694842,188.4340816
482.8840013,375.649655
433.4905282,421.3809575
782.3246898,147.2433463
786.4258331,435.270936
814.8363349,237.6733147
772.5116346,358.8609686
546.9607815,356.9897993
401.3391687,492.3168416
784.669617,570.7520914
681.4792921,548.9907739
656.3909528,494.9675603
593.9832311,191.3426722
640.8297474,562.1570314
649.2760095,861.7679608
435.2809153,577.0228362
731.0965767,351.2492149
708.6260529,266.7019299
924.5103169,663.3902051
613.7307301,560.632888
354.0233823,991.8824898
598.922484,579.2074759
707.8065043,260.2366007
685.2965214,404.9603789
397.7509941,305.3944924
644.5646428,760.6911359
720.8817693,396.3461593
726.7076993,743.1921423
422.5540711,866.6210164
695.50643,479.0821358
680.4784922,411.6033267
150.1832475,721.1651178
618.6132511,708.0881815
425.9337295,514.8261169
661.3293968,586.1493311
783.1046743,526.7439044
832.4832866,466.1780125
795.7958195,478.2508114
830.9204412,443.1635866
516.1179552,201.4064442
706.9859521,527.4498239
462.0231825,449.768633
722.5876953,449.7069335
464.8849734,406.1808721
588.4781425,388.2532412
748.6474723,561.1788442
854.8049773,414.0433728
665.207238,671.3727828
698.5928414,395.6746102
749.1957804,557.0078056
602.0285201,392.2707936
499.3574857,193.0785539
858.326353,532.5893968
962.0334967,919.054856
471.1523992,806.1541405
587.9606946,511.3390175
434.5694524,719.6427294
527.7382808,772.4189983
642.3207753,288.4018403
446.7135627,764.811674
526.2586531,701.0378872
603.0588769,468.9026955
899.9341524,513.6734034
497.433411,307.9926214
482.8523171,322.0527385
750.8527345,273.3983451
498.6663816,222.8389134
175.2617894,534.6464587
703.914057,728.4028507
729.7180986,530.2941659
620.3984399,801.445336
423.4808215,433.5712007
609.8370543,563.4130023
834.6335697,104.8941935
796.0389261,538.8426117
550.6434543,890.6317654
382.294264,855.1659023
904.1353967,604.7746075
388.4221148,838.0037384
428.2793158,576.4158491
549.0507824,397.5896148
534.1851603,461.5835601
568.3476173,477.1542188
905.2800411,943.9742783
494.9654624,351.4248277
845.4731317,272.8763541
559.2215165,488.8751653
523.7310364,556.7877307
400.7556259,438.4189284
640.5335792,559.2079067
193.3281405,772.8344306
956.3275021,960.8136532
639.8610661,563.2150122
433.413123,410.5546855
404.6726117,396.6903645
745.6496117,445.7988439
772.0507986,346.9989259
627.7264685,476.3043198
712.2355749,187.4218374
507.4769292,788.3532935
725.2541081,450.0339013
624.2764608,716.961631
749.9158872,305.0989281
402.6244519,375.0003787
724.5850405,170.1045367
439.2081478,440.5372928
777.7903649,652.6786402
910.5022343,587.8480009
344.9690241,681.4872432
618.9552902,561.3761239
226.0584737,543.4889644
488.9792091,462.2077429
482.7835558,435.1208555
574.9306263,507.2930703
871.4396989,430.4796845
673.406873,560.7246747
599.3219441,582.9106595
662.8879877,502.7807725
595.3088722,296.7851411
519.6998829,379.465937
542.1987801,974.7340741
790.0445383,644.9809919
470.251146,280.2476406
808.5744968,319.9780005
552.7744423,702.9349231
531.242938,481.8419414
615.3983504,661.4026152
346.571733,290.905341
536.4548545,368.2857859
735.8706226,883.1867445
722.7854404,506.3810957
562.0881912,505.7746518
728.5459496,468.0817136
889.3340267,500.6033203
782.1231097,567.735981
836.7975003,383.7238522
234.2754863,327.2367317
477.6275473,303.7568327
828.8314741,314.4743314
456.4120756,325.9512169
297.0738296,677.0951268
717.5151591,953.4305199
438.838709,538.0279188
853.8084768,469.4772763
478.362425,520.8581287
500.9907703,266.2304185
623.7023259,628.5864889
397.9175494,925.2423597
376.5106695,442.832461
941.0396643,526.5369926
373.1463214,587.5200719
762.1892209,351.4996276
584.8463742,505.2353607
760.6890997,368.2464428
551.2193419,612.3930891
755.7470004,270.7228044
705.9731377,328.9623754
581.0439458,463.7886758
582.6075252,456.2242048
587.3449883,604.6691563
634.8662947,596.1587373
658.0342745,690.211657
526.3361632,549.4670701
751.8139704,424.7252266
527.1220501,738.8102429
773.031045,302.1903793
255.6762392,785.3122568
664.152942,69.87817487
605.4572852,282.4280597
721.5743266,207.4698803
488.0749598,407.9572669
483.1104943,312.3002222
972.4278626,566.6573989
728.7048498,306.0892755
669.0614696,411.3326469
889.6057914,512.1743326
796.4637785,543.0708577
513.6295879,787.2927427
981.5656033,597.126018
564.0491483,574.9507098
769.3544544,304.9886504
452.3773866,541.0925865
287.2021998,637.2870418
608.9619274,917.0045428
767.5944182,481.1806929
633.2735479,625.8624745
731.3736146,408.0040482
447.0258202,516.0894425
549.8706006,450.9692144
567.1148115,646.9392468
572.9757063,393.8928665
838.9595732,395.058973
415.2219078,455.2620641
428.1439054,499.9989866
767.6335328,663.2293015
863.9514068,669.4475402
561.3075175,416.7419594
439.0289488,355.7043471
371.0122923,256.449382
337.6692191,475.7486479
476.3833262,323.8220295
767.8911857,308.416662
504.889135,619.0075586
821.4546983,496.2020733
157.6614725,538.1185354
489.8959674,564.6089661
563.6792452,402.0867646
545.6882319,549.7534829
446.0597156,315.6682058
708.1252335,571.5107051
645.3927004,581.0933336
482.9807616,607.76038
523.7874237,412.3873056
177.68941,703.6034009
857.5858575,258.2549029
490.4294596,394.4344141
451.699825,414.3047131
834.6836202,396.4600099
580.0966269,696.2431255
851.4094843,522.617892
349.7241943,491.816225
588.3194072,349.3415858
368.2285957,526.0735044
717.1537051,510.8080839
917.8572731,894.1331353
590.5887418,531.0355632
460.8445169,327.8133183
793.2169089,652.0588243
489.7244535,513.6192883
522.3028974,544.5874793
704.6630615,538.1390741
818.6765745,643.1072526
500.613212,806.4332405
470.0697448,447.7381481
836.5990511,166.1826572
915.3477681,468.4787593
629.9461572,867.6354127
413.3572765,504.2785897
199.9137262,657.8623409
816.2608485,437.4571846
528.5438823,515.3288647
538.8223426,736.5078455
663.7324641,579.9726713
497.8367811,382.8214052
632.1065073,756.7166457
666.878184,469.4522037
714.1628705,608.6417242
478.3902591,739.5179384
523.4442012,490.4413472
620.2096233,548.6108193
502.9702736,551.0755202
460.475138,782.9769097
984.893024,907.2551814
768.7674062,122.7040666
427.3294803,865.0445339
674.2921868,360.8994768
731.1858166,470.5111665
450.8479182,408.2702149
351.8118132,586.9920635
543.9804933,693.5019364
793.2592593,156.469672
774.9352553,456.8256969
220.5602613,519.9038858
738.6918308,715.9545894
608.2833172,565.3423401
493.0138831,211.9350207
703.1291588,749.5117787
204.379904,648.1853349
505.667277,769.3806151
558.1910099,450.6244868
898.7080879,538.959262
381.1733939,662.5917676
805.9404723,211.6104766
488.5823707,446.2102438
923.6378865,495.0200039
431.4717006,636.2202647
457.0884687,481.5566986
710.4565432,578.1124921
414.8962276,461.7792728
650.1443652,269.2469467
636.6065564,630.7914374
804.6783642,629.2206171
412.0750194,368.4872652
411.3618487,358.5342306
591.8084845,516.1315436
389.279894,611.1778403
455.3886099,403.1823334
902.7040817,433.3863111
452.3618816,494.0716531
559.8017486,247.785059
644.0004851,608.4025524
755.1978533,531.679428
644.8782935,533.4376661
568.751976,462.8251978
681.6715093,204.755895
873.4971017,681.048556
460.2854226,412.3605824
731.4906287,447.791908
420.6658152,694.9068386
657.5796855,582.2824233
459.5187559,405.551821
807.6070739,165.6940128
856.3508196,518.9185111
641.9142144,509.9472366
624.2493907,477.7670144
742.9784051,448.9238321
652.3504663,631.1037586
587.9731136,870.102767
606.3894136,566.7703092
491.0846401,201.4373253
737.0201358,358.3850277
554.2017574,420.3950186
514.1780459,501.6794161
530.2844885,568.7386349
663.0162523,395.5301919
679.4231476,375.1857698
689.4569733,479.1985354
706.9746866,266.9543276
478.688225,410.0982803
384.0962162,585.4927002
755.9703625,362.9146256
800.8096014,686.1502693
290.2002851,646.7567182
648.1696257,245.4834137
562.5818049,557.6182193
438.9540004,384.7803078
558.5987843,447.3934414
455.449821,475.4373296
708.4620743,230.1224666
472.9920578,366.0107385
767.2064783,293.389118
820.6684069,367.4448503
620.4712161,460.0528351
660.8673324,544.6269478
830.2934545,759.9061122
698.4246832,489.639901
453.5799464,691.4403196
615.4431426,373.6355717
565.1569853,396.4101989
722.3204248,388.514477
496.046364,579.2874158
531.4426755,600.5258229
444.2285361,212.3454594
866.256036,718.2958703
745.6638883,525.9819685
568.2574036,309.8428551
973.8558667,901.77974
357.9781493,275.2927693
644.7900872,894.7407075
497.404723,259.1970691
853.3584719,634.8667404
563.8810051,469.6792989
715.9160156,511.4034332
324.406261,665.4668863
609.7875581,484.0948413
531.6410798,484.0657361
432.0111402,497.0936137
198.8899909,734.4655556
481.559289,594.4981362
576.2397438,420.0604455
799.4985065,581.5593291
788.9831266,873.2917739
529.0577049,395.5488292
593.4781721,350.5928556
354.4004912,287.6344929
931.0573572,870.6371689
532.5802641,507.0606263
435.5393921,535.7491941
588.823762,546.6020222
508.1770217,497.4920385
592.1880502,360.0506851
729.2754343,455.6885493
636.1025161,894.0014623
941.8409963,601.609733
830.0282064,408.4459949
627.5072561,483.2698268
228.7653343,376.7926738
760.5041032,505.3687679
745.6847115,613.8975714
600.2128306,791.3105041
665.1357651,359.9943553
638.6105831,470.2559691
633.3509232,644.6305812
942.7708776,523.9985574
823.5692075,593.3489537
680.167538,555.7149779
710.2309341,578.8668017
637.730902,455.5687649
299.8380363,721.7974492
526.3841164,566.1759002
595.1868245,329.0768737
408.4738416,229.4787898
623.2972781,975.5781019
476.7742922,917.2755569
595.2362309,351.0259015
800.6305072,320.8604103
751.2529286,324.5069089
826.0433731,175.3154412
437.7775819,437.4333865
744.1402324,551.099966
662.13368,495.5223546
777.4202969,303.8345578
491.155319,573.0417644
554.9024791,560.3596592
505.2318333,551.7524181
578.4303998,388.871511
759.121041,301.3620636
694.4746501,191.2270457
801.9639383,333.4659396
442.0005182,354.2686891
647.1943829,542.1259543
539.7722681,554.774128
454.2511562,515.2432835
721.9322452,214.8165329
851.861257,524.8607629
482.5470107,684.12202
261.975424,640.0437551
853.1299265,458.457569
580.946841,523.0018791
273.0457336,706.2060429
757.0853902,462.5978101
761.8646044,531.6399804
418.0886873,222.421726
941.0602777,866.8771123
500.5868161,553.4794826
615.2933807,705.1669501
811.0984433,542.3838889
699.6253255,239.2375743
835.3772111,610.0603538
547.2296849,610.7031738
751.9736945,148.5452001
588.568521,266.3973603
199.7739564,704.8239776
374.3940929,587.7023916
414.1311938,361.4713413
754.8843075,346.9046111
412.3497802,314.9094666
485.0627627,613.3242442
585.9808318,295.0702369
439.468587,369.9777696
758.0713741,536.2595681
593.1526567,833.3481506
662.9018598,160.6356334
681.893583,566.980961
726.6242119,497.4204979
186.9357907,675.9835742
748.2415405,421.9885505
617.2491096,520.6912286
736.2994897,263.6353818
557.6778314,444.3336212
580.5866153,854.4288718
462.3810861,921.2983955
431.0619638,837.1718499
722.4189378,126.07111
795.2886633,819.4909962
427.607357,512.0007256
788.2524135,185.3347511
915.7427339,514.5115392
697.8811838,538.3417235
547.3885251,850.3805428
323.4291456,667.4736985
281.3928984,633.031613
578.4612151,594.7925514
625.2952226,823.3285064
641.8793993,473.4720126
487.7777878,834.6647136
788.4857377,326.4251938
794.7007012,445.34317
958.6508422,462.1554665
507.4572745,202.7229864
407.8656556,230.9455797
505.8974552,665.4183081
562.3206465,720.0735397
822.889294,312.5082831
268.2293073,290.7748799
831.8612584,538.7779452
689.6193639,954.1389676
853.8133456,730.115791
523.9737386,901.9125203
613.8032216,654.2289637
479.031867,757.7798917
525.5150567,335.9287391
738.6939581,318.6890382
591.333312,557.5819058
498.3468286,574.234239
580.7498299,236.0857585
744.9805292,515.3039383
520.9108319,390.2236354
524.1294179,350.3513436
619.3326088,232.1621239
527.9215695,558.1109798
300.3266314,331.3087126
641.4891973,316.0039908
177.1745238,478.6340046
640.2456953,573.4094961
637.8407404,475.035917
580.6914202,524.3106488
322.4465772,309.9217085
775.7713426,288.9483816
548.8584303,451.4888025
558.3449065,550.4905133
285.1732303,675.2795142
646.0498733,502.4955088
649.8507736,520.237853
564.8722773,469.9117638
430.7488824,876.1843181
631.4972277,722.0941627
532.1450601,606.7561173
706.4477259,326.8031217
591.1526449,513.195185
214.9863065,515.5743465
598.3379375,174.0301144
771.8906401,466.5076756
621.3258344,654.3296302
212.1099094,654.159805
497.5260965,654.6501627
778.8612744,476.8193949
619.2925055,631.096007
454.2094799,258.3777796
762.0713379,365.4783215
924.6810518,514.0657272
499.451909,479.2040932
737.9664359,521.892186
829.165873,390.4630789
291.4200727,681.0110516
270.5411272,628.0793743
912.1475035,950.1225852
599.24749,551.5783933
275.6292882,534.4808331
952.674581,918.0430715
839.5464117,170.4416589
623.275616,564.6308002
56.53018335,632.2468192
668.3990984,532.928295
654.5016782,536.2561206
709.8795171,223.2482656
829.6602507,197.6840801
298.3560567,703.7861593
377.3466818,242.1003865
455.7817781,619.1374556
279.7717482,701.3320935
765.293684,289.834009
611.7857573,848.9666144
465.0997665,962.7986731
589.8180303,868.5289589
621.6567428,593.3967797
504.4876526,438.5609438
464.7610831,481.0557686
144.0388881,699.2795655
450.7621088,312.9272047
309.4108912,570.1113189
267.5873698,708.2000053
618.6366659,541.9679969
649.7334598,569.1040265
495.1975582,317.1148122
766.1445572,289.2929211
805.993459,169.2131634
800.9263159,387.8380178
760.5623631,529.8926071
741.0428552,444.0826861
649.9642523,517.6986239
713.4629727,506.0313745
735.2756196,535.4187579
536.0004452,472.605106
479.315047,523.3305393
641.9539882,542.9608724
804.9783975,553.7228959
803.2205335,313.0793537
524.2516753,595.0888679
277.274018,835.7482267
607.1667315,560.7705367
429.8650667,261.9657963
610.8226338,500.1876999
525.1575725,476.8391187
680.5946974,394.3706879
656.5398759,500.2124591
739.5804254,574.2507033
633.603168,566.4086785
745.2996029,851.5582871
638.1090895,572.20553
691.3531839,417.1700743
817.1775169,308.2434311
599.4906116,383.2391985
287.5254082,626.8724621
793.1526268,301.8788938
314.0349204,716.5821988
492.1225471,575.8614308
628.899022,389.2705208
608.7097874,640.7345474
684.0637605,394.3208979
758.794462,349.4733424
552.2883639,401.9645983
465.2404651,945.454085
793.4048566,543.9291978
452.2488373,263.320219
209.0958697,677.0138498
269.9283571,720.6624118
507.6940443,464.3319785
481.0950824,329.1569598
378.3924687,571.3643646
669.3092052,527.0473875
517.0837303,422.9558939
856.5442652,466.1674193
672.4389258,498.109368
856.4973007,341.7706169
445.5426721,601.6891087
488.6520159,603.8207825
626.5102763,738.6914405
452.6223658,582.0461766
576.8594199,549.6105272
400.0250178,605.5959655
679.3839132,415.7476421
849.3656989,243.9817103
473.9927228,739.1232537
691.7566887,544.7488634
818.3120045,359.5368219
704.3602268,883.8928939
540.3885287,706.9448284
804.9168418,616.2950776
781.8167995,642.8352357
461.5840535,750.2827199
593.861483,391.1341892
499.6377295,571.2244385
178.17429,479.2099435
640.7244481,491.8356145
265.6909944,427.5433468
587.4007464,514.1496577
339.4036982,475.359709
635.4151572,948.65824
599.871226,736.0292511
358.9151015,298.5080059
583.7270471,409.4613105
956.190264,901.775791
816.5247484,425.5533124
545.3416537,332.645292
766.598562,464.8848715
536.8822985,331.4357263
728.6753229,340.5992033
647.9477767,574.0783082
693.1227927,394.6080629
943.0679447,599.9440964
273.7518184,543.7706135
679.8718642,550.1625844
658.3434759,390.5491406
909.2629269,459.9298957
691.0010179,717.457839
716.9553008,396.8922618
440.6419794,424.7499649
558.381774,718.8738986
496.0018115,651.1386175
747.6404704,873.7629929
442.1646166,733.975762
513.5653507,377.9088648
762.1304517,69.44253817
534.1818346,462.2870141
636.0742476,786.9450273
451.7455611,291.8091044
380.5169851,579.6231172
961.2521339,470.1109658
829.5683891,184.204185
432.6057388,275.6495317
426.7368442,583.6372013
675.9835665,422.273083
600.4261706,837.591461
383.0226701,330.1140652
660.2843589,867.190123
444.189077,543.6000779
594.0429441,580.7893908
403.7616809,448.7139325
635.0309025,537.6093733
775.7669682,765.5243423
443.1402789,324.2954423
520.9731965,550.444714
493.3414059,382.5807499
727.8895857,523.2079134
401.8306402,835.9405337
813.3102221,556.0365342
598.9181096,214.4003902
498.0740901,318.2806888
537.2993009,538.7410049
628.4719825,559.2928611
592.5552419,354.9630335
692.0651112,240.1422152
666.0233859,305.3166211
612.5286796,286.7591661
465.6162258,644.6360763
580.2211165,605.6401769
578.0881211,462.1750858
537.5600548,816.5969059
703.8923949,235.7843856
564.5047411,188.575909
704.5021089,535.1227966
444.7575791,443.608542
453.4458992,797.6333164
451.8624704,329.980637
523.2813461,600.9476488
835.5925136,664.5874852
431.2335676,380.5676068
728.6817046,404.9211402
539.4866762,407.0865576
596.0101332,549.8738106
479.883609,375.8236589
593.2853407,419.3615881
590.3135915,761.1846276
467.0455483,331.6957085
718.8435567,475.7066722
434.7765005,673.5370092
419.9131554,415.6738659
467.4846023,434.7602695
514.0853604,727.6071295
720.0623107,523.7010081
592.0696578,539.5058033
578.8102951,529.4587673
530.3716612,818.2565878
449.2823913,290.9537103
597.6703231,688.9844778
524.0292869,566.8441689
820.190448,492.8140524
444.2979416,266.5838588
451.2867475,903.8754555
516.5656082,609.5670709
577.9778332,521.3429913
799.4721105,625.1892747
712.6927556,517.9095472
530.7807238,540.2576683
461.6412798,541.3050351
228.9855205,783.1765295
412.6137399,648.0807821
477.1133951,852.183431
527.0750857,484.9574019
685.2025026,546.0123352
530.2382282,572.6361522
334.6718679,336.2762456
537.7449165,535.7322701
393.8055451,270.5143674
535.2513509,462.3099556
477.9437147,303.9920348
656.923007,512.9281199
645.7054972,947.3687554
576.8023735,545.6642646
914.5514845,640.3475725
488.8291775,594.1109941
662.7192752,465.923233
502.5651658,384.8734526
559.4366991,209.6315995
509.171305,791.2641197
743.5126015,421.2329246
673.1302546,412.8419766
447.9901271,340.8851774
744.0638908,316.8419594
646.2335365,519.9849957
415.7293936,669.8985756
702.106562,488.3982842
791.7737892,366.4785308
480.8835401,314.626564
499.3818893,557.7046363
615.1308103,283.0907499
636.0051716,534.5427625
488.8632286,383.1909755
801.0609773,153.9724395
555.8026986,478.9946742
981.9266379,498.2766233
641.2267656,627.3156206
333.4991346,368.7050627
418.4509503,526.0953594
649.6734322,626.5062139
450.1741767,216.0296505
392.524097,368.0613651
619.6006733,533.922257
739.7479993,656.3241986
948.4157959,447.8574102
871.1104683,591.6720345
596.2558165,767.5107829
505.5122118,416.5091601
585.7978576,328.5310637
465.0069312,411.0958988
434.406867,761.4104483
613.7548789,246.2745801
472.8066717,275.6159553
306.532951,312.9967603
252.3412232,410.9559936
244.0843769,371.0346012
796.8929302,253.8928945
435.4713348,561.4147984
838.9389897,380.2535514
693.8080694,715.4060423
301.7655865,663.1563193
604.9578889,611.7598384
473.1662982,531.8713379
317.2587197,592.6991133
388.5585888,372.9767679
703.0356044,191.3054394
582.4138399,605.1212573
648.9165179,576.9982859
472.9160008,810.7909029
645.9668802,315.9421868
510.97495,374.3668982
416.3025398,849.3886074
883.0446243,444.4881521
449.5725373,423.3454596
596.7026755,227.9921717
499.6113335,585.1362303
560.4046763,419.8313862
776.300026,503.2258532
896.7551004,567.5701674
630.4625864,456.1569267
476.7546076,318.9767464
627.0413866,553.2361946
261.8047341,711.2284848
443.7159269,625.64054
562.3797303,594.3285408
826.3139094,563.4586972
409.1230597,466.220824
641.7098928,546.8265475
755.1437431,275.6221399
480.8058202,739.5987767
427.0307653,354.7192232
476.6936961,611.9982789
637.8722299,547.6644325
478.2624139,425.9528446
648.7792349,306.8439404
810.6971855,453.8211409
544.9320367,540.9700023
603.4070281,496.5032998
516.7862588,416.1045926
389.4829722,482.1301929
608.0380533,560.8365612
705.7460904,505.7586053
678.5692933,413.1398184
930.478039,587.4913011
520.4100424,473.6593468
590.3746228,689.9189133
483.5168905,611.9039223
599.3668412,545.5770955
791.5475508,566.3375976
773.9497058,424.4402972
374.2315525,949.3383556
898.761509,580.0471787
590.2536238,565.0060746
796.280265,364.3174385
752.8509337,434.1400357
659.9331067,496.6503507
481.4254215,702.8038142
823.3326774,643.6362848
595.9138673,563.3873656
702.0904428,405.5131047
487.4972894,679.1892544
643.8695988,547.9670172
550.77867,760.628329
491.3383231,440.0655306
692.1823051,427.0826584
510.5465922,298.3342109
574.1967673,991.1274698
577.4336897,458.2888512
476.6756443,303.0436631
317.1983326,845.4656414
867.1774832,791.5090792
830.8055094,378.5598544
464.7678843,411.5443016
547.1491787,549.9006174
489.9727883,570.061487
649.1762531,869.4583381
407.9044556,592.6702798
522.8044658,356.0427439
406.1463968,752.0648605
437.6398344,545.7731842
659.3972625,853.4685488
787.832385,634.9963867
960.4895869,564.2911916
457.9224736,873.5737573
584.7373597,590.1073361
715.8859194,408.3184379
545.7015797,454.1090163
854.2555306,528.630368
568.4305204,518.6697072
548.3710786,552.2484171
698.8634226,541.3841392
797.9035725,62.55972898
795.3644056,447.5065189
624.7625992,454.7474696
589.7868405,628.3453948
576.9107138,713.6222929
190.9979393,539.8618344
569.8647116,390.2342913
667.2495103,632.8682022
374.2737531,588.088301
590.9503906,640.6306214
693.6908605,139.8951685
633.8373311,734.5802837
459.1480138,422.7172235
959.9966323,540.9086579
871.3699038,809.3437533
691.851906,576.5810985
561.2214085,198.9496204
498.3437425,699.660335
498.0685623,933.486612
810.3063244,332.217595
779.6093051,628.3294319
726.5753748,437.9299706
338.5137704,269.9318052
903.4328173,536.8711519
582.8271571,410.8494141
797.4775816,556.9486342
832.9578449,466.6774172
640.7590086,901.8710043
796.6605798,358.7692237
518.6876527,700.8931764
332.9494782,316.6559415
569.0447886,567.6319923
546.2887628,533.0818856
482.7324716,229.7656415
569.2728995,983.602342
782.41372,689.0908692
912.1042093,731.2033157
851.7124837,460.3836056
597.6700235,580.2763424
638.1573573,624.6626662
548.1578734,463.5596374
519.3123924,481.9413543
721.4299876,317.5196931
509.1953939,506.3795078
800.9132677,370.6958911
623.4533169,460.9326541
794.8126369,596.0679118
809.3263926,468.0669416
702.9062611,812.0639859
524.0600573,546.166678
799.0356781,419.4677288
581.4044561,461.2520165
609.9602555,293.3070469
474.7342669,351.6022373
692.137393,490.7062812
503.257753,703.5961089
878.516741,727.1295379
667.5772578,580.4271751
514.3419796,349.0705299
544.8335986,504.5092578
307.3332344,685.8651309
693.8976988,191.2028506
705.3898646,541.441848
660.199793,898.0203937
916.7055128,629.7516551
540.7640496,366.4526433
624.9114473,269.7797398
476.0072659,354.8634743
637.2396403,565.9688003
642.6620804,440.1698327
900.4816217,970.9311642
538.7956021,757.0445955
482.3982375,422.6321228
458.9017462,497.7770305
620.8074426,466.767616
172.7964924,478.4017068
858.5420449,732.1696561
412.1483499,349.2192732
262.5698278,413.835688
515.1904259,533.5443083
509.1740015,346.570226
830.8574025,538.2543036
511.8892663,443.2111201
374.1592706,442.0418378
467.7179864,762.1717365
461.671376,739.4918002
355.0991306,587.6440769
513.2832794,437.632275
569.9549104,407.7491433
437.2374082,641.7238711
562.5556636,481.0070232
570.5479209,593.2606145
955.4378739,870.6154811
381.1460991,333.2763697
762.0365078,297.758272
486.8749317,198.8553055
621.8429977,463.207409
564.6562557,567.699375
680.0174615,621.2555275
816.1041356,622.2301001
630.8442794,633.5233078
147.3230445,693.2234632
813.3453219,376.0731942
363.7196181,374.7708598
505.9568836,540.3880042
616.5359989,773.780316
765.5596362,260.5451819
248.0295413,680.6026813
702.073155,441.719404
654.7954346,471.2652045
459.4558519,401.7255935
381.8717037,795.4100439
342.7464891,273.2892792
642.489413,558.8601078
448.9432884,643.9422961
250.3473385,740.9226526
435.3003003,574.3163309
679.366955,407.2299312
502.7105384,723.2919651
902.0788927,605.1639226
873.6646757,511.6867956
518.4202624,577.3119235
456.3025518,971.7618826
562.8634868,411.6402253
458.12696,423.1237132
351.1896502,678.8754288
692.4219961,610.6490379
866.5734618,620.8165478
404.1104613,598.0964953
646.16097,600.8247721
592.9760194,378.7364701
214.4655628,517.2347178
873.8952135,695.0870689
915.3063015,589.9861727
382.5078587,751.7136976
714.832747,435.4942495
595.7400913,753.6104828
625.3753093,446.469432
452.4192127,384.0021165
644.0770064,547.6598777
588.2431854,460.7642288
505.2464245,226.2052464
623.4159101,535.2478672
455.5038114,618.4661572
711.6407068,579.5524542
576.8592851,858.7639062
907.3145385,441.8249597
646.0233125,496.1470806
761.6865589,930.5668014
586.6570451,357.4329369
832.478313,377.4125106
659.0301158,635.8417727
660.9350601,853.1143981
395.8518173,652.3931885
450.9967214,810.1558762
879.4599252,858.6932224
166.65047,706.7742928
814.818373,381.7797216
710.9368691,422.0933123
779.5647675,315.0298988
264.5395786,721.2047534
980.8232053,932.3914192
214.5600011,575.9432511
161.0313485,697.2707058
181.3027072,545.7856787
477.6956645,253.3205494
551.2814968,399.8612356
628.71052,534.7060688
660.1690676,867.7127617
490.341493,200.8648339
592.8357852,332.8156395
470.0865532,372.9538891
656.8590394,546.0218419
818.2607256,600.9429686
799.0034846,255.6446973
271.8551733,370.8745753
524.1476044,558.344176
446.1808944,568.2994463
393.6024369,329.0574633
585.191679,376.198014
454.6316058,416.1018346
797.654893,811.7368718
749.1133417,546.2036392
540.2369091,477.8191028
439.5555799,538.499284
627.4870921,641.7747476
561.6980341,471.2386485
509.5926369,669.9877715
552.0265164,749.041103
656.3578755,875.2677259
781.5487201,461.1559884
560.8340528,482.8225105
562.4830971,523.0256772
766.7369685,493.4231499
546.2829952,395.6103198
577.5613851,387.3749683
418.8862292,383.5368523
814.0543579,751.5722045
410.7255739,650.8280931
534.6478388,484.0940682
799.956526,807.8608125
455.6485548,618.0028989
463.1834518,609.9507028
413.6115137,258.5417336
711.0861816,575.8490826
580.0906197,424.4040464
626.0551629,561.234777
746.048892,314.8745321
904.1624967,585.8467673
903.7501683,598.4539055
452.8347321,508.0758583
754.7299914,538.1257229
509.9124296,215.6263993
855.4252677,727.0749632
629.7579098,568.9104659
780.5273667,668.3261256
393.4679853,656.5397186
774.1250398,536.3096715
408.3325887,348.2784442
607.6409003,294.7207664
447.1789678,325.878381
419.6399077,326.4256117
885.3353513,836.0833849
401.9460664,440.2171155
736.7377198,552.9582647
577.073479,544.8457899
244.7730242,696.3762611
921.3367628,640.4312314
448.5816546,998.5717384
508.8009674,205.9591298
406.650542,293.7059105
683.0726531,354.0517901
751.9843158,499.101784
691.2622361,720.7179686
540.7984452,491.1818878
502.9175865,667.278529
229.3501055,722.4817226
598.4608241,951.1155444
641.853288,560.4207946
953.5304427,495.9287399
524.4643861,426.4117361
363.8154047,735.7768116
746.1579365,521.6732603
609.0747919,562.2190444
530.7517512,463.6194565
801.6488795,247.0057185
554.9730531,774.9830076
705.9983951,545.7238329
777.5734895,599.4509599
498.174311,562.2166416
698.1035272,391.9027903
736.2983362,488.7926347
735.3132661,476.2013758
489.3474045,427.7564014
398.6273195,591.1679077
958.4724072,564.556042
499.9903899,541.9844194
558.4572467,735.0179471
780.1998738,153.0036127
408.5289855,667.9160421
519.3143099,483.3733141
769.7948717,300.9069956
650.3772699,471.8373407
743.9686436,441.7795364
599.3187682,494.2163012
389.3694036,348.7298975
693.4200096,45.93391013
493.8248777,693.4437261
735.9425449,389.2151312
781.9378734,269.9488546
518.8147339,689.3542989
693.1606939,498.0476267
772.7100388,705.7386684
442.7119211,516.5492951
823.2083976,644.7165803
547.1943454,325.6429491
538.1883598,733.9812362
792.8457324,173.6988425
481.4904227,268.6434697
849.408289,526.8217549
596.4352852,298.566843
826.6897899,511.4234286
788.8461132,584.6524333
549.9000975,730.6335196
576.9274323,641.7062158
525.6422427,581.0623272
592.6269095,379.949337
403.9038626,493.1215681
862.5464729,737.0794385
693.8855645,86.95248014
578.2825854,429.3290812
654.2443999,277.9825804
782.112009,890.9266611
528.6461105,750.4349315
761.9205273,490.6863902
762.8552624,276.9965998
741.3966991,212.9888646
516.1407259,410.8608012
696.3119267,497.3109933
509.7832811,447.7835296
750.5185153,911.5430375
599.7206851,571.9853924
789.2808678,251.0913849
670.3206115,334.423818
813.8258275,547.633447
411.3410256,927.9047373
605.79095,492.6080809
700.7623598,388.6526689
488.6337994,491.6827969
484.9160718,515.2368273
874.7312708,435.0134403
779.8200834,414.8846636
609.9382189,619.8600484
729.5478132,449.0391662
523.8381334,296.9773227
584.5280495,694.6306846
414.7735957,810.2802364
297.2451487,301.658401
692.9854648,242.5784795
457.7068715,650.1672834
829.0899509,763.9019977
371.2613163,953.1426654
661.9725627,496.3633946
915.5263229,456.2282165
471.6225232,431.8955142
458.3993688,551.8952276
530.5289734,488.7177929
626.203292,736.9526755
576.3917378,303.6011527
522.9065892,442.1101816
153.1800594,433.5165006
785.6180594,112.76992
462.5752958,716.647492
369.7386941,573.8849774
712.8472664,486.2282493
779.0487877,412.0735636
603.7977244,343.1662422
521.6575892,485.8688751
805.2591206,281.0373862
645.3235346,389.4668603
654.6379576,533.5912358
576.3825247,525.2550925
616.4309992,590.2280816
648.5593484,489.0015313
657.6494356,908.3621374
696.0983171,142.8730849
485.404622,527.4488837
596.0200355,415.8456343
782.2629843,665.518306
716.1291458,415.5019514
696.3165408,968.1000061
726.8303462,305.7454255
439.8747884,855.4029638
622.3258553,864.4118055
551.6185623,745.9151537
777.4781524,151.949936
513.5590289,219.3961298
555.1758167,200.8640191
616.2422575,557.0489247
612.9929611,504.2133591
710.5110879,533.2716018
521.8514843,642.533821
710.8812308,531.4741877
509.4743643,416.4903139
594.3352173,561.4429006
485.7686378,525.81043
763.3935934,690.6940541
595.4606715,919.1035595
779.2022798,429.4792662
444.0151362,788.9684083
573.0900989,406.974295
434.062386,570.1763614
822.4130429,724.3195036
647.2471449,608.7434355
209.6137671,480.1228792
778.3969629,399.1100391
499.9808472,258.6186439
501.5579392,557.1303689
602.1749114,188.5785417
826.9643859,314.1989505
707.5280732,499.5208101
620.4016607,550.2990421
491.6324988,382.629725
469.2804873,676.6832882
761.9276581,350.031626
504.1172251,624.6891596
524.8598313,749.6325242
455.7762502,515.2060088
516.6256808,351.773149
976.6433984,646.940187
551.0762763,566.536904
533.6713826,481.340301
743.613092,316.7111848
862.4017295,720.2934265
687.6218389,556.8501824
295.4068234,379.6357622
919.681906,513.1072428
620.4892079,248.8179881
661.0640888,580.3019792
538.3804273,554.0107504
475.5970497,276.9499021
551.3727292,565.5824731
865.4718269,534.8167017
519.3304591,409.485422
704.3556427,270.653019
230.6625786,521.4949104
453.8324459,258.0447317
487.3404117,701.0424839
759.3222167,876.2935093
452.9288258,350.3258113
811.4026262,639.3802501
748.7567714,501.5601122
381.9504273,678.2595618
785.7018015,643.0199999
743.2781088,780.7655886
501.3220233,567.7667994
638.70607,774.7368571
663.9416394,695.765722
494.1060652,295.6195152
959.4689226,712.8978405
911.8312312,848.0861477
545.2778809,211.4014755
821.6243995,500.69097
451.632337,866.4858123
491.8173905,401.5279169
612.5020439,458.3439274
279.1185902,712.1765014
362.6496374,714.1541875
627.4346746,479.268112
688.028205,555.6188244
662.9155821,465.4067371
69.20354644,614.1120049
448.1890257,742.7664301
953.6097655,633.216231
677.4526927,632.7217363
726.5621918,202.3043364
728.0094612,795.8123967
417.9553292,712.7768234
303.6010355,651.8929062
606.7720803,593.6906308
768.4411867,454.0312703
389.3451799,612.6027379
590.3307744,459.4939665
183.9268894,538.8109366
742.0207646,620.8521718
570.8608525,508.3279425
810.2952237,415.5348174
559.4382871,530.2042806
450.7705879,837.3293268
739.56128,434.9422549
579.995762,520.9609473
484.8296482,397.7839903
792.995764,611.5587978
592.3710842,563.9093148
375.3602125,535.2546368
701.4836949,163.5052152
902.3108237,851.7880359
547.9423013,253.3012434
888.8622998,846.0765566
674.6270951,422.9558312
462.7980736,498.7673362
438.6456978,482.7871999
804.9675065,644.0883859
552.1472458,464.5967035
509.1179138,538.8108321
729.6789541,449.277356
378.6543611,590.1027812
798.5739733,665.7438133
797.6805549,591.122777
301.2376371,692.5921765
339.6794777,479.9865469
400.8288066,950.3175039
685.7055541,617.6244277
467.6519366,365.6365506
511.588574,497.7284105
258.0831714,672.0358699
571.6692704,597.6787856
442.4938922,628.5419432
705.0790602,321.3700948
194.3317718,731.6474144
699.3791778,389.4483483
688.9380871,620.1542338
469.0831616,280.8948275
570.4076567,419.3262984
633.2972324,425.6970412
675.5478532,384.2005871
855.001434,659.5185126
642.8108985,564.3126078
543.4855164,519.4365113
608.6393932,682.4672064
501.4038628,312.5556912
647.8843784,603.5875236
528.8989096,515.9052841
741.945217,808.4183231
531.6557609,175.7221608
381.9028036,339.8719721
468.6658596,345.9314593
377.5935186,963.2344978
576.544391,402.9929307
690.3103182,407.9932252
868.0237872,596.2538879
563.1156117,339.7820032
699.8703946,471.1254456
604.3022141,534.9210665
837.6931956,676.8704971
406.8413959,423.3013527
473.8230515,792.1120129
784.3202524,652.0484818
466.131921,359.2488002
698.3311737,799.6627775
650.1132802,354.3509691
748.9177838,889.3208854
520.1219788,488.3468644
647.1372016,625.5347963
538.8714493,697.8003857
766.0310785,309.4186682
605.9155894,633.3722662
577.3520599,457.7211445
795.1886072,379.1088194
208.1805197,494.2282107
532.910034,418.5447641
511.9308378,566.0359532
420.2592094,651.3654202
554.7903337,239.9117352
590.53198,691.3815243
766.8246355,599.5857878
601.7827619,586.7873456
968.4369172,586.0007132
498.057162,669.8683422
612.9626102,600.5257602
572.9963347,984.2470007
755.5607006,556.1891011
795.3527357,110.4814588
769.039815,486.4323613
867.6870963,430.3039046
204.0209067,364.2294963
455.4879019,404.8155845
747.8661994,440.145575
894.7013079,470.081986
845.3589939,594.3579803
784.8905972,559.6831164
478.8368334,398.4679921
552.9530121,673.3540836
544.0095109,725.3942413
611.0595384,527.8320768
637.6761926,467.2499295
725.9548747,524.2818571
605.2172795,717.0603753
827.1045752,459.687548
547.9164596,352.8956709
552.5961571,454.5689107
449.5074911,870.2837704
513.0301656,343.9272379
713.8675112,811.2058338
693.5990139,245.4668031
519.8230241,762.1219256
729.4051521,527.5466669
581.1185346,473.1983659
543.7902536,559.3522832
514.2746714,367.8076093
596.83497,765.9982565
576.5595964,989.273914
723.6394744,547.1960343
669.5650454,375.2424339
524.9840062,416.9979299
274.593778,420.4995297
482.3669129,432.8284245
478.6384292,802.6667067
189.9243782,482.7411289
424.928705,524.3595613
532.5117424,468.8562276
650.3725959,625.0906558
145.88755,710.5277888
366.3507065,437.9895598
672.2031148,414.4954739
885.9204521,921.3186207
470.3174356,425.0683871
702.4571401,558.8565349
931.515197,596.3240077
528.26253,625.4272348
399.5914467,493.3238414
586.7249525,257.3898558
861.2414602,703.7088521
352.3750571,798.2375037
770.446996,308.4413585
735.0460705,340.9438265
726.679191,296.5059575
437.6230111,634.0973663
576.1894536,601.6895057
612.5042311,362.8439835
438.9516184,490.1812606
563.8309996,735.5508655
473.1645155,363.9318425
586.7964404,708.5992241
520.0550301,580.9286692
482.3240831,426.3237939
617.1498476,483.7665154
488.8990624,357.7356469
736.1298634,472.348446
456.4327939,259.4577825
464.7155718,496.5721869
539.458168,464.9986802
593.2705847,841.7036416
591.2065604,821.7641841
681.2104786,328.8271087
787.0095856,409.8302122
562.2302081,460.0875398
684.3727372,630.5964142
478.5189282,216.585197
632.0824483,568.463066
231.6258968,652.6845532
719.9590338,76.4661301
641.3031671,481.6533744
467.5087362,521.9609477
555.1762811,504.059852
522.983545,565.053629
435.3685822,564.918801
671.3511031,563.3086794
572.8579282,385.0290072
625.877432,450.51423
541.4317688,386.4867291
594.7809378,396.8774063
394.8867613,266.6541666
595.9789734,496.705991
745.4439419,266.5906911
636.7199153,630.2621336
397.7451816,616.9686534
604.102941,505.77087
896.0266794,485.1262869
593.49922,330.8112719
488.601516,411.0718082
577.2772164,522.9697653
399.8105692,412.4954731
597.5061797,543.989769
465.2020247,401.2416712
768.890847,470.8426474
558.9549801,488.4025883
589.4785529,533.0536789
597.2144608,253.0733961
529.4845197,444.1991275
408.2083988,828.5646297
580.1522952,548.759103
408.8977801,608.9661639
804.334138,238.1177895
742.3837317,513.9982609
745.5497654,623.6340413
396.4229711,429.099625
446.8926568,384.3180732
585.5216437,893.2772816
437.5795521,648.7546923
488.832683,444.233268
446.5225889,449.9411117
750.9886393,656.2611201
409.8395411,704.3974297
453.2037813,409.8660452
667.0394511,528.5049423
414.6840861,592.2739235
510.9036119,568.9283093
448.053855,490.0281714
493.2484208,619.7464486
635.7751432,527.1597755
441.288501,576.7660508
713.9525416,91.02991433
525.8286325,640.5552573
814.2858245,445.3969717
386.5448247,341.8737907
566.0597515,741.9693926
734.2129494,434.5409886
829.6924292,742.4111303
478.0022143,358.6072964
577.3896764,638.7685409
693.7968338,629.5098297
827.3184095,494.693642
670.8408608,642.1310086
589.941636,384.9172252
557.0509046,478.1468646
487.2270078,834.3691284
529.2100735,449.3708142
470.0398883,388.6417205
460.3522215,770.3647362
522.5527453,232.7035252
957.5281744,548.0108734
721.6815883,512.6649201
154.762949,436.0803846
508.8721706,304.0264887
411.1376927,791.3079132
729.360225,393.915202
684.8655569,266.8520313
879.7544755,438.3707262
625.7625601,564.7247598
522.61505,356.8099659
685.3706908,421.7220286
704.6845737,278.982539
560.3899204,863.0623346
781.9945903,541.3449215
744.6868927,446.9229956
697.3076332,136.0556107
607.1842889,642.9749737
668.6388793,848.3613614
404.2072965,436.5998474
386.3144217,781.5725507
525.2423033,399.9037546
966.4303138,901.5878509
539.6313148,354.4018665
468.3548904,365.890181
467.7151701,522.7491889
898.4633184,725.0024399
577.4632166,482.7530384
559.5285308,519.673949
638.888325,551.9094772
583.9369265,193.9534419
206.9749937,361.5221134
562.0322982,641.8431749
169.172484,712.9937851
464.8056656,429.6484228
369.8730709,587.666496
546.0106913,307.1023555
579.4660898,391.5096726
311.2249177,714.7754869
689.9354565,407.3879305
695.0391374,490.8300145
532.2913016,307.1361617
632.4109598,525.6523472
610.8821521,647.6227263
581.0051158,531.9291512
858.6333972,742.4685466
525.3138361,566.1147439
538.3315902,624.7461372
780.2052369,313.2600228
696.3200163,552.9707383
501.9325463,372.4531054
759.5664469,265.2579144
618.4927315,526.1618645
567.3497237,980.0335894
702.6173585,576.2684012
665.0814901,482.7902504
463.4106339,621.7509624
516.7002247,756.5748809
528.155478,561.2088896
607.1956443,289.1453479
177.9799455,706.26979
573.0819793,639.640274
755.9307685,354.4206083
737.8874727,453.6108652
520.7556769,313.7096584
598.1523118,580.1878361
484.4742913,516.8819252
704.3629833,291.534601
782.0140053,529.0032396
591.8724071,500.5516289
798.070712,318.7497557
715.3709881,531.8855249
536.109205,744.7318098
590.1963976,250.3780063
549.3144874,399.8878126
674.7633444,67.7969388
622.1795389,725.3384338
876.4149804,444.3502527
692.0506548,469.4031449
687.2667217,616.6453421
583.8474918,990.0998895
712.3579372,731.7354193
705.8943243,186.7235024
546.8422094,448.9900865
694.6293706,522.8986008
800.1542412,232.2299871
964.5176095,916.5876479
590.5656266,556.2535586
713.1265364,413.3550042
445.0269619,578.8540356
659.3515414,302.4028697
658.7277905,417.9109283
539.163348,656.0020782
704.7903674,156.5001144
392.6200633,745.8718199
585.5871542,739.5925295
661.7412759,986.5166575
696.6000803,198.9131188
512.9327163,567.8526314
692.0191205,719.3267727
631.1464249,450.6558902
522.3717936,601.9921113
554.6783081,557.2258329
445.197502,574.8668211
736.3339303,470.0127438
549.8178985,560.459093
437.1898445,571.2865768
277.8149856,708.4110123
726.9125902,214.4694234
529.033571,546.0952629
472.7162483,403.6226295
473.4196516,320.0365659
615.3228627,551.8590603
698.9848411,325.5028559
568.0016383,563.7807549
851.8685376,563.1120683
654.5052886,627.0849108
579.263416,524.1682363
753.4855007,424.7632325
730.0051886,310.2897745
436.7929611,535.6982131
393.2980893,489.7698816
409.0750915,232.0091809
649.3081431,230.7035244
527.1230538,473.7396419
496.9477371,382.0642331
264.6521435,462.5830382
301.3555501,731.6008629
462.9248551,487.5534833
631.9428283,451.1807646
428.5137486,900.6868246
644.3439024,369.2052196
665.3102003,328.2819046
594.7267826,250.6515276
795.5148866,443.4963629
778.9697346,281.0787769
736.3920404,358.9649155
506.2466401,991.8848508
452.6286577,619.3659507
499.9138685,753.4765742
599.5509688,885.3946809
827.2050656,575.8236757
908.0621048,731.9786446
514.7073886,510.1665802
572.3881188,476.1800223
873.7780046,776.4268559
731.9363641,298.473949
833.2153779,738.7025352
542.7934236,530.171331
404.0804999,376.970752
623.94353,914.5870203
627.3794858,463.0634922
774.7546482,417.6873224
805.8001781,462.7050164
742.2553921,420.9889053
642.3570586,550.463226
405.0089581,358.9285602
458.0029049,775.3123991
668.6128878,30.22000322
612.7096763,598.1885536
585.0729421,706.2664052
776.4131003,445.2360891
847.8303431,358.1135748
497.9710829,668.0972335
441.9966681,621.1204906
606.1003162,672.6087583
841.2239642,721.3357787
714.0521183,326.2857274
292.1628452,573.7579637
455.891991,334.2694752
686.0169877,560.5702482
584.8654745,474.7805316
562.6427613,782.3568848
435.357886,790.497232
806.3020462,164.8668254
284.0908456,755.698593
847.570578,624.1655598
450.4507951,799.5850524
852.4729634,528.2820885
402.8424209,842.9121626
498.0717232,544.628473
665.7099599,477.9352726
735.4987719,437.7680015
849.5326287,147.9924534
645.6301144,505.0070954
545.6969357,684.5661814
506.4821965,243.0483195
835.805539,662.8549883
758.7843501,369.662377
621.5321934,481.0820321
482.9474745,843.5457058
468.7153408,629.6498394
628.0137981,394.98457
813.0681492,607.41653
145.0984422,498.4414131
693.1918687,708.0123368
633.475188,565.6818234
407.04768,597.9221989
558.6119074,718.6021532
793.3614576,303.0675029
527.0297841,295.1407954
582.1947473,625.2507235
719.1112916,468.8376947
682.7751366,384.0003405
387.6618148,563.1736842
825.2076904,502.3524278
738.067181,356.1171469
632.7574931,564.3697943
562.885044,421.1933098
626.1547246,480.6145741
646.9342432,357.1199261
880.9879704,518.478424
668.2501454,969.3368383
738.5491547,583.539042
410.1656108,602.8592059
595.1760085,308.8361895
819.5156129,559.281077
491.5436933,680.6404992
794.3016007,293.1347354
722.99908,205.7487915
852.0169812,146.2253145
765.4906202,297.7745274
876.1653122,726.9214352
563.3544938,505.8615702
652.2172281,544.5878972
511.4431115,420.4571361
679.7042752,432.0019266
418.3493363,369.7562739
736.9280944,476.7491916
671.6861312,696.8213627
728.108169,344.7476348
592.6639567,378.1399508
571.9237923,481.3001848
761.4976075,357.7362737
865.9065515,581.6480653
494.3129036,679.7240951
673.4327597,568.4433004
334.4011369,569.0996597
489.2567114,617.2869085
942.3732302,869.1743071
421.7257738,399.7894026
441.7133234,549.7919276
971.7044751,601.3951323
712.7145824,82.64918348
468.1896085,494.4159837
607.8464953,595.9317048
542.8633384,564.977638
608.8649125,592.3252179
780.7940829,308.2038791
861.3940385,354.9582697
270.4898783,768.6540733
432.1706546,372.4451448
556.3841441,260.2336964
643.8061855,470.0554717
645.9810819,499.6252584
497.8865319,417.8624964
784.8461494,468.9101337
593.0739482,264.9294004
982.4928331,931.5604918
498.5744901,591.5066179
479.4497233,401.1141978
370.1503784,403.3056489
427.3505281,535.6620668
596.336907,535.4359745
535.2797093,528.8912486
518.9461745,689.9264977
672.0256086,567.7980357
514.8325522,504.4700609
622.0984035,440.3477438
643.2142835,875.2369075
558.3084885,434.0330801
275.5065214,679.6125846
520.3760962,347.500629
599.8600654,585.8562113
542.6248758,416.0885879
516.5400661,387.6181936
825.7095285,643.4984481
657.0502829,848.2748191
558.0346715,577.7696868
701.8721442,575.1920338
565.0196123,511.4828925
422.9736053,761.2473092
506.924741,672.7353332
257.090581,589.2870854
749.3146223,628.1476554
462.9961183,430.9721942
678.7723715,389.310052
443.1303318,767.2740975
349.7712636,273.4636175
840.1217301,205.0823822
768.6059892,155.0544273
665.8992859,490.0253507
419.4751651,863.9395628
501.1002492,454.9787435
211.7116927,476.8585918
636.9732237,519.4299925
324.2989393,664.2543955
481.2181337,321.3785986
481.695793,284.4279978
395.8771796,309.1150179
802.6982018,317.1781623
611.3479017,502.5571666
476.0984983,351.7393636
523.2355951,332.820863
895.9574087,848.388419
461.058486,529.4125292
746.907675,444.2637103
452.4693381,578.6340861
521.068174,544.8734743
876.6260882,619.9299383
600.6178935,294.4138776
481.6822055,729.4194826
586.5110283,409.5340001
467.8519737,377.579933
683.5943406,571.2299754
557.4031006,369.679092
614.6773148,598.625444
633.3447062,859.8048795
803.8326444,670.7389888
869.4335,439.3155251
766.7640087,468.5229707
406.1999528,805.9889328
462.3297772,931.5505046
949.2312847,637.8059405
636.474966,641.2644781
652.1398079,578.3988423
732.4474753,444.0674336
523.6633686,476.7627517
688.8964258,375.2822785
522.9481756,588.0231331
502.004888,441.1357552
572.6812309,744.4377289
481.09691,259.4510547
303.7085519,318.7940297
501.4721448,468.2282003
737.7025661,318.4902332
843.9116046,600.4890706
856.0188175,468.5606841
809.9735583,436.7720336
192.9664468,482.2832612
454.9865133,445.8412376
768.8051275,661.7998072
666.3773946,909.7117754
436.8762238,509.0053628
581.9946353,480.2846394
536.3962051,290.1930071
560.4450793,489.8709452
183.1885063,514.2345912
508.9746535,507.0126958
593.5400723,533.9800494
691.3829505,139.2131933
506.1484117,552.7964627
751.75998,385.6745853
808.763643,684.2878544
231.5583789,801.3463201
567.0627236,480.6449747
591.5368247,474.1621155
532.2285774,516.3325424
742.0998926,521.8038677
402.712059,280.2081512
699.0172443,582.8567325
908.4093123,708.4564564
702.2778512,324.9873211
488.9554048,326.1620985
526.4126546,529.7096397
857.9064293,940.5412104
666.7713867,584.8583212
359.527602,293.057261
179.3716365,384.6905478
666.9919174,181.5254685
405.9013877,280.926022
791.549768,550.4584413
393.9474572,572.5728856
531.4734159,474.5397509
707.222602,567.0246291
710.0346571,456.392275
471.7531698,792.4377898
649.6582268,549.8042132
760.0330804,637.3645789
288.7047629,700.6836529
722.6461799,536.374735
787.8497775,524.2070989
473.7003148,388.7452704
701.6121244,269.1931033
838.7932576,368.135768
693.0623157,579.057876
536.3995008,579.0002507
519.6536375,578.436681
305.7585093,652.4925805
778.6263472,646.42904
714.5076361,527.2837387
519.1587804,422.2744411
816.6683383,450.2357359
831.0042582,401.7187822
654.3402913,919.9026447
662.4312265,429.7440748
494.7549088,765.0761275
608.6532503,499.4465951
442.4365761,797.1488299
633.9442184,530.3802904
626.2536571,606.910293
418.7432086,497.2836223
420.4878896,330.2354793
697.1577664,568.0589999
783.0012327,471.7209829
443.2751051,438.9422983
567.6282147,561.9977158
201.3736543,679.2760892
489.5111434,415.0185513
628.0693765,647.9376593
582.0746172,468.8348323
675.5367525,888.387223
520.5762532,718.5828682
582.4434567,486.603649
199.2749646,653.1460565
501.7052144,205.8207917
840.0130002,360.6808853
478.7637876,332.8464371
292.8833264,320.8071728
547.9677684,348.8632421
755.2135531,60.50866362
507.9066502,289.5541778
520.744741,465.9355603
661.5236814,224.8031021
733.4284108,509.002375
568.0921067,455.0637815
784.1049649,287.1931104
503.1648877,692.4713683
765.0947105,869.3336854
531.6557609,175.7221608
649.8436578,675.0068704
545.3984006,467.9121809
520.5624709,395.4875685
780.0300528,424.3001204
451.753411,227.0809702
416.6201004,568.7129773
728.2586799,506.0202799
800.9811452,242.3044358
616.373758,544.9189393
573.919265,308.7960734
455.9489476,413.7113069
504.661129,494.694812
390.912055,434.3551587
494.4098287,455.3150509
615.7032224,531.8850861
403.5112637,829.179661
448.6790441,489.4285807
690.1857538,161.1771602
865.5589846,367.3804137
412.3761013,232.7922823
598.5156684,912.1632923
501.9827616,191.1398766
493.5637643,428.8438425
152.1997082,537.3511671
242.0283972,653.5839288
764.8901043,584.0377572
772.6705197,570.0806049
558.737071,490.7322522
523.3909298,570.399445
735.0599576,354.2445985
475.5618751,370.2533176
227.5625198,530.9457405
768.7939669,469.8514851
624.3861794,625.4316852
955.6296267,660.3351904
493.5517947,353.1943693
673.7075504,384.7327952
894.7662941,846.3878958
402.0694923,876.879519
492.6758589,723.3300546
577.5281579,991.1856174
502.1511146,372.2887126
696.2270012,231.2170534
757.5068868,541.548929
633.0699454,536.668398
961.4446657,567.5950938
739.2911183,469.9044092
429.9069976,369.9882165
280.9101458,675.2090393
794.7108731,277.0043096
547.6886183,434.1526138
704.4151011,265.1956298
420.1223308,596.6179423
438.6842731,564.3976667
662.6283274,571.954177
527.4742761,637.1028417
369.0893561,574.382042
522.6694599,628.0628264
488.7160733,383.3709342
635.5519609,626.7283364
554.5373697,676.6493775
721.3232802,325.4625098
849.3399022,366.7166998
694.0274316,535.100085
401.7933383,491.8316447
243.6176985,740.6848598
653.071367,549.7982584
384.464861,340.1126274
575.5906005,449.1267114
919.6404395,467.7615363
422.0606971,566.2137598
715.5000318,489.0168674
255.1467916,665.030769
540.9077893,357.272096
663.7002107,572.7855641
515.8496511,429.6566968
462.8004855,480.4680874
413.4940352,439.4742766
570.2202783,723.2476493
853.7938107,581.9763703
507.1423505,727.4990247
786.8364538,562.0820225
423.9461666,400.953754
500.1637165,252.9123254
679.4587567,305.2508055
746.3690743,655.3319081
547.5828247,339.5038852
568.7687694,477.863941
624.4183429,451.0979622
713.1738155,212.9708123
536.7027699,469.9966973
701.3992338,224.7675617
547.5733269,183.698742
456.5728633,584.2087524
830.0762045,454.0007653
507.7836887,552.3887193
738.3853709,747.9511546
478.1752413,358.3258145
645.01679,509.0257343
723.0799307,410.3062576
819.6056918,549.0355494
929.4922198,885.3587644
837.2121208,354.3714242
590.0501112,385.9459964
675.0333564,224.6111086
757.3557616,533.0565832
548.6751266,399.7966945
529.3515811,488.7192137
649.2076077,544.1673458
721.0592755,511.0466708
489.4906049,245.8669203
564.1784766,562.4672842
594.7443399,723.7504597
554.7554286,434.1561031
860.602384,580.2619257
808.1356226,198.3465195
808.3052789,183.1833744
381.8792989,589.4276592
509.1883081,373.8270847
783.4845397,478.1428529
512.1631583,551.4220446
487.1238059,407.8217285
721.6587128,314.5750606
415.2207843,231.9678111
371.3063183,948.7026185
519.6725881,814.8172934
774.0276353,298.6008164
783.8935874,254.4366151
501.2115557,451.4392005
870.3674111,644.3681127
512.1546492,403.9248799
914.9370575,855.0944871
699.6129365,388.1874465
145.6755583,691.6726592
607.7886548,540.5497225
599.5191349,393.8164159
464.2508109,425.8717137
742.5059891,466.3287198
439.0190615,354.8987431
660.9571267,573.9298783
482.0637786,679.7907047
675.7725185,395.465212
146.3813285,520.2210335
537.1278919,538.7970213
773.5915625,763.9586201
559.8491624,397.0775902
797.3949781,594.1954052
458.8409246,460.8181558
665.6612727,471.9479528
289.0482851,595.8122965
886.8047622,607.6856636
776.9368401,774.0640753
721.5844685,301.038606
786.6470679,576.1948966
943.0459381,499.22441
525.5182625,482.7845464
438.5913329,440.6504121
612.3362976,276.6088518
640.0119366,470.5240998
697.2127155,519.3250009
487.5824996,318.9691202
507.2268865,699.2402433
522.5930284,474.819415
764.2615745,547.4344958
647.5700536,538.4100882
890.400487,846.2335112
706.8950193,439.6601273
780.4224419,501.8503904
788.5548736,576.6582386
523.9915506,676.1270522
650.6000178,205.192848
837.6943342,365.4460196
636.5452255,567.1176694
690.6861238,553.4220454
967.8888337,696.2993299
619.994995,561.5572109
826.3664617,102.9201637
560.236638,294.92889
170.3952827,532.1265145
449.0163942,614.2375978
636.0420841,465.5048755
525.7611894,549.0959118
642.6106367,478.0013807
411.3329809,874.6875247
776.4857416,540.856674
799.4171463,445.2756829
698.3279379,556.6458197
635.6176961,198.190923
810.5933544,331.1125821
423.8655405,582.6416721
793.5454204,586.2772433
483.1269132,582.35808
431.6724418,423.6966434
534.8032335,396.5302341
217.4825087,655.5900515
665.0460008,359.1141185
459.4693346,391.1375532
232.0927101,552.3554563
474.1299459,669.5898273
663.4832603,555.8967335
653.8872902,568.7633941
587.7344712,687.2787877
522.8102783,548.2919165
619.6053323,543.773852
823.9974605,403.2666401
811.5326885,373.1266812
339.5935335,551.4406192
793.1795621,588.924222
745.3696227,317.168969
453.4849389,229.795457
590.9419865,821.8833417
664.9290466,482.2072494
414.3805474,415.8672594
554.5010715,506.9238969
521.9969767,394.2196881
220.8096298,647.2006079
508.8752866,560.945063
348.7646512,298.3161377
891.0437727,411.2958529
529.010351,560.7345783
629.358225,482.4565965
571.4001424,385.261305
448.0759665,473.1816717
590.6404851,382.6721604
564.4412379,389.6772195
628.2259396,481.1359801
191.0091748,539.6571792
560.2092832,422.8347722
834.3457308,381.6899407
438.2717199,355.6958642
566.5593575,481.3975083
468.6389992,503.2676827
591.2213164,234.6769073
456.6818029,493.3092575
526.0235612,548.0649676
288.6435968,330.505574
478.9902057,373.3591879
371.7088494,336.4181775
571.133591,488.9139025
858.8813425,342.5322603
491.9689351,583.197741
661.2301048,466.5133797
226.482562,388.4827183
856.3292624,466.2919885
728.4402159,516.6828486
791.8684672,253.4075096
708.4269895,380.3256352
465.2492139,611.5287524
383.469559,443.1369261
668.9747913,515.5810952
951.3057356,505.0990284
923.1019224,863.8307059
471.196008,458.6591946
735.0435987,658.5220015
546.8531003,842.1590439
500.7804564,345.6016499
525.9509947,590.8718837
468.4679647,670.4359445
410.1402634,862.0134009
653.1444278,534.2032793
435.5398864,360.2063025
742.0055142,654.5778491
594.5330823,749.2503758
364.0538822,602.7984257
581.0857569,522.7375511
847.6172128,582.0741953
277.8832976,716.9260697
502.2872291,500.3204803
705.5631462,157.3938278
604.9310285,785.6783587
810.467217,283.7907773
547.2350929,324.1664019
613.039611,264.15497
761.6222618,366.969975
281.3995798,718.0459172
803.0040026,338.2104307
294.8135432,853.0087171
704.0289139,546.2636046
491.639345,278.4707443
689.8128245,172.3703281
721.5342682,720.0882907
403.8229669,752.9072795
568.0325584,688.0945044
401.1154471,855.8671624
815.9337003,623.8953397
461.3768706,431.20351
796.9545908,605.4828671
789.9285429,301.3768355
873.5687244,975.9186716
465.3215107,357.219548
830.8107227,306.4453067
440.7906029,524.2285778
316.4993037,599.2117462
620.4530595,475.2845538
759.537624,370.7589696
672.340263,555.8611722
639.1452289,451.7360812
541.9942937,750.1576911
732.3487525,439.050821
560.6696697,521.2068052
381.6043883,730.9336597
608.6164128,642.7083473
383.2077115,855.3662951
156.8111686,520.8787718
619.2948425,635.8987502
398.7924366,419.9575224
907.5565515,467.8563734
428.7852736,949.2409276
447.7936704,532.9024702
562.5061823,702.1717127
518.969814,464.1491991
599.6034911,542.7423228
742.6762596,446.9035852
447.2620357,571.1286612
857.6201034,732.3299328
747.3535003,287.42288
541.1451733,460.3140291
498.206864,460.1652858
381.5690489,344.2547072
793.6293722,679.9721677
547.358414,546.3386762
720.5609729,547.3536366
745.0368866,311.9489548
441.8095294,499.2281291
554.166388,201.8404721
209.1090527,676.9111565
229.545993,782.286577
823.0867395,639.0595504
577.7329139,740.7646743
618.428719,827.3774622
445.5203209,327.679744
519.0470544,543.5960036
526.8102421,568.668745
820.8211799,448.4673225
587.3438347,452.6449218
821.1654212,307.0781813
442.2671445,439.8902939
748.057338,58.61509608
843.4664685,716.3239508
336.4073807,349.8310033
303.5106121,710.4973883
891.815443,600.5298136
468.1435279,441.9651783
253.196246,586.4541515
873.9637951,607.5039707
763.7091017,374.2046157
759.5932473,535.144359
695.7822845,517.6293399
725.0581007,392.5811926
482.5700211,799.2643527
737.9603238,435.4023583
625.6957912,588.7107914
349.9038427,608.4241775
445.7142759,631.5679363
706.1114993,277.9936124
403.3125748,586.9416885
736.2598059,903.4104629
665.8201129,690.885588
695.4856069,87.40723472
777.5565463,539.4461931
776.9122119,298.8651653
924.0192798,637.7555236
417.593995,829.5347101
705.7816995,515.0748582
912.0688249,849.3977798
762.0226057,315.1055972
870.6707551,430.9790474
811.1178433,381.7961232
235.9506869,509.7983052
544.3982448,546.3231729
485.0827619,764.3348765
607.9752393,659.5993091
551.2188026,554.4401817
571.8251745,543.2379457
487.6378982,511.7813193
494.1663775,412.730508
496.777182,634.3176919
572.4906017,568.2554647
920.4245138,443.7871844
575.962616,391.0504258
485.4499836,273.8154072
470.3412249,383.4719978
387.0150536,485.1674478
772.9941476,311.238773
594.1641978,315.0145
378.8817081,570.2331091
505.4043059,669.498939
953.7502993,876.5398478
746.7105141,776.4533284
757.1267069,148.1392327
549.895079,467.1391922
809.3475603,489.2479951
663.820146,573.1356196
757.2368449,343.7246094
935.4325872,858.3811519
729.6383564,79.0749567
901.0770741,451.8471529
698.9318095,545.7577228
683.2776938,548.9276745
818.6031841,289.2531392
769.0041759,358.0298323
828.1088056,637.4544224
701.3134094,393.7274917
705.9894217,557.1745594
389.0590038,484.0159252
601.830011,300.6614511
627.1807969,445.9981921
604.2188016,551.1284443
466.4045096,521.9211658
510.5866206,553.2698546
420.8350221,613.093618
349.3539466,587.3980519
515.5005861,343.4441304
583.4689298,614.4002355
634.8239443,522.8209384
206.4871176,703.0412728
817.6691531,557.0778
926.7924001,524.9946089
457.4172948,508.7159831
520.7939376,576.7429004
208.2061966,535.1061024
526.4181525,356.1785748
339.9736535,612.8980307
239.3296561,520.4365326
508.8825672,726.4613109
405.2968869,436.9580097
732.0837441,509.6331812
451.1468878,894.6774409
793.773801,314.3530635
648.3606295,589.319262
199.1111208,517.1259026
956.0950318,564.7794808
384.308133,307.43135
605.1909585,654.0159509
723.4873456,791.7102869
799.2495873,382.4404686
589.8071543,531.0027807
537.2854138,329.6919677
633.7935726,641.6116293
833.0501259,537.4197825
557.3925542,763.9059258
661.5882032,571.1121968
496.4976872,587.9443633
798.1687606,424.3390874
736.9184918,366.8865667
761.263714,351.818426
969.534732,585.5162058
545.5178566,291.6819026
386.9889722,360.0964009
548.4607829,553.6955459
552.365035,569.9571014
811.1800131,265.9199568
493.9875979,559.0214292
735.7134752,476.5868464
600.4507839,308.6233021
508.2346824,542.0601596
459.9031603,622.4413578
483.1961839,417.5014716
757.7513567,570.0751934
499.5190375,549.9018292
531.8287129,372.3177968
411.0309103,728.257931
674.5622736,440.8082651
568.8405269,438.4114693
666.9274255,537.5638038
452.1357931,582.5661827
558.3565765,242.6577717
473.4186479,664.1995073
678.8070818,425.7778377
872.7067356,724.3133817
782.7176333,682.8651506
436.6197844,632.8325573
360.0999991,616.903005
738.4821311,553.1018472
505.5833551,800.9426719
526.0451334,441.0910215
828.847054,334.0955966
199.2931662,442.7768206
770.2245028,360.7910586
464.3405902,459.5084668
818.4893608,463.6558745
505.4351662,749.9634619
209.063841,699.8139466
766.6973896,287.4938982
839.2186193,531.1757191
567.5382257,377.588604
535.3664625,372.8224459
784.8178659,538.0100964
480.9154639,229.0060248
766.0488306,464.9074159
533.1016819,478.3957103
529.606927,411.821939
610.141387,496.0853811
721.5588665,214.345314
540.2471859,536.5437871
555.7983393,703.8306632
778.7581324,627.2432026
502.9429039,458.9488669
728.0803798,160.2839273
720.5595197,401.4587791
516.0206257,694.8000084
764.4737909,447.8240845
815.0679063,750.663364
975.1389478,900.1466978
831.8105488,239.4286277
343.0686338,408.1550898
432.4518421,538.0261846
569.6889282,343.4481002
635.9351669,456.5010901
881.8386638,583.4329221
719.268454,511.1034602
681.6699962,379.7980238
816.5355494,446.5789575
620.095785,723.7347475
458.7966417,516.0028375
403.833019,887.4676848
406.6744511,471.330456
544.5828219,569.8839938
494.8203145,694.9478115
455.1386122,504.3997113
607.3720419,402.1007217
591.7829574,284.5964231
482.4778149,828.8052224
448.6420118,271.4875401
493.6901713,569.6486037
833.9197099,742.1202043
224.0382829,696.0960119
219.2417509,519.7568976
768.1961476,470.5094741
557.4977336,373.6687512
592.1887693,295.271758
420.4797251,359.2067618
725.7882295,493.4618244
572.0043884,736.9335576
524.8041331,460.4023056
499.7522419,201.390941
649.5787692,524.5911069
682.5194912,374.4176493
628.0814359,432.0307392
599.1574261,557.4124985
851.5824364,145.084803
548.1135755,587.7789676
762.1862248,300.4257059
713.6600137,472.9855412
695.1513877,566.6098236
634.2454201,462.8337434
675.9368867,435.2919553
714.2327105,552.676156
811.2532088,334.430901
470.9789977,783.2876848
793.0574245,376.9000055
498.1363948,630.2682555
626.0579943,484.1971375
629.945468,603.0085342
220.1070205,464.795801
534.72451,751.7548585
384.4071553,784.545578
782.7252734,453.9022508
616.108465,168.2437725
561.712835,190.8091687
779.1458026,276.8339621
634.0236609,564.1099584
456.5092553,498.0497997
828.2980267,730.3650546
503.2237768,405.4009674
719.0785888,627.658614
269.6476639,629.3489262
500.7573113,379.4399241
774.5958529,771.990173
717.9743322,523.5885575
589.5577109,845.9247001
515.8318391,707.1899341
433.605475,497.3502319
788.317954,431.3539248
386.6540639,949.8892637
780.5967123,458.3763546
805.8554119,636.9238441
746.8478421,544.2950908
206.6322955,496.0191476
223.8531066,644.3581881
674.9036686,877.0002437
777.2772014,318.4564687
481.4926998,605.053812
583.9090624,409.1702592
390.4377515,930.5801734
784.4100316,643.5355974
507.3120218,540.741737
205.0889849,788.4333587
576.1123779,389.8460627
409.1667284,353.8816097
689.2445321,549.5674441
647.913396,356.5066709
552.0783496,473.7238879
527.3969458,766.2028073
779.1921379,148.3221583
773.0016978,300.0077662
651.3398391,252.8562045
487.0592691,606.8186734
654.1021433,666.959083
538.4264329,730.0908646
247.7972807,683.8709804
202.0944201,497.6911359
754.4423472,426.8818477
459.4475227,529.2105066
650.5102385,579.3544432
624.5053957,475.9227355
642.3130303,625.7721086
911.797959,468.5683939
398.7981143,327.7028943
579.7202222,580.6071547
845.2015019,614.6060608
398.7485282,491.7874751
176.0681549,403.8217478
420.1059719,233.2197913
503.1012797,379.202779
857.3369384,521.095232
631.062593,476.1842638
540.6502563,541.8228055
454.3463435,324.1095915
681.8547381,528.9756806
522.4071929,803.7158495
238.1473053,747.8696059
775.721367,283.143068
700.6247472,284.6560124
430.0027692,309.1396309
370.1679957,405.6411631
369.0869293,429.5078281
699.1355768,1.761309489
831.8527644,747.9906858
884.8578868,503.6731278
625.9057306,526.0892584
769.4179276,448.6183014
816.2344975,448.9055918
387.8174043,909.2126841
450.2155534,720.3013244
428.7896929,219.2960692
407.3185758,851.6954552
457.6833369,493.6908627
498.9737404,741.9266855
686.447248,383.4803344
721.0105583,171.2896148
626.3973069,568.2410898
852.1871169,411.2556113
509.0404786,407.0484681
388.1304857,484.6255032
332.0364202,373.413491
471.5134188,830.7585672
526.3389496,466.6572129
548.3782243,448.0013897
486.244754,779.028704
489.4777664,723.7181787
749.3479842,576.5281117
498.7068894,321.7785277
226.4227291,518.0785367
256.687181,687.4812909
553.5458129,468.8707697
673.6138912,423.8596781
736.9201996,456.368059
520.7652795,566.0810421
607.0988091,969.6930366
493.2831161,794.5768182
499.849856,294.4239902
420.7528231,352.5721924
285.1390893,607.4837246
382.3220682,342.3523851
730.779855,351.3233671
547.5813865,398.7635565
580.0871142,629.1621352
788.4983515,574.331667
628.5039513,720.6427716
666.3601817,136.5704769
743.5756552,445.854923
440.0632155,223.9311183
660.2032685,398.2583015
338.6716069,267.7655521
594.5658151,350.8113008
565.9325056,259.9343503
762.1863446,271.9917922
871.7906664,789.0452977
453.3510115,238.2880953
323.7942399,420.9420613
556.4148246,453.2607052
580.3281984,332.1324316
431.1620498,462.7584211
439.8838967,241.542103
682.8035999,565.3078235
452.15759,642.4565347
257.8207997,429.8675784
882.4151357,929.5263296
580.3307901,602.5696172
475.7270072,594.3911179
735.4813194,588.0367768
348.5648687,592.9551256
484.2529217,356.2022893
486.8237427,312.0743806
760.7262069,351.0753781
674.9862271,375.1508562
780.8790384,329.1204792
544.0925339,543.6455011
961.4674963,463.2660998
593.9013316,564.3848796
509.1522496,225.0912701
578.563713,678.6264577
634.5986348,746.2045126
144.9607847,708.9697973
781.3268711,670.0369974
825.628468,753.0404569
426.123415,235.3950079
455.1393912,806.4574564
384.9231202,333.9146141
678.8885018,395.5265773
438.9184961,536.4564508
545.0363772,459.6682421
572.0220357,570.4908765
668.1583138,526.7462027
595.6409192,576.1558042
643.7307877,535.9246397
372.1705542,419.6161587
392.507004,463.783118
556.0750176,441.4846825
262.2820937,425.0224833
748.6427084,312.7674504
776.4837043,546.9850691
537.8304562,366.3423238
623.2609948,464.2071378
752.9106467,269.8711713
847.3515303,474.5112099
395.7231482,605.7294145
600.9329074,308.4144055
413.0285702,315.4455192
570.8401942,570.9162334
697.2274715,198.7090068
906.6432988,607.2695209
915.9856158,464.2187756
299.822756,668.7823428
978.8144747,945.5302849
836.8053202,110.9777503
588.6516039,409.1276984
223.0288091,717.7587104
673.5230333,560.8364776
654.9106511,516.5529098
493.0605779,581.825057
487.754388,422.8545169
564.1074232,407.6384059
617.2005272,161.647606
618.8238646,264.7699804
560.2486824,698.2188894
520.8623843,399.9356386
757.475712,981.5806951
507.9830967,537.9140682
494.4411683,563.8477197
766.0459244,307.777164
436.6517981,650.3723774
590.4660799,456.550713
495.826088,748.8765849
913.2816315,517.6856906
640.1424334,561.4169714
753.3347949,151.2257344
768.2278467,351.7936876
598.8533182,542.03469
510.6608349,314.1951896
393.3339381,365.4723249
500.6173467,696.7330026
476.7083322,254.150829
498.5897704,724.2799724
355.2310505,940.6549356
879.6099119,726.5160319
518.3006416,373.6110424
482.5652872,447.4040555
355.811762,369.1834273
629.9741261,477.0148151
592.3506805,377.5409869
603.4343978,788.6444701
809.1539049,239.2010728
335.3519162,399.3985832
224.9197616,643.364435
531.6557609,175.7221608
672.599324,376.8733658
467.1959394,310.8678445
774.1643191,297.0711361
612.1172799,851.3084176
544.0774334,696.9455766
210.3658726,534.3011461
960.2438137,899.7733456
456.1805191,357.4097447
786.6561762,338.5591908
486.3547273,580.7767083
514.3217257,371.8830377
472.307665,401.8065154
424.41674,860.2511094
222.8542991,399.0359704
396.3613555,237.6292705
752.0941542,430.0171992
446.3981144,568.9637661
406.1418127,358.6019685
660.3645506,543.6999505
502.0114796,585.2762608
419.1566307,326.6260673
701.9448454,536.7277574
506.9856225,622.5723413
759.0744062,272.3572256
354.1388834,330.3720833
626.3311821,372.0538658
631.3596001,788.2832782
484.6735494,406.9735637
530.7209509,570.3910457
785.1215694,550.4053291
586.1626224,844.8354621
624.6293309,448.0894364
829.8840322,193.3218001
976.7366232,960.7472734
452.6223209,563.587466
472.8827137,777.8217083
473.3806269,231.6703036
518.7405046,499.2159688
503.2137697,203.119677
623.8154002,721.5664886
700.0169357,267.0162152
851.5481755,527.4829615
791.3585095,302.1191521
528.849009,359.5963484
430.4348572,364.1952303
517.9127466,536.1794611
843.1975651,406.0032117
587.1239931,591.7106463
844.8839113,411.8524858
608.8177083,588.7685211
548.1238672,260.0057446
563.2838149,593.5233547
235.938972,523.7787124
514.6635551,409.8384026
592.5578785,245.1540849
132.805319,494.1168882
830.9265833,734.3122574
467.2539596,340.8042973
731.624616,795.9195613
520.777309,567.1875802
279.2675881,644.2524444
536.1133097,469.2249831
436.1934489,910.4689893
650.2128119,547.1032447
683.683296,430.7408576
419.7720374,352.3464135
627.4042788,587.8912511
788.345878,152.5650091
235.167856,632.0579597
164.9971863,714.678038
566.789341,433.9683092
969.9614719,925.1475853
726.5200811,859.324133
604.0165324,573.978352
729.4216308,526.0535299
564.2406914,455.4279195
709.9622854,196.9812737
502.3218045,921.6575398
578.6617316,482.6372238
825.7672041,512.0369555
401.6483252,426.178519
605.6496372,528.3619239
616.7573236,873.86157
515.4861896,579.3384385
764.1962287,307.1814387
951.0790178,869.4089033
422.0165041,435.7359495
644.3125029,491.4193464
338.0194376,270.367818
869.9038637,434.5376038
501.738861,563.8248827
694.2601566,141.0491774
495.0065544,408.884097
490.5955655,253.468039
658.70099,875.1429479
694.4657665,551.6888799
795.3420994,167.4863706
742.3888551,553.0527884
403.5410903,443.7832146
422.2934521,347.5985375
588.3037673,980.9168558
820.9199326,614.9371865
873.0057951,697.6848636
887.122143,841.3594155
516.5852329,544.3975751
666.5385718,365.6571519
566.6759672,706.022574
874.3263727,690.274631
556.392743,679.9361467
409.9263841,411.5553753
527.8835635,708.4933132
760.386325,870.0222212
392.9840491,596.0250376
819.980209,337.2661333
271.6542223,663.3739496
633.6812024,451.8656649
798.6014029,615.3138608
852.4356166,461.8786439
357.3327063,503.7878977
168.9744992,684.2850965
366.2278199,588.440822
704.0035217,554.8774272
835.9654878,384.3268695
454.5478637,222.052281
317.6284132,431.6534799
796.1193874,550.1908538
581.7661049,409.0318374
802.147302,675.3922783
635.3340518,565.5234271
608.5422284,562.9429953
632.3691188,567.7126008
507.8816325,210.1086687
588.6288932,861.0815771
447.980899,791.4595399
460.2803891,508.626056
657.85933,877.7839928
801.3759313,670.9046143
875.0378805,510.8802722
612.3279833,592.1266846
394.3035332,436.6237082
692.8607655,445.2477478
818.9087602,579.51706
810.2366192,531.4350326
560.9150684,288.2351074
507.8256197,251.0834243
678.6760157,877.1840051
515.6580631,428.9738858
647.30915,574.4120874
682.3521869,550.1218414
799.5169477,808.4217914
509.5873786,451.1082211
918.98839,509.5536592
387.2851404,480.9294653
419.4812023,393.1056908
436.132852,929.020406
560.3744303,487.3559111
600.4799363,414.796784
781.4346122,601.9980033
752.5905993,280.9424445
527.9842187,312.8369642
877.2180951,932.7151067
363.4333372,299.1011613
219.2760417,517.2269453
858.2354651,572.6030354
708.2459778,475.7852122
624.2510086,563.5101587
690.3686231,436.3246336
566.9062503,482.5076193
809.3295385,474.5933018
689.1698983,435.1936915
667.5765088,528.0250733
236.9597261,744.9055839
481.2258937,268.5926141
565.4953541,401.1343813
542.6521557,311.7166988
711.4740766,469.8526969
767.5281287,526.0637052
531.2920747,556.5128513
467.2032799,482.5979225
741.1811719,623.3351548
449.8719413,716.4949461
305.6359224,316.9837869
565.5508126,516.237538
791.9409887,299.4755791
650.4180174,342.0983995
466.364661,392.1943221
713.7545718,577.4257949
668.7588896,474.9531774
661.4726272,529.0001264
841.5325664,949.1600684
510.4434351,437.2042437
790.5159656,614.2876386
784.845745,643.270559
476.6430913,606.1611232
853.8352773,666.6742581
511.0867359,784.3817702
908.9188804,600.7615055
744.5978176,777.8902401
725.9016184,215.4460436
474.4103994,384.0950105
418.0004061,949.3576615
448.6284543,572.0473427
227.3565354,771.4178069
65.83632204,599.7910072
467.9234616,944.9909938
717.9371651,534.0461785
451.5925034,269.3674415
728.6022321,540.6865354
472.0474504,465.0896938
538.787902,614.2264196
596.6435317,739.1220418
686.4138261,558.0446209
683.7641018,249.3359256
470.4910468,401.229887
555.3772471,252.6791501
607.8556635,185.174934
719.6481246,529.759973
432.0315889,354.8986595
550.0115089,413.1903189
690.8559299,549.3305288
638.1215235,472.4020178
423.2653542,406.1321894
496.7751745,670.2688146
731.7973284,431.9160529
485.0492352,282.8311229
294.9120413,326.055519
458.2439741,518.0293734
499.4944991,548.581944
860.5849914,394.4974718
703.4078146,294.505121
819.6406567,585.2352462
612.3793671,361.6180161
807.6972427,483.52095
720.715274,539.5000993
47.01678684,621.5453879
516.5490395,426.63062
535.6216435,533.5130511
476.8320128,595.5064941
705.6266643,235.6880441
599.9046629,190.6084625
827.8927691,384.1052485
605.9306749,863.3494788
487.6914691,364.9192021
756.921022,545.4752171
455.7537043,287.8460849
523.8823564,602.1993782
777.4962041,543.0736783
430.3255731,498.8475685
708.6972411,508.5637714
452.5015466,324.8186242
661.1434265,501.6823203
747.8552785,554.9026252
533.8778015,482.2534874
505.182367,344.8683177
433.1168349,410.6806962
870.196077,718.9117164
593.6578056,929.590223
578.2341378,448.53178
499.3493512,663.8571616
581.9376337,256.7972855
755.6402331,277.6643254
442.3342729,800.3010009
530.523835,532.4843007
376.6090327,331.828259
529.1240244,515.6960531
619.425579,534.9906639
466.2733537,760.9907536
540.9337358,674.6836844
780.9121007,314.6285489
564.4229165,484.8960994
117.9660929,593.0754324
292.2130604,673.0415952
597.2727506,640.4655809
552.8622441,741.050314
678.5822815,376.7653028
570.0675652,487.9754972
595.765963,250.3300967
599.7763833,508.4245348
384.7089713,569.5947185
548.5527044,404.2138209
832.0212222,245.3355898
506.0363112,246.9408849
504.3991617,206.0146657
707.5242232,556.0915268
753.6911855,530.7285908
430.7117602,559.6825732
691.9117838,623.5186863
784.0120097,662.034278
550.9226943,604.6106117
573.3962143,527.2226242
329.0035348,823.3290496
584.8818934,242.6916406
508.63212,893.9519648
408.1411205,598.4000203
444.9395046,291.1585745
633.1854615,547.5045946
917.8748605,421.5014314
511.1972184,381.4146016
803.3554945,548.2726942
862.0422828,732.9913066
644.9052588,477.5207596
842.4495493,160.0969901
265.4702989,591.3490365
499.8890905,428.186543
295.3308414,851.0076716
421.4869966,353.4136503
613.4914435,236.854464
763.9768366,581.9451131
296.4103348,694.2280393
208.5424232,690.862563
714.6045761,202.8003354
516.1764399,436.5534213
862.1308936,725.9766782
374.154327,600.0710056
609.6716076,588.7918804
918.5208577,641.5522281
577.3952642,588.510294
734.4906165,448.9078065
981.2664989,505.0643864
531.1571736,607.5408066
420.3663962,358.9096513
521.172125,493.7725785
747.6711208,389.5719981
647.6647915,924.8378549
980.8294523,487.6454371
528.1082139,628.758299
449.4428944,320.2950437
540.3487399,479.6364078
653.3670409,896.9193507
558.920165,436.8949939
636.991605,476.793194
535.4542643,754.8330027
720.3790624,484.8688956
518.675788,584.1616786
432.8392428,550.4899701
555.496748,209.1502262
654.4453209,502.5694312
445.5951345,820.0878916
559.4677241,592.4336361
669.2782701,428.1889458
551.3112934,566.5873
469.4829962,359.8400334
650.2177256,507.8042174
962.7739472,922.1105811
934.2945942,879.5300706
446.9038175,866.8027929
508.1564233,960.0540574
775.7070305,646.8492361
813.0844032,251.4825804
612.953457,648.3394897
297.7287703,295.9531272
499.6341491,666.108996
653.607421,478.8869246
891.3876095,529.3543398
653.5365024,581.1257818
646.7852903,568.8002091
569.3504845,392.5973644
560.7273454,566.4010105
781.7354544,611.2276094
378.144808,598.3060188
487.1188173,848.8286105
512.1801464,729.4196916
462.0443951,369.8388255
482.5453329,381.8109161
620.0487457,781.4424238
529.1062873,463.3474604
390.6544172,737.3758177
592.3946039,424.9674072
496.750801,230.7491984
756.9105206,58.89260816
623.7492005,628.914564
495.3574621,325.4719957
506.743969,434.8307863
424.5679401,413.4514919
665.9501903,846.6383712
426.1411521,552.7187585
706.5122327,193.8989926
516.4496876,438.9163691
652.7214781,555.2086156
521.9147178,574.1006646
607.0424068,508.9942891
578.4459198,589.0557697
545.427523,794.8172855
379.0913778,329.7359492
846.7309703,601.0611233
554.8604882,997.054281
520.0877029,575.4663491
776.7241144,309.8027389
528.6354742,803.0271465
596.1947103,559.5343104
700.56439,239.4957805
587.3017989,691.8798008
487.2467973,568.6727984
652.1959106,865.4876088
790.377619,149.6580273
691.4535995,575.2124889
575.1528349,363.3271746
831.7502216,352.824987
751.7719646,670.2718442
779.0070814,458.0110257
665.9067612,622.3349455
680.6272055,70.60467482
594.1942191,815.6474687
744.3750248,583.5723259
757.277098,260.2678996
877.8478683,434.4157509
587.2492317,613.7959437
615.359086,896.4130301
368.0058329,451.6252603
345.8376643,729.5620205
621.9919657,456.0103772
472.0146277,304.0204504
582.865238,423.6428209
752.4693905,358.3015776
188.816766,691.809305
774.5715242,662.9274899
689.71936,409.3776097
596.3981331,184.4520487
833.5169541,742.9895555
404.6445678,663.4159881
941.0489224,865.9992573
673.7155351,357.5722361
776.1646006,455.5755345
830.9573686,742.508809
914.0706943,903.5118607
759.2162883,554.5728994
576.1571253,706.4076685
478.8427208,343.9313122
627.9989822,472.954472
743.959835,583.6911074
477.9363292,223.0946123
969.4820449,491.9634848
482.206215,647.1956561
546.2855719,746.5726622
622.9771557,556.4085074
531.5435105,750.7103542
678.5926482,560.660844
473.3255579,350.5845189
534.9499094,408.5470584
402.5313918,275.6748968
493.4371175,342.9251899
514.2137,799.8593468
440.0642042,545.6835287
493.5877184,599.6150601
568.7572642,303.6824506
781.9235669,462.656877
439.5431609,886.655144
477.3884255,438.8111268
885.5571404,549.8035863
462.033639,603.6847218
523.3953791,918.6711405
240.2626834,751.9612061
902.2455828,728.2787622
797.7843112,666.4985408
444.5453777,347.9579535
416.969495,838.3070126
694.7395236,436.1457823
734.5224355,503.5987039
523.7863002,740.4508905
451.6566807,581.8366113
461.3554183,770.8529209
588.357533,736.1894233
977.2150315,608.6416616
634.7870918,475.4978591
578.0325127,475.4278438
776.2545447,310.8783959
362.1186918,999.0990155
463.4650438,509.3148843
639.1478804,640.4438095
760.4982907,477.5692333
497.0429843,540.4733555
892.1343969,525.8465346
426.4956851,871.496115
822.0494916,304.9455672
417.6560001,611.5806945
288.3331969,637.2341804
837.3595757,719.5325144
572.0226349,313.5112086
599.7660316,416.5836885
786.3368328,568.4954723
787.7528225,297.5423759
509.3905773,995.7946955
287.8064609,382.5955218
436.3944598,492.7915498
805.495396,328.4195324
548.0049355,414.9797306
418.6770539,239.3497116
623.492072,389.9994235
425.6354939,576.8111397
629.8308208,769.3313892
603.7614712,565.6831815
392.3490027,767.8611728
460.4608764,980.9488861
462.6520119,798.0430447
594.1168139,538.4387754
412.000865,522.2246071
434.2001484,647.859976
727.4777516,512.4449079
671.0453023,428.6026858
733.5394776,533.7227417
587.9058652,219.7953276
742.4078656,287.2560636
286.6818456,598.1367787
564.3289876,384.409839
482.573901,867.164737
171.7090142,626.6219449
530.6944351,469.1991583
809.0961094,303.5836436
541.8997206,479.0573557
457.5042577,772.6491858
525.2700475,547.8493849
551.0010134,748.3416188
754.6610353,538.98329
713.3171507,552.7570778
554.5360664,550.4114092
647.0237529,504.3584042
713.0117394,604.8726832
850.9259077,322.8447407
727.8987389,495.2526986
832.5460707,469.1782435
218.5362953,525.8882596
465.4909572,500.3857944
434.4222971,575.2774269
749.5326512,132.7174635
443.8555769,628.0852873
568.8772146,513.3859459
505.4949241,239.4640845
445.2684805,768.5433777
577.2052192,452.6794175
508.149652,380.3711211
345.9701685,799.6247925
466.1113525,744.8374491
661.1745864,547.6620924
849.0736354,357.884432
637.1890955,789.6067153
453.2091294,415.8116818
636.1680267,626.4471679
814.098446,358.9075828
531.7583786,569.1340719
895.4921984,526.1203902
514.9631988,901.9599076
591.0979354,287.2451779
473.49845,467.2607734
713.2140087,521.6515725
694.2294162,499.8327343
538.4192123,412.6425449
787.0792908,327.7142815
626.8396866,712.9633009
451.3392549,584.1397192
671.3671923,374.8689355
723.6323736,574.7241997
476.8734643,619.7865857
384.0499109,302.7565189
597.3402237,574.4676232
490.1422499,451.3697703
227.4901182,814.5052856
567.1951229,562.3308682
320.7980273,843.8028464
546.5474044,592.6468369
739.2599585,477.8116019
265.4956911,361.7142114
925.7357072,860.9898113
396.6785566,245.0683575
636.0911758,539.6804549
356.6481038,980.9143068
770.4788899,299.1910049
827.2718046,494.0823298
261.0968066,519.4919009
729.0464694,311.7576926
477.5313712,425.7743902
529.8317122,446.8600633
430.8743906,517.1124052
715.6529547,519.4994018
351.8553471,334.6668761
748.4892912,349.6133521
471.1775069,957.9420447
649.9974196,540.2351239
655.4742395,494.8439732
798.3443942,618.7871285
568.3381345,561.6348315
569.5544616,393.3632493
688.2347738,27.40140241
636.9181547,610.8572869
636.9424983,525.4512021
643.9782388,390.5609666
515.6574788,437.5716411
478.4592002,413.5091172
507.2127597,666.5007347
850.6418289,796.4417403
611.7017306,485.3113228
664.3982358,492.2045371
207.274967,661.9182336
563.3260904,426.0875472
224.7498656,699.1216081
453.2146423,414.9659615
797.061493,615.3540814
574.0544508,463.0794968
495.4295791,501.9151822
659.6890863,899.4217649
783.0156291,463.0605043
525.1374534,446.5305256
654.6429312,576.5504054
683.6563008,528.997055
504.3162136,191.3983961
733.2522978,437.5101505
485.1489316,959.8217596
578.5775851,380.6854481
442.0703432,484.3735652
641.0557311,540.4903422
574.2943515,765.6303994
456.7460401,352.1989865
427.7101695,300.3249975
592.6172469,550.5560991
684.367509,329.1984341
547.4179322,687.9837461
629.7162785,443.3001697
707.9230841,159.9306333
166.7291037,746.8921918
511.4114723,555.8592499
195.3414552,720.5251602
488.8457012,593.3835539
499.8912627,538.5875187
769.4320544,596.8537085
176.8895311,539.6017896
880.4312431,446.7690706
743.1079881,444.0972491
693.8764412,507.1636538
615.8892376,284.8245839
446.4849125,277.0904341
683.3661847,399.5181169
501.9437069,944.1248812
504.2916003,410.4906876
570.5252701,366.702283
937.7743236,879.8649572
872.0436753,519.1457108
809.7788244,721.425873
163.9255277,544.9684995
644.0571121,898.8999202
910.2254661,861.3627247
680.9062358,437.9957026
460.2465027,649.4433534
319.8592175,574.5590756
595.8390238,575.3564057
610.2958679,364.894819
471.6993142,227.9336899
243.2781163,761.2710237
428.1233519,411.858754
476.5911233,468.8586304
547.0340071,762.239537
472.3473788,781.7643144
810.1450573,159.9260784
638.2567542,568.9807946
536.1092799,477.8548939
497.7469119,562.5534713
695.7875726,45.10287827
807.9637341,612.5858975
776.770929,680.085287
823.3014727,409.8437096
709.9774009,145.4897466
970.886065,653.2795891
476.0371674,746.5879356
812.7149495,450.0180847
498.0455369,662.0383314
488.6738877,200.9527134
510.441188,570.9862487
701.5565011,236.4479533
549.2352096,474.4281986
447.9277775,353.4711083
906.1339704,853.3340343
483.6158978,324.573602
750.9535995,554.8525844
694.3478386,549.3360238
418.0009604,941.6786505
677.5184279,226.3674035
554.6774841,792.1444402
558.6736428,461.6569811
450.1761392,488.4976135
413.5651635,445.0820596
455.5831941,910.2565407
590.0876378,558.2490881
455.6720745,502.222468
521.5488594,428.7602672
345.7962877,290.9161014
717.5476822,531.6718435
531.7411658,813.6773461
465.405837,536.876647
776.4422527,323.010805
847.3750051,639.6962277
509.0411528,502.6757182
662.7679924,637.2736698
718.1869382,714.6044081
534.1047739,525.4484023
858.8885482,743.691338
535.124824,480.3760291
528.7930861,396.6658769
485.2480888,594.1682432
703.5410678,994.5947619
485.5952513,511.7555154
774.0339422,636.8966194
756.9103258,262.3131147
548.8542207,434.500768
448.0173021,738.2369994
706.2096378,257.5865714
834.6722049,390.1066299
438.6324549,791.9817398
573.8739185,355.8026945
681.8099908,391.5153348
477.9374228,519.6886374
646.2421354,376.446024
528.0186144,458.2290321
492.8074492,210.5459769
378.095926,328.9538298
535.688757,377.7526624
263.2769912,738.6367822
251.8421566,728.4216761
433.1486389,348.346579
331.7141406,665.2292188
805.9892644,258.4403985
824.2576151,310.03675
589.9320184,533.2842634
834.9540516,121.3586073
777.9732342,691.3026292
799.5767506,277.9066313
692.4465195,492.1439868
720.8803911,742.4156224
763.1943502,376.9547682
647.1484072,614.0215764
579.1987444,389.9580328
398.1636971,828.8692202
566.9348485,210.1842417
324.3820522,668.5358163
621.6559938,765.9588507
608.207425,937.463693
515.3685313,453.3352753
491.9141657,424.138799
606.7177903,540.5906954
569.7362073,593.1549126
827.2059645,560.6642288
934.4837554,937.3606446
212.0098234,572.101019
373.2492238,637.393496
443.7537681,495.3654836
585.5684583,703.8676453
860.5278401,258.7647754
474.4364209,230.1230516
478.9381178,759.169437
671.4698101,561.3391
655.5932911,589.7105828
668.9919442,849.0761817
489.7945781,554.7774501
555.5848944,651.7002441
413.0103537,358.3887468
614.6774047,532.7970398
754.5446953,314.86256
695.1063108,494.2311358
571.0360367,641.1313007
385.3337858,434.1793788
699.1537634,497.6830918
496.498616,716.5838703
856.9870794,594.2825744
467.1832058,443.3399516
874.5614347,525.7656754
484.2752579,348.1490695
546.7975819,464.3812044
451.6148696,842.0765759
636.4358664,527.6649469
225.9591667,555.4141483
740.1171685,569.2022067
466.052014,354.9926609
548.216358,457.3709636
537.9996181,478.3514362
818.5233071,692.0378627
492.4090828,346.5745301
654.2857915,864.8328792
660.2973921,396.2725085
539.4293152,398.6266391
706.405735,532.6483383
537.6336399,560.8033818
479.3267918,265.4734344
460.7760551,247.3485238
734.8274723,445.0083253
569.0081758,488.7440147
515.0006056,504.7486386
756.1692911,303.2728686
624.6521016,564.3709016
578.5949178,483.2835959
397.0607889,756.2040151
707.5353988,555.6478042
479.1547835,409.1475267
786.9545466,396.1118348
880.5045136,622.441525
553.9506361,671.2335253
737.9998878,437.638982
639.1990095,826.107576
565.5432773,395.3798398
580.9906744,673.7086104
256.4033718,721.4387436
728.512333,264.5063
710.8482433,605.0978353
845.7084783,912.6462953
468.8422871,268.0189317
528.2288983,669.5438817
536.5511653,355.9341377
775.4896007,564.7350814
498.2273875,296.0999901
396.5425619,823.5711257
486.6400345,244.6687209
785.1261984,597.2908077
826.2325493,386.6388154
464.0293364,626.6028271
532.8173335,332.0540588
855.0509752,400.4812187
956.5774549,869.8123216
519.8786325,601.803795
761.1447673,495.6832372
900.7980587,726.6403712
585.308843,964.3261178
517.1995011,431.0960112
803.3984142,671.1643875
462.7970399,349.4336441
689.4333936,70.66290597
515.8842715,764.0761897
445.7112198,601.79082
486.7213347,651.9754996
453.6395096,961.9775031
448.3792955,517.4408147
797.0081767,534.9384502
812.433732,211.1979067
514.9801719,752.3299408
497.0537404,417.8968668
640.9003064,588.2954844
818.0565837,442.5579158
550.8845535,552.439366
165.740588,714.6501239
682.2695833,527.8025329
98.84471175,613.7875444
631.7311961,468.9470531
330.3172213,512.4632527
419.7218221,232.6574125
404.2068171,451.9920308
547.9996923,366.7431305
530.2194873,412.7042235
657.901171,527.3649531
685.9721205,715.6564133
618.2667328,550.0047941
670.8142551,474.4213245
667.7707185,525.2965667
333.6952917,376.8088038
681.1542711,438.9719467
428.0660957,483.7060068
633.6121864,901.3276389
262.3011641,718.9274913
848.5329823,618.4020758
619.8015194,897.7088246
693.7193687,493.3759089
552.2420586,474.8380523
461.6693835,343.5674877
523.6269506,597.6177546
238.258462,420.6977914
222.7159375,391.2055835
557.488895,388.4849122
408.6040088,359.5231782
721.3220068,106.3776357
430.7961914,458.1086418
421.4431482,259.9333892
381.2254518,505.9634277
545.4381893,459.6768921
764.2970038,368.5064249
540.0790276,427.3177142
476.3554321,368.4383109
595.5005202,751.8641333
686.1264965,205.2079543
654.9111454,589.3615093
415.4355025,373.2995987
548.6995751,694.7721569
545.3944457,451.4226526
526.400685,448.571729
635.2662492,532.4585177
469.7430909,631.8691629
652.9802695,489.0824741
553.0130397,460.5588214
651.7500104,544.0542683
498.0741501,545.8784892
647.9454098,910.4193874
519.6759138,584.8435075
446.8671897,575.4911292
213.8504258,405.5766011
603.3976352,311.663524
181.2812698,431.200752
797.7558029,462.6563338
345.9096166,494.5343264
404.2390106,659.9704883
195.0719077,516.1847602
524.3136054,560.314612
329.4028001,317.3220582
917.8427269,606.0648235
389.0850252,478.6749565
469.0974232,630.8726309
662.2717271,667.5824091
705.6763253,466.2411119
526.8987929,545.353197
372.0949767,934.8678415
570.3303115,383.1799645
896.3495282,500.5354153
712.7235559,554.2518863
955.3259532,875.6423108
587.7023076,546.7206366
507.9957853,427.1769732
815.3683141,377.1077321
398.7124098,668.7338064
491.5225705,366.0667131
488.2116436,220.0724009
836.2250732,382.2645633
714.1140934,470.8212103
569.8285483,556.3105988
670.9223258,576.2140772
453.5327722,497.0541034
484.0684944,416.0920981
525.4988775,773.6107415
580.718715,182.102076
557.5498065,429.6019758
704.5348717,506.6235479
829.8793732,461.9582495
155.4405704,627.3119224
570.5775977,481.0550791
763.8109704,911.2491865
728.0643355,302.3036657
508.7649688,344.847382
899.9155164,857.9724055
714.9435591,612.0850929
778.5938541,319.1058495
888.6572442,483.0956975
557.3527805,450.5777472
666.661773,376.2488487
734.1082494,429.1156297
784.1752693,288.1264176
417.5801379,315.2090217
534.9990012,562.1074294
501.8085661,267.4393155
549.7183368,469.6614973
420.1977736,874.0972108
736.3922502,443.3927295
628.0606277,476.3065972
752.5126997,542.4826123
807.2353131,430.6472531
714.0537362,403.2102058
746.117204,883.6557278
871.8347846,686.644952
550.0315081,286.7249838
475.2815714,847.9909762
607.9065379,507.1833985
794.8770838,318.6553782
819.584584,304.8032593
664.2257482,326.3148743
190.620396,520.2775514
556.7424372,466.8552866
257.4185831,663.6081697
45.11871859,614.3754763
470.4653249,221.6203216
468.7753085,736.1540082
475.5141166,788.67322
736.3517574,668.7897601
915.4991629,863.2463676
892.1819605,613.2854861
801.6223337,197.7791053
504.47411,948.5108548
452.1931691,864.000531
878.9670156,577.951317
652.7504807,547.9286143
797.4905698,665.9299148
626.8152981,453.9604192
703.5431351,191.7663159
956.7474558,918.7199485
799.1624746,487.7791368
353.6224691,295.3748691
418.5693128,480.9439865
575.768676,309.6792772
294.2136416,798.521472
880.3156521,679.1874993
619.2240587,674.1612338
652.6919361,877.8977807
876.3573946,581.5469599
555.0791014,704.7130313
645.2444515,868.7195108
598.5466185,545.9490268
468.6581745,392.0098713
640.3361637,569.3615223
679.9343037,615.5171788
695.7591093,543.3302548
971.5663681,567.0098363
788.7015945,571.0392773
720.6980462,419.0255106
595.657368,537.8384116
635.3898548,202.0009786
921.6746522,856.8740369
565.5168064,518.4812656
612.359263,562.2707148
279.7837028,671.4612264
508.7574934,218.9210037
578.7107784,601.6265107
512.7148221,199.0324645
686.0878613,848.7844409
565.5409553,481.3653945
686.9811298,425.7377633
672.909634,688.437059
505.5452443,621.3899586
710.8195852,274.8713822
850.5329343,728.4744749
492.2010909,422.861391
456.5420031,501.5239449
714.6603642,912.7127586
283.0933564,635.0908896
606.0965711,884.225503
481.2744761,227.275074
334.0578094,311.1970062
950.7570678,870.4432949
553.9247794,556.9942873
435.4465417,964.7146388
961.236524,937.2269031
423.0170343,352.7867095
615.3974365,561.704011
282.2524904,389.9615221
579.0401588,428.1256375
662.5408551,14.99417657
531.6557609,175.7221608
750.4485555,391.9447033
632.9910121,446.823123
663.1590482,252.675619
475.9476578,518.2567821
616.5423357,598.3571043
383.833365,932.4010931
216.3870009,801.7685012
407.9428061,454.4986029
499.3987725,354.2219914
531.4515741,366.588328
608.2768905,590.9390783
774.9726322,474.0578761
158.4200197,693.5354083
746.2464124,562.1898974
544.72003,568.9623871
679.660187,376.2240268
333.3903898,587.3836142
468.6809901,746.2590247
772.7730626,546.1196669
881.024793,873.7427049
794.7172698,328.0572749
896.59253,476.5466257
466.535276,413.1650373
279.1126728,671.8403035
806.4667139,434.8737858
655.4298667,625.2245227
494.3511343,691.7841279
558.9782751,720.9830488
819.1224747,920.992802
674.6083692,767.4391588
514.9300915,613.5690156
741.1497873,622.907416
636.5274134,565.107347
782.4881141,564.3053367
553.977047,476.7668678
229.5453938,550.6694274
767.5554984,578.6056913
584.3705875,267.3166269
561.4849638,419.7156134
582.6088735,949.2077482
708.5502356,802.2509401
590.8998907,742.3253819
688.5142685,522.129164
679.2606221,567.0638677
284.5455245,351.8631597
467.4701459,620.4792794
339.7628003,279.3323647
682.9546802,419.3084342
542.7309691,704.0656772
368.6481898,404.0367455
769.1525147,665.4495026
759.0675899,507.8674004
691.6584454,578.2985727
496.2807819,385.1440697
577.0647453,391.868002
929.0604764,872.5726077
615.9654144,477.5703824
523.3019445,431.6673534
571.6574057,633.1004164
533.9326608,385.415418
757.3183848,763.4198096
706.405001,631.1068509
723.3969521,548.0673704
236.6494461,507.8686122
473.6952513,797.658389
584.4903581,220.2409725
489.7664893,412.1938704
723.3905553,345.486295
318.1578307,822.7133497
585.5778962,459.4267301
554.319191,669.5932747
434.9026828,581.1297725
705.1655587,507.8822559
194.0232595,532.1021941
687.1295585,413.4255
537.6256852,462.3397711
803.9560104,49.19222195
803.6678269,533.0336209
410.0580045,463.9218323
653.5234393,499.4440252
419.1526907,614.7743817
444.1252742,764.1771697
493.8092079,995.1982388
490.4790607,570.2177939
226.9253162,702.9262731
549.8344072,391.0119185
659.3128912,355.8552007
386.7747184,360.353834
294.3701298,678.2414886
959.9180436,924.9857206
413.925494,702.0034128
781.1729595,276.8104356
549.1957954,844.3722037
544.5769944,549.4378396
983.0829074,605.6391531
892.8162279,673.7909948
453.6707294,238.5618673
789.4331764,522.630303
786.3839022,447.5979504
410.8312627,390.8140119
550.0471779,411.7133746
655.478509,129.5700562
299.3763764,320.0899706
856.0467715,265.2330507
493.3852993,634.1679875
972.2132941,588.1508781
487.959953,396.8230196
509.9995274,233.4249689
657.4435859,846.8942373
495.7381663,454.0070334
500.8787447,566.9021494
555.4922838,305.4478971
697.3703573,522.9497072
700.7183465,543.2341222
545.3186584,998.6171408
830.8101534,409.2229743
403.5349781,407.2002619
379.8140013,939.7916018
485.7372383,235.0013678
698.6789205,533.5658498
350.2126846,599.5135996
595.2358563,412.5077587
512.3506416,616.9673162
595.8859583,548.5229398
641.0553865,623.5960771
766.7276506,946.2632619
772.1301813,494.5555128
631.2470352,660.429338
590.9578061,547.9552958
332.5022896,702.9238285
434.1525997,574.4083056
834.3625391,732.5988784
695.1021612,432.7420911
767.4189644,373.297969
484.3424163,432.2022359
828.8429343,197.2674777
440.0559199,496.4011289
942.4674737,915.4536343
583.4538742,614.2253958
708.5349253,261.8700189
388.6563978,465.6454493
686.2041714,718.6543878
617.4166087,540.4588761
656.0818862,478.0289397
590.9622703,339.8015181
708.1942495,141.1362421
237.5173973,653.5889434
494.3918668,705.5392993
560.1645509,481.4345322
539.2576065,504.9777605
667.9643139,470.6919192
543.0380283,463.8641444
491.1440385,583.3009148
174.968902,755.8417367
641.660112,469.1898605
703.3465585,547.3482877
601.7451004,531.8091579
451.0290647,512.267143
258.0256006,449.5107821
534.5286974,371.7520332
652.2658404,573.2112135
731.9381169,160.3713263
347.4076705,358.8107189
375.0572431,932.8565789
554.0726238,675.1808326
726.6856627,350.9959397
144.526899,710.6300015
491.7055746,631.9028647
671.4179469,853.5499722
761.3659122,545.8557149
780.6622977,537.1373186
702.7460876,9.197450424
410.0420201,431.9938824
446.2964704,515.7558931
469.991246,764.616045
525.0626099,597.5849931
452.8397356,506.8803751
485.535778,222.5496799
215.6218323,662.2312861
428.7526457,813.0395823
324.3601654,562.9743987
586.9019494,348.8576843
586.1803895,544.1972031
435.0874996,497.9250007
426.0868471,935.7395537
233.2503278,658.3300497
782.4732383,148.3056939
483.6923892,585.3414914
951.936887,871.3584872
865.0442631,788.6567766
526.8406529,474.4197575
764.0616273,360.853176
548.5602397,308.4482117
702.5730906,413.4688338
621.2522343,730.1117376
943.7460006,976.3243048
506.8214791,799.9812415
867.9779463,716.6248849
759.4200406,873.057345
458.0665279,330.6331728
346.6607183,558.2053155
627.5999865,484.6331503
452.7351255,348.8595021
969.6649442,579.1917846
493.6616331,734.6433831
645.8252978,501.4656511
327.2498354,646.6378113
940.889408,868.6998079
463.9399916,503.1617091
329.6000358,320.1598605
710.1136802,556.7300219
697.4114493,542.4365832
466.876671,328.9352761
646.1413903,255.4415673
506.5129518,374.3633462
498.2934524,554.4832439
482.7144798,428.0760773
481.700407,451.4132086
257.0869856,422.7078421
825.3315657,805.4387978
299.7039441,318.1939585
561.2053043,508.0794311
606.7204418,638.7655531
573.3259848,502.5867522
703.2634307,556.794563
888.7486413,443.2851053
687.2439959,425.0383
602.3986629,679.0914294
524.7279713,314.8682849
703.4755123,234.7105464
775.0320306,547.0295521
753.7073197,426.4363491
707.2446386,205.0053048
829.5857967,245.470961
693.2569748,248.2293875
500.3214781,746.7292825
395.5659408,332.2180755
407.3438183,355.2222634
806.164134,434.2801498
488.5862657,826.5062306
830.8554101,410.5484382
520.1914592,411.6037237
485.3799039,270.8508002
577.8529242,580.0799821
487.9368079,515.9805437
582.9985511,587.8439057
432.2880882,523.546331
582.6578004,953.4934522
798.2084894,441.3915168
439.8508043,498.1844396
486.9930394,502.8566172
487.9612563,823.7275788
483.0484893,397.0845896
424.8883471,250.990384
542.8533463,687.8611619
687.2847884,523.821106
527.2356337,311.2364747
776.2901238,460.2709042
211.7905361,570.1911125
840.422003,897.2927446
785.6544475,302.2960185
589.7268728,529.3796005
429.4228218,635.5800563
857.5804944,521.354065
650.8160693,540.5558026
895.491719,474.6281945
842.8681098,946.8379472
836.8336337,250.2937414
521.9183881,395.582531
538.5130363,313.4403576
401.7246518,597.2226729
553.3915568,475.0751139
522.0609593,185.9402965
485.4873754,773.4839576
643.2401702,605.2714841
811.6746605,381.441492
434.8963909,360.2115469
387.0014811,751.4966106
617.8147355,551.7009357
538.2100369,509.5292552
234.4382066,519.4280911
982.7755336,913.9667655
732.9664063,505.0197989
723.3660619,156.7025757
544.4093455,567.5096171
605.4843403,568.1151207
215.0517272,694.7392073
404.9637464,434.199416
434.4096384,857.147015
613.8592194,549.3189327
453.0466339,415.7100959
545.9378102,470.0692407
826.9937331,390.2786489
944.6897391,601.9682087
700.4903404,558.977364
775.0484794,648.2402858
469.8105939,456.1744357
398.1004037,443.6911981
558.243727,442.3444016
550.7176387,549.6283288
324.5872127,545.7790554
466.3410814,416.7854395
521.8315899,586.5154122
470.4724258,453.173954
735.1523435,406.2217195
852.7250135,508.1029367
409.6897192,606.0321037
565.5343188,449.6577912
596.0104329,549.6389219
650.3452712,264.9341433
574.976617,366.5160353
511.1030498,528.7064425
522.5676062,542.7433466
468.9644996,754.38063
845.1630764,311.9859578
478.4087303,911.6808533
425.2763619,420.6215706
605.8835906,634.0780395
475.0215816,495.7708243
673.9400058,839.4976275
728.7902547,500.9414454
470.3315923,597.9370126
372.9147649,334.2099695
810.2311663,319.6258556
425.6371718,441.0911051
515.7727403,758.8978588
570.2672727,685.7000278
642.9411406,593.5867257
566.3282204,361.5988147
908.5151059,845.5984009
657.345013,475.2235229
701.8299286,514.9925155
736.4719774,359.1465039
418.162662,712.3744706
486.1404884,379.1310713
934.4051367,858.8928213
430.7404183,421.072627
547.8347849,544.0982081
421.5129582,759.9876609
643.576172,545.5901332
963.4476737,591.103889
663.7737059,574.4847562
595.8122234,545.5920555
660.2864413,628.4257107
602.4983894,313.9827201
856.7829825,285.125121
939.5565761,870.1634218
456.4851814,880.6526552
736.9220272,663.7603604
520.1226079,406.2287608
393.5481619,602.1462452
393.6103318,656.5309432
164.2721359,529.9032003
861.5518151,598.8773402
889.0811977,504.892242
370.8118208,837.8824914
464.8049166,686.0728576
711.6111199,627.036061
575.1238173,325.9999205
428.0499166,464.7717313
492.7798398,385.36918
794.5272098,442.4084412
281.9430043,673.9673598
668.5000982,416.7716913
869.976505,848.1487038
439.0580263,584.6188151
733.6740941,183.2742626
754.3902744,871.9795359
829.5623669,194.5826392
811.4501,77.0080747
714.2970975,528.3946228
487.9476838,695.4016258
569.6458588,715.8171706
787.1111996,590.4881264
275.468051,421.7708993
772.0344996,776.1012671
732.3193904,507.008726
419.9998936,246.3720081
620.4879645,854.9953667
667.3081597,181.79502
584.3539589,481.9263107
734.1844262,885.2065736
517.9238174,622.7396802
410.4769095,807.0942173
466.5775066,537.239991
420.9293555,767.310014
452.4165312,958.5494706
177.7368239,729.4423405
706.4925182,416.8348325
722.9182442,459.908981
803.7340565,435.1760989
910.8760325,730.5047508
959.2215015,466.1052601
430.5212358,577.2857017
361.5954164,309.6409996
531.6557609,175.7221608
763.0395847,177.1847928
654.8164675,587.652915
548.7346898,373.0916004
603.3234658,511.0766325
395.6245902,605.0794696
584.3775086,633.9033251
204.4468527,536.4987191
710.0723784,550.621664
218.7958058,705.9173526
596.0174588,389.8502415
749.8622863,429.1109286
556.4192289,408.7393027
661.4621107,578.6915024
515.5181434,403.993746
454.3080528,410.9435617
701.0591422,435.237673
588.9521166,352.1957479
781.5564651,625.5155948
433.4226207,736.6662
523.35198,378.6726603
566.6411371,568.5789015
378.2819861,337.1338544
692.8924047,577.9289397
512.2100928,229.876546
588.933151,532.7246844
549.9892027,864.1061076
708.4230496,466.0848051
523.1031658,331.5732705
568.0767365,342.7681727
842.4311081,422.3990102
340.6340172,280.07021
701.4377941,509.1136557
493.2368707,218.5002017
495.0078877,427.6735991
688.0024233,540.8143222
454.4085283,415.9084621
628.455294,868.3703119
789.3805642,302.5685997
680.9975731,564.6906611
404.6158798,422.5710292
587.4077124,464.9025268
634.2381994,568.0652471
484.2661346,508.6554118
436.1066958,421.5832935
522.200819,565.5372797
465.1682882,345.8987395
675.7957836,442.5952531
388.6554839,668.1444745
573.4558973,453.5368592
587.8654623,511.5442577
266.6929777,728.9252387
811.9599677,318.8487089
447.4150185,512.4658017
494.0267575,407.8993492
567.7630109,567.8600069
898.6116272,559.5031159
525.3510631,469.8822408
563.5266968,722.9326954
655.3109201,638.5243336
786.9562394,471.203317
701.5016118,280.2331402
463.2493069,626.9045551
407.624062,359.9206209
236.3781608,515.6728818
499.1287306,995.6920649
470.7574633,279.0955747
480.3806383,518.9828432
381.8636441,869.5780389
679.6246079,378.782353
761.6739452,315.9299848
218.8262466,499.0604768
576.5069393,458.7766807
705.9446893,254.4886199
837.5646913,205.5194397
606.9119849,342.9915906
712.2506155,387.7420523
623.5427067,544.9497577
561.3120567,422.16993
625.187047,741.0568538
673.6478824,537.1414138
552.351882,683.264432
830.7589344,385.1473291
478.8632294,307.0925563
817.8014027,690.8299895
531.4664948,549.205897
578.3032587,364.8854795
502.0920906,246.9744613
804.7844275,745.7356338
514.7640755,578.470153
723.2390406,199.1413632
662.1408408,373.0679068
571.0796006,650.4020885
829.1592216,334.1675968
501.512308,458.2145109
473.6553727,595.8826669
846.9039972,659.7428289
942.9262573,871.2445948
528.435542,327.1190994
697.1964914,539.6241251
789.3436968,646.1163218
640.6824423,571.7613686
517.9288958,411.3701514
674.9796057,255.5023893
529.1066768,515.9788513
702.46108,204.3977327
615.8426626,595.6575357
253.7670852,460.1077441
659.1830386,841.8930653
612.6701722,528.0344964
437.2454528,592.7943892
661.2159481,691.9586333
556.7842034,456.3059625
578.7205458,380.6569489
588.7717041,610.2058167
753.1357016,550.9345285
411.4961806,356.1788255
708.7358913,543.5220812
872.9606133,498.8882071
474.8003168,460.1137616
453.5928148,765.7297706
775.0369443,648.1299454
733.8695771,510.4298635
476.9542402,619.4891617
523.3186031,577.1181748
567.5269003,912.4243609
445.4278002,534.9114971
513.9841808,544.0785679
838.6033324,443.3768919
446.497646,429.3268456
478.8699407,586.2489739
634.2434127,530.8980817
656.4073417,663.3141306
938.9229379,891.6637542
952.3268043,871.0793663
692.3006076,414.8938569
728.5422494,439.070503
944.2365882,522.2692782
791.1300091,324.1339537
876.0055581,615.4363196
791.4424313,344.3495444
838.3826519,736.9172604
594.7982554,76.70663917
679.6681418,436.4194499
702.2428113,556.3877389
677.9728971,176.4940213
605.3909507,512.1892717
589.2318959,522.8913298
580.1010912,298.9743148
600.5538361,399.6869809
675.3489545,430.4979457
548.508826,323.9633346
495.2639376,547.015992
714.2248156,552.8751281
825.862751,468.6129605
563.1022789,650.9108537
499.6467928,324.334472
497.2167903,833.6707933
433.3317029,309.5837714
579.4848905,328.0642534
771.3115016,424.805062
584.796069,467.3239564
613.9201159,890.5876376
565.3344465,484.5487392
823.3918362,689.2500595
407.7732547,424.6177695
609.9525105,618.6507126
473.8325343,743.2806695
719.3594767,313.2183396
475.9107603,315.2927643
827.5317945,740.2693229
435.7602374,649.0728847
830.6403173,723.7713535
452.705988,373.1953384
593.4140398,383.6289733
505.7411018,415.1872274
716.2170525,507.3379921
837.2919379,806.2676985
737.5861661,691.5382491
148.3038153,501.2972467
663.9547925,954.4602105
604.7335231,368.0823634
275.1443783,543.5739188
775.8092287,306.9737956
439.8302808,233.7759019
502.0736794,251.1960839
775.3612612,769.5002741
775.2373859,458.9888786
207.0423169,675.4402924
477.1024591,204.1084992
396.9685528,638.65889
163.6784512,708.5357068
338.3737009,275.9415023
526.8195751,544.4433118
744.7626501,386.3437734
636.1542744,789.5094127
503.9434341,508.2175604
587.2389999,381.6470456
608.9236817,560.2468951
479.7186117,452.5350828
483.2948617,363.8236542
433.0646422,517.5664912
432.4036043,797.6556728
475.902521,413.7121636
580.9248193,409.4314949
852.3443692,726.4628571
642.6520883,479.1498319
522.2443678,591.4786201
541.9314497,398.1649896
446.2413864,601.2168242
677.7842453,435.8961008
752.7989657,672.601926
522.8638343,219.2158577
397.9648734,662.0093934
573.7337142,524.2982587
772.0291515,621.6082993
392.6087978,865.9977112
569.2672818,482.007943
435.2652904,639.128709
429.3671835,402.9049049
530.8614398,702.6242316
383.3952248,246.3751004
441.4769581,395.9284286
483.3401783,423.7750162
471.6558253,602.8888752
466.0351457,780.1724123
782.2963763,483.8149891
190.7903369,553.8257354
549.2342509,602.4718758
64.47926639,520.8487682
467.9062488,913.6612557
461.5121912,647.3712898
842.6975397,69.60659666
475.5769456,593.3935621
596.9518193,305.6045801
382.1818489,299.2645512
628.3385495,489.2910365
563.2350378,430.7262319
521.1592866,575.1878968
643.5600828,541.2791894
479.9880544,409.2361375
645.6207664,175.1911855
503.3681607,262.4698395
465.6756991,494.0690831
259.4204076,718.9611513
633.9777002,585.1513783
498.6208703,635.8567326
542.2947314,604.6982405
610.6723176,487.3426644
239.887507,792.9532619
180.6774732,512.0256102
504.8998163,632.8813026
703.5178777,151.3550882
741.2178746,569.609574
686.8371354,436.702269
486.2924675,316.3281379
593.4023549,624.439123
692.1980947,624.6459512
516.3512945,698.1557273
259.1632192,804.0010714
740.9250321,743.8039559
528.7053142,465.0914907
437.1734107,499.5975532
467.2830221,383.6449988
650.1352869,198.4761867
376.4026288,569.0785151
542.3058771,711.9891462
571.6263807,386.1796732
779.0835579,479.7100377
930.4626988,511.1252525
751.8148393,371.2393609
520.7713766,201.3361364
436.7980545,498.3383855
474.854427,456.7043872
460.634937,268.9308437
614.4063741,651.0245998
395.3499792,747.4524185
622.4110954,223.2470329
665.6507563,489.0464949
688.3639672,547.8041706
753.7005335,714.5595281
469.7506262,446.0433228
390.3634023,487.5615483
719.612111,607.7704299
355.4132607,577.2546116
629.0987745,391.8860543
766.0748371,290.4445064
911.1670174,856.7640517
557.9122493,691.7683321
823.0581863,973.7260296
426.1204488,328.6732464
668.3255133,321.9865259
524.1549749,553.5931242
569.4099878,573.152272
418.5840088,431.9909364
426.966603,515.4209647
251.8636988,545.5030268
490.8853669,623.7831607
521.0269322,201.0607346
477.3801262,524.7445722
864.4234633,534.2272863
480.8620278,309.7724219
869.7535474,606.0254594
914.0989329,437.5788912
491.6675087,714.0752715
969.2375301,912.5156879
784.6064734,529.378911
511.6175316,538.1865658
531.1166358,399.2105803
713.1331729,412.3134877
790.1268422,322.3604422
641.750895,203.9442317
774.8816844,355.7279154
629.3446825,591.704608
452.8410539,414.6097841
574.2043326,982.0715334
322.4318512,590.8128586
330.88845,421.6356744
475.192646,407.69133
491.2798984,625.0960046
900.4420876,567.6043916
728.343965,458.4012392
786.1044224,398.8352224
898.1057893,847.8824327
778.7417135,667.3754765
868.5734736,736.8712313
678.5238119,397.4894706
265.8825824,724.8214992
478.3044347,600.4212283
493.7733741,507.0465647
428.490963,354.3954312
572.3847781,645.5776157
651.5067989,354.3210282
493.0963668,984.1368066
683.2438375,619.8115538
415.8192029,702.9460387
463.1582693,448.7459419
708.9591185,503.2889944
672.5360456,435.1795046
779.5659061,636.2157516
573.9389347,465.7392626
599.2462466,515.9358518
736.4506599,357.0809591
444.3773842,907.4328
781.6397727,597.8895836
576.718946,368.3349909
644.0825343,519.1266765
466.3989967,225.6024589
665.1934857,497.3583178
507.6002951,544.6534621
553.2794862,689.6243518
545.6819101,549.6156044
562.5402185,266.0188056
662.5475515,552.6489313
470.5190457,640.6598101
579.2735579,341.4516723
217.522642,356.1206152
671.9390651,18.76952752
206.9182019,524.9560597
420.2721826,234.2391603
692.8070597,194.2726164
458.6677329,774.9266569
711.2521676,406.7217929
177.7161356,478.3305424
930.727812,875.8780143
650.7661386,861.7893561
526.6269234,474.9159864
544.790679,329.7890405
699.7981577,207.021958
487.1405543,278.1559994
478.9229874,452.861967
514.6881833,564.5135648
627.5885563,607.7813992
460.9217573,538.5014361
821.3497136,254.2428038
928.8356312,858.5183826
522.3601835,771.1704238
379.8462847,324.8762912
724.0724163,454.6284164
512.020602,651.3592983
794.1493669,187.7444384
501.5098512,283.0233672
342.2676164,815.1547917
878.2191946,445.6384001
819.4570534,363.6053762
712.4576037,397.0886639
448.2996132,530.4155174
798.6875119,450.9621731
515.5135594,416.7144004
595.399041,630.7801965
626.5708732,528.3717022
213.9001467,509.785957
477.3589435,249.3879095
493.7500641,390.8252946
717.0532895,522.8285647
812.9763625,442.1749525
432.0235742,518.3424677
465.3496594,852.8521386
721.5882436,322.7169539
352.7844943,302.3963508
579.5015041,601.3564578
758.3197989,280.5194486
717.1248223,408.4084904
512.3923928,553.6015444
777.5343449,429.7801585
610.8501533,591.8550019
487.6601445,512.7507729
449.910217,499.6740038
572.8864664,357.4113744
720.0161252,539.9944477
478.8679034,610.5437329
851.9599797,139.8265949
752.2877497,317.8019481
576.1090972,981.9467971
770.6228693,465.9064761
557.0213926,359.6706052
589.0191701,531.7287374
405.4741834,604.1800313
356.7606687,293.892597
755.5002385,493.4609468
566.3524292,392.348853
749.2873574,305.782136
811.3067198,610.6897182
795.1185426,540.6467327
508.9709383,734.8664458
569.7193091,904.6034598
597.2075097,347.994058
920.61363,859.0668461
641.8869795,396.8405913
428.041018,835.585986
768.2802641,551.7476752
521.6729894,616.6809243
407.0937157,671.4483558
540.8347135,381.0499413
277.0652471,796.2331779
558.2659733,399.4130835
499.7512082,225.800261
437.4020909,714.6550548
615.2532025,556.5165495
562.6933061,481.6363041
696.8573736,496.2857113
717.1936286,172.3229618
792.8602936,551.8351786
770.814697,448.3988951
874.8378584,559.8856822
369.1410994,780.108101
488.7125978,389.421834
563.2714259,555.5825109
471.8768204,940.2357215
474.2360542,753.4682166
587.6605415,521.8970543
450.6289305,498.7984471
592.3507105,749.162935
798.8437305,576.356615
745.7234366,908.0689132
703.3266941,481.0176791
508.8226145,449.8807912
590.924489,842.9152131
691.6385361,533.2804817
555.5773441,554.4950071
708.8360671,424.4293279
628.456088,790.160465
746.5909083,534.8104545
185.7064604,680.6994407
268.7308907,720.5851673
960.5627676,907.6084964
406.2520556,862.3416014
564.5493236,565.7624527
961.4240223,542.083707
952.1651927,876.3753923
970.0058297,894.0300242
343.8230613,581.5979618
422.1958828,323.5474425
411.0887508,817.9777594
509.1908698,407.9797696
882.1318808,648.9612697
532.3707442,371.6312877
526.0932214,481.2276414
463.3741709,694.1591523
742.4580659,671.2790948
653.7428315,291.0075955
635.5483955,658.6805231
485.9740081,345.4034927
613.1227837,596.9032269
666.1564294,892.1124705
464.3668663,684.3223711
379.0007746,338.8880182
405.1849812,661.5517137
591.3471392,569.3667666
733.7187365,64.54566821
582.8565192,381.6516423
706.6255017,563.8189071
290.7638436,679.9573958
263.4071584,519.2125293
797.4839783,374.3198243
604.0666877,618.6140857
564.5238564,384.6192998
396.8881065,422.5687518
215.4623928,471.7076944
464.7144332,508.4302597
871.0964613,728.5173281
648.5004443,581.1655428
758.8167233,370.7413979
624.9345325,576.3690677
690.422164,194.9133888
570.5857921,481.1686162
539.8950648,412.1288488
943.1386685,891.968888
534.4204619,433.2211452
580.4236104,600.0212992
601.1181886,275.8389344
593.8832799,701.4000403
448.0658395,436.0503392
751.0530563,902.9896817
610.6262669,505.5095298
602.7964452,565.4957637
374.736162,342.4586512
487.8384147,495.2371118
776.409415,426.8039554
955.1896139,550.9674572
431.9063803,457.2709657
725.001264,316.947139
294.9546613,862.4158999
445.3944831,510.1262759
712.489213,552.6453584
554.9704914,482.6713435
405.0887752,439.465919
777.6881067,416.6755587
748.146533,312.0719778
429.7019869,462.0187162
229.2988566,342.4281253
529.9689802,473.9107416
905.2636373,728.9093803
665.8322773,625.4699627
575.7697246,673.1257556
701.3864403,513.6327022
712.1814497,550.096539
564.8834678,335.546131
824.0371293,726.3266292
708.3403112,273.721552
572.4983167,526.5132572
753.4420417,507.797009
470.4882154,824.5705829
237.0920805,664.1689187
635.7146212,853.327787
610.2281701,286.9279466
527.0908304,761.7541521
677.4187314,306.6640235
419.2180964,593.2529047
413.9656123,844.8027423
721.2657543,213.9776241
860.3956954,725.7058939
714.3244822,474.7586139
702.4623833,540.2357298
520.9254081,612.0811439
690.1480923,527.5317069
560.998421,326.0212531
548.9590706,475.3407583
315.9008251,831.327444
855.3917858,290.2844386
737.8544253,289.6880446
471.296843,265.6918169
853.6107317,363.3132384
609.2180972,679.959715
716.0158918,184.1689998
791.6400117,444.2556035
644.587803,469.6881579
555.1571358,655.1488988
608.8647776,643.3992859
512.3158714,450.0938458
713.3069788,156.5724906
581.1774087,829.839614
545.177705,549.5881499
718.3956042,320.0683454
376.7420612,607.2483345
397.2596275,473.5195043
548.9841782,405.9868518
610.083187,551.6815044
509.1392313,535.7848181
713.9830573,547.0075509
833.7820374,386.1329127
758.1330646,351.3442819
548.6262896,455.8241713
693.7611199,644.2096956
420.5499995,790.2144547
431.5633824,380.6365983
594.7581521,256.6425247
606.6638897,501.2494834
972.0479223,486.0607642
230.9310625,765.8381887
829.4193612,286.8421147
571.974457,795.4422831
477.9068622,224.2922894
683.161144,546.5649356
410.3115976,446.1357781
585.0984093,731.596329
478.4697466,468.269988
715.7477075,513.0324429
750.4746818,569.3966657
589.3655985,904.4778042
395.8031301,371.2787249
386.7161289,831.306174
801.0362142,579.7496503
786.4930515,501.6093172
558.1944705,472.1080832
543.4917484,479.4738537
440.0278611,890.5730328
863.800821,577.9922898
816.4614699,160.8691431
796.143716,249.2880996
732.814577,486.4348894
628.6116624,560.5248877
732.3057879,234.8351364
518.2552052,609.7801464
478.531542,239.7679229
763.898892,311.6315564
189.7987801,670.7757829
410.3702769,783.3591418
539.8926978,900.3903409
872.3868679,682.7976635
669.9208668,578.0079811
483.8046395,380.9281928
476.1253138,714.2723422
854.6477699,695.6557994
666.4791584,530.273293
433.0405832,637.5677506
675.1656808,441.2422303
910.8517038,854.891775
900.476708,498.0022035
821.9998905,320.1715402
584.95043,734.6711092
420.2024625,316.1772008
722.7052787,408.4696049
599.5386547,753.0692277
678.7613008,335.0888901
464.5450915,686.0643747
446.3752089,573.954742
959.2346995,570.4428624
438.809197,628.1363309
592.1094166,636.9355237
721.9736518,907.2349562
431.0081681,402.7818193
547.8979285,749.6370164
670.9231048,949.5959349
183.409022,544.5738356
537.1041774,374.8318698
860.0576562,466.8113259
561.1385953,739.2017101
597.27711,499.1471236
535.4369916,289.8381878
663.5797959,490.2073361
642.7704507,499.6941663
854.3411152,135.517824
553.406133,837.2838827
505.8372778,344.1690215
783.3355867,680.3579935
760.9499584,143.3687705
411.7300741,361.0091695
808.3368282,389.4549717
547.4830383,564.8654799
394.7356062,264.2245883
442.819827,222.1994363
755.5688651,364.573806
410.7770176,847.700489
703.5679881,473.2185076
567.7937513,475.8554782
173.3423287,738.8975374
814.2383357,292.4509007
576.5748917,416.9400331
948.2600567,658.551232
460.7962341,274.4857862
574.531331,467.3219924
944.7891359,893.9035328
804.4294152,241.1101227
649.2993644,519.4878893
415.9453702,381.374757
875.7118617,719.5285655
638.4592032,465.8987245
724.0875918,585.3458582
332.1594865,559.2682273
439.2928036,286.6833841
633.5600236,521.509557
654.0498757,520.4099974
493.2847789,744.7919005
476.6876738,418.6963489
646.860763,496.4998941
437.4732642,573.6420864
460.7634563,608.6114282
420.2102225,242.9008507
697.7504473,538.0991877
599.0937732,621.6735925
288.0435303,594.3799606
280.2975404,587.1054544
821.5539903,759.5402401
450.7316381,397.5796275
456.3228656,530.5850919
480.3288501,294.7629719
632.7927127,970.0642994
489.8981995,413.3652421
480.1850355,396.4127689
374.4416866,778.3104362
477.297313,657.983567
221.6060931,667.3773987
385.6057003,599.2264137
639.9196556,529.192517
746.6735867,444.6309197
547.3477477,410.7682415
694.8207639,506.6979718
559.507408,391.0356748
678.1239923,521.1030672
737.516431,423.2493688
366.5229544,345.4010063
675.4711221,879.8642259
400.7170656,575.1367069
795.8075044,359.4205685
494.8898549,587.2825507
827.5907435,337.8787409
789.2461875,339.5281012
668.7153707,334.2610549
865.2511913,283.1090738
746.0319938,686.7245366
176.2509643,704.7165414
271.6062392,347.989733
774.4278894,417.0294378
442.924557,782.3014743
661.389784,664.8969857
663.4291201,692.0649621
735.3615638,295.741389
823.3611857,671.5869029
456.46686,857.4896114
723.4099703,314.1086264
250.0473203,741.2850982
487.6425122,331.9528908
281.8766848,309.2692354
400.5939244,396.462747
661.4699906,868.4502936
486.0555479,555.4231118
458.4692388,916.4499574
874.942873,595.7190054
466.4149062,914.0921286
493.5947294,579.5360526
927.2128032,853.9925456
696.7943648,933.42953
679.5905418,761.8843834
496.8999038,667.9046549
564.2287069,587.4234379
452.9639405,433.2493519
215.9255358,641.5555711
451.6376552,532.0051004
502.6661207,621.5766242
917.7279748,891.9089017
397.2479426,925.2433835
726.2228043,298.5956765
467.0895465,842.3538164
533.1953562,359.3944094
384.7365807,345.6904279
584.5647971,354.7599453
416.7333694,392.3499186
470.2042864,679.5618544
502.8315524,217.786823
496.7250791,536.9728213
666.9393651,582.5756685
148.6848641,524.8895337
554.8345716,395.8729555
518.6032216,604.1366557
694.585672,474.0398447
646.0166311,969.5469259
413.9897012,569.1156435
456.1201469,412.9446072
714.4878616,414.5398942
477.306601,602.1967247
813.2652501,640.0698933
523.2832037,403.0197166
871.5094789,790.6705046
556.82179,592.9948448
507.388618,425.1217291
598.453184,611.6232971
753.4499215,269.1119307
374.2021004,578.0935832
563.5903797,317.6150318
661.457212,502.7189476
808.3144171,319.1105506
197.6086027,540.2882987
738.5387881,319.596834
609.2206888,648.5578304
499.0370938,715.9694031
574.4527723,456.8907812
467.1863368,539.3624506
442.3810876,335.4966753
571.6188005,647.8019329
516.2862483,368.9049332
574.5707902,392.0492979
653.2472253,539.5587274
831.008288,198.7296708
878.2736344,430.8788405
783.3208457,448.9481108
437.2324945,364.0356223
509.1667359,406.9388799
550.576161,399.3404147
647.3015098,539.8685831
660.802541,399.8291427
900.6425292,543.6655174
831.282869,725.4834371
520.000755,565.7770366
709.8356836,156.3962928
800.2121266,278.4057435
479.415103,634.5050261
234.494474,522.8355641
977.4770288,558.5142519
584.1714192,241.0429072
718.3896119,502.1103934
588.3884232,398.2022224
898.8280083,910.7642821
549.0391424,465.1772599
570.4967319,330.141248
484.9642048,678.2466076
569.3003591,982.4486882
350.5139612,270.3018561
704.5167301,122.3460505
545.5142462,283.8018928
635.7416913,929.7864789
552.1266324,370.0639567
532.8654065,994.0078537
345.7271218,471.9645216
532.9790051,314.1298754
622.7469924,317.6321438
155.8809128,696.6917373
524.7031183,547.0382648
658.9770092,479.5846955
705.4318105,476.3770513
828.3967944,232.6947916
522.568505,556.3131897
380.4977049,326.6522264
769.517714,260.6436337
568.3686801,480.6682295
552.981041,800.0383653
302.7184482,659.3860874
488.5831497,281.4642475
588.9578991,548.074537
836.4076428,730.2685877
830.8802331,743.083933
495.372233,565.4484182
441.5780028,486.4494942
794.2886424,459.2618985
444.9436093,634.4282203
779.1519747,594.0825158
843.5650714,399.8933912
368.1034021,343.2127102
571.6436834,508.4399336
591.9233864,534.1933129
501.6036453,249.5959496
799.2255883,444.4966767
544.9878548,314.6577376
906.3469059,466.7740722
626.2129246,465.7807578
426.0525563,400.2423394
251.1842497,752.8231609
899.3129182,550.0798239
960.8972264,563.7600282
623.5571031,846.5169153
389.2694525,583.6269006
677.1777671,521.3880802
568.8045283,483.4207431
396.7561566,277.7230788
649.4119892,883.678126
503.6422923,489.6714507
586.9308621,585.2148956
561.3589163,414.8642921
417.0671991,582.5043996
684.3676737,629.6500901
854.9952021,678.8890725
788.8421733,338.7900887
399.529112,928.8782861
661.1963683,429.4905071
402.6760903,884.4831868
553.8679427,313.3022284
705.0781763,573.7213577
926.3686563,633.2863716
604.514071,275.9480421
840.6603907,412.0356831
573.6255686,542.4546981
896.3986649,479.7797814
534.9083081,482.3408028
720.0696512,173.3465722
203.7928557,736.6986899
604.3031729,489.4424751
240.9413236,689.7333759
302.6106472,692.2289579
624.0061193,451.5957164
771.6984978,350.4125835
689.1886092,194.5720043
448.5606816,633.9644605
581.6756664,524.4939505
749.0147688,70.04313179
694.4302174,495.5997245
702.7935614,365.2140352
355.7742953,305.1752324
746.854928,308.153901
745.3068985,310.0231899
766.8879289,300.5117885
522.2339862,566.0039438
859.2849822,671.0842179
673.1323819,504.1878686
564.2936781,472.379557
506.6530213,437.7476926
544.9369204,756.6333837
451.0580973,489.8494663
966.3418079,552.2873842
514.377364,546.4243409
607.8206386,497.6354329
271.2497737,727.5009887
565.7487824,462.8866049
561.0584336,349.5349792
952.472896,640.9433396
497.8576941,447.5681558
682.9850161,256.3917777
456.4948889,390.404409
552.8330168,443.0022444
893.7424989,539.3850368
648.7839538,468.8875266
800.7996092,685.4003891
837.6678933,459.3022655
503.6907998,989.8430415
332.8411378,421.4352188
557.2411743,418.4810169
520.4265511,365.6069649
583.7499226,476.0921846
278.6404366,582.8635857
443.712721,542.2263284
721.899782,302.6103456
711.8844276,557.3291529
553.6757255,479.4953952
487.4886306,727.5698131
575.8410777,461.8258451
776.7343162,694.5553205
511.8166699,726.1384592
757.460986,359.5429438
573.3037834,485.5936823
392.1753615,588.6847367
308.6404643,685.1973218
624.3129238,255.3854673
642.3695375,501.9383117
940.8411252,600.1495247
629.1277921,548.0593471
523.4587175,472.2327568
426.6156205,278.9049184
637.4295954,543.228648
514.7193432,497.0275891
479.2204739,308.354273
772.2691721,583.0255339
563.0383264,561.0730169
500.974726,541.1282732
754.9680795,424.816282
321.9975011,575.6237842
526.6487053,343.116097
231.898096,668.0644929
546.1837632,464.3532066
436.6576406,457.7427487
442.7355457,423.7319122
739.9781626,571.6320566
608.3934252,540.2018191
451.2769801,511.0568461
427.7420784,232.2784817
705.4734119,275.8179988
568.6305875,451.0316661
800.002307,380.0266651
829.974995,544.9447432
388.1319838,823.3211726
538.103704,507.4175976
788.9416001,394.1092641
530.7405307,923.6331575
775.9857761,644.9651544
615.7990538,597.7871828
607.005809,492.3058932
715.1717899,150.0482199
438.5864791,276.2200591
846.8237457,238.36628
754.7194301,355.0321085
758.0726175,364.8199146
965.068749,963.4167549
780.5862108,300.9169829
544.7282544,433.0506096
544.9920644,484.0052693
779.2806438,543.6238551
724.6471655,401.3991063
781.4654874,650.0647782
556.7306624,735.7033906
553.538802,263.7030988
492.775016,360.6832881
651.1601008,298.0787418
539.2196904,911.0253298
864.7106731,526.0575415
862.710092,670.4370518
531.0968913,410.0018343
501.7567929,621.584919
972.6983838,573.4991934
371.2740199,637.3895679
668.9536386,889.996091
607.0604286,560.7482011
461.7227747,400.8240659
489.1457494,687.9386154
846.0063693,359.2171669
472.1155077,722.8948776
949.524307,632.8368614
861.7252016,787.9683243
518.230487,184.4962601
499.0034471,549.7651208
616.8498892,650.3440663
495.1337105,723.2955589
865.0027516,599.4020891
217.5817258,515.3124003
751.0010433,883.5198134
704.4128989,412.9236716
530.817022,348.8389843
303.4818491,310.2199263
769.4402338,637.8244942
450.8917367,562.5519042
768.0454718,356.7688886
668.6971842,521.524517
515.7137763,615.6313428
344.1696695,273.126746
786.8594192,435.7117962
543.7287579,442.4478052
400.2440204,276.0735723
917.135189,514.6753678
199.0681263,749.6179612
923.4453397,870.5435227
386.0910746,435.1972852
236.3827599,724.6711679
633.1179884,623.1327143
926.6801198,863.1658636
568.1388764,490.6924495
676.6041265,432.1624749
549.3503362,367.7445935
458.8090757,282.1933591
798.6972643,670.4375324
619.5624575,874.4381984
598.5646403,673.0700944
904.9891611,848.3541739
436.1365073,523.0829055
493.0234108,681.4723041
704.1224533,548.6274926
685.7334332,381.4686958
804.1934843,335.780748
959.0016749,906.518548
498.6836693,655.0783612
375.1298095,518.9691996
438.1609677,774.793563
791.1151932,344.5282703
433.0020978,365.274502
421.1877424,331.5922003
909.0549949,511.7675712
748.4500418,435.5285363
941.5572321,869.907117
758.0432554,126.3739872
642.3630658,573.4956833
805.4129573,390.7651621
237.7007309,655.2700832
502.8300693,341.5411815
544.7102327,517.3680832
650.7856135,934.4060875
696.833015,193.6128514
631.1412566,469.7970775
861.8016181,259.6109344
518.6887313,428.0584428
415.6100575,474.6666601
560.1216012,396.9954983
466.6425078,542.4254467
415.2700258,571.7903484
282.7181651,712.147438
385.5118164,344.1493186
189.4794668,380.184748
500.5704571,533.1202467
705.3929656,258.7736344
543.3173132,200.2393348
568.3587479,450.3273972
498.9637633,506.7962355
904.920984,854.6317929
620.1038896,723.2226602
747.5341225,554.701501
488.976213,577.85999
245.4205795,750.0384081
973.0029712,904.0435465
532.2991365,410.911615
818.8486427,444.0935091
594.9654699,542.764324
510.0597797,557.3341257
620.7043455,897.3503907
818.8456316,513.5155922
485.1574557,930.2887043
536.8595278,512.9275766
472.054761,367.4047341
483.2222353,403.0012674
569.3140515,799.4526063
302.141482,312.6204413
730.8764055,161.8071932
561.9534399,700.8633191
396.0935757,435.6706562
424.2105458,373.8747018
378.2336734,629.790246
313.946849,432.8794055
579.5078709,981.1909831
590.2785217,508.2951183
487.5571822,224.7597265
907.0475826,451.1945754
480.9185349,385.7392727
584.6287497,688.2224792
522.8159111,745.949942
531.5488437,555.5059559
762.438155,640.1267036
319.0325681,313.0244238
828.0327786,386.4988267
720.635307,541.5096485
851.5823015,728.0263854
877.2572995,718.4846462
496.6329179,284.3801509
723.5918958,163.2618019
380.2689798,463.1285556
439.9576915,519.7636881
949.4180939,540.831288
749.0993498,321.5768394
702.1258871,904.7658885
550.3820113,310.1613818
571.3776563,809.7064496
573.0937841,454.3055438
413.6832113,725.3016816
702.2999477,572.4154923
423.375657,455.6865226
408.3256077,424.4313128
482.0280347,805.2024884
538.7208035,455.1418618
697.620385,570.5168475
363.6376138,346.3996486
447.8456683,372.6317269
593.1814197,365.5148439
728.9749217,314.7419816
577.7558793,595.3563509
640.890554,606.8028777
895.2381709,415.5107477
621.1980341,437.9113541
465.0193951,678.6096382
505.2578547,259.8101364
494.325008,555.722249
556.173201,300.7902826
392.1918403,462.2555898
632.4327268,548.8199667
698.8897137,542.0576941
774.1437207,358.9692823
592.4373438,418.870332
457.9579479,931.8827167
489.6405466,388.7585798
531.6557609,175.7221608
469.4524805,242.3418776
437.5116147,628.305383
604.780967,246.9331124
863.0624228,791.2702416
542.3542946,394.6157727
648.4178857,208.4925923
781.5314024,434.2482449
573.1228916,736.9894905
592.6568109,858.3976162
734.4698683,894.7249744
977.4642503,916.1574645
251.3519735,696.7414855
737.11772,571.5067144
619.8190318,691.2460277
666.9420017,854.1405576
370.3247386,338.7135128
232.1599584,767.3893061
482.681762,604.1619999
389.4455055,448.1489002
662.3723074,505.182165
319.6038866,714.8088544
748.8295775,439.7536064
631.8527344,555.4169481
568.2221241,660.325224
258.0028749,430.5385842
953.2110694,632.984372
643.5308105,847.9954057
640.9400202,589.5125718
702.0068355,499.5518792
750.7424617,507.936162
407.2281674,854.954958
550.0039287,508.8711617
570.8802076,556.2067982
694.5320561,538.4137028
438.4178565,581.6717798
529.7661717,431.8179772
522.1880105,585.2057232
501.0617039,455.980708
428.2940568,571.1490744
530.1350562,368.5128393
491.3471167,406.4607033
473.382095,392.3259743
581.7880066,756.9803678
792.1670622,597.8871181
458.9776384,777.1361394
461.6670765,409.0560325
788.2052993,647.0256638
547.1765634,341.3838509
574.6984106,412.3781332
562.0870826,318.8545592
561.8614285,729.1386276
818.9559793,683.3212424
968.0527524,971.7700939
502.6583757,617.1596859
726.6428329,408.8215618
712.6983584,399.3273142
827.9311047,382.9376794
942.4131388,562.4702929
620.9548976,367.2151643
699.4794286,540.0140879
495.5070443,733.7759959
592.5139251,376.4918024
773.8214261,286.4198918
752.1133445,509.6518811
629.4717187,533.1045973
793.7735913,595.4355595
502.782221,819.9241883
843.6124403,616.3541027
823.6135953,393.4020909
694.5401756,195.1598736
442.1261912,578.5346941
747.1734174,512.1500539
424.875988,888.7511729
613.7795971,616.6903056
722.4465922,460.5105566
563.4358539,201.0238361
701.30135,493.5193242
387.5091466,323.0713971
289.1299448,411.5754334
459.1318047,432.9051676
730.4008585,505.6977415
636.2293876,386.2667378
749.6485118,554.328901
630.8261977,976.102036
508.9670883,386.3649807
659.0584442,504.2616657
601.3026308,570.1713469
486.6490079,806.1922717
775.6832261,433.8131097
426.5674725,304.6534295
551.064936,852.0219634
628.5117862,464.918824
719.3245267,619.1018734
952.5100781,906.4534636
482.72988,583.3950416
561.716715,594.1482269
446.0509369,233.2074221
652.743215,538.9993155
705.861142,150.3939086
605.3055458,532.3930155
424.1332454,433.7426556
695.3488332,249.4099317
232.8966188,653.7699676
977.2438094,907.5770511
489.1141702,357.3352581
492.2919488,464.8997061
272.5552508,715.6626606
548.343604,473.6005934
193.8884632,656.8018737
787.6220861,873.1725745
710.5005565,431.2483482
427.3151288,852.8463301
456.7094722,394.7138066
687.1588157,557.2920873
379.6137394,964.2442766
578.3012963,429.6652423
805.1172385,535.0863159
536.1686184,395.7325279
589.889638,910.656825
560.399538,523.4007009
538.5457691,354.1297451
627.8066751,592.0117266
815.8947355,724.150744
603.775553,547.4267441
902.5244333,729.8139167
371.9988006,583.3049891
598.4208706,267.3175462
910.3991822,856.2587549
623.8727462,774.0776981
537.6123074,760.6134943
499.9625258,449.2709834
738.8946094,446.8981737
377.3629808,963.3183866
416.0761367,654.5771178
511.3374377,559.8610902
385.0586056,444.3902644
874.2311255,683.4664964
732.7183411,485.9583008
945.5984826,885.2364309
466.0646277,454.5632276
697.7527094,547.5898415
498.162671,341.1882636
470.3606099,933.6348538
872.3377612,526.30131
824.1160027,636.6866989
719.919335,526.346984
495.3600837,625.6178911
237.353104,526.2009569
549.4740917,258.8308209
975.4801779,577.0883802
720.0299973,698.5966919
806.8543093,775.0235625
908.499511,601.4438776
461.1314869,296.5140017
499.6801997,547.7932849
373.0695454,334.4442731
629.0036471,966.6973604
443.3325111,805.2245941
474.7857556,324.5332769
689.5457039,552.8377908
713.0578649,396.5979928
517.8275514,428.8958682
542.6760798,441.4797933
469.9170617,869.9834214
648.1607722,900.1721674
590.0934053,875.6710398
321.4285046,657.4883829
622.7068142,468.064497
522.3852163,474.7831851
549.081298,368.4004513
367.639555,255.0546969
479.4299788,410.2778211
553.0126352,421.4040243
429.3527122,874.8097328
212.5735018,800.4272624
507.2453577,690.4990309
565.3783849,535.7833555
484.931457,305.9969874
462.2472636,234.8264027
568.7570994,434.0893054
526.662143,622.673969
347.4694358,728.5690613
578.3846338,584.5120475
769.1050409,924.4657564
394.1132634,861.0814726
653.033361,423.9126858
836.2893853,253.8459042
864.4899177,257.7872359
580.5556652,600.2948414
555.4811681,392.6589804
438.6271667,568.7498758
393.5339902,416.2705942
680.4064201,563.6193291
585.1192324,265.9180972
891.5007587,398.3199383
281.9662244,676.3125478
472.3023618,455.3938625
649.3200228,978.7336996
223.1263634,535.3845547
501.6802116,315.214872
708.1459518,561.0227254
604.3877539,511.9767395
582.7425312,384.2748647
744.5727699,468.774073
578.2992739,961.0000681
930.495102,891.0617189
891.0100362,539.6667277
454.0999411,322.696081
588.8201367,326.2525898
506.8559646,620.8879003
387.7676684,488.3195353
233.8839211,647.9233261
753.4297875,358.6729031
493.6463079,382.891316
799.9067003,426.4220995
784.9633883,880.1424275
533.9137102,303.2011609
540.8780976,516.9552835
619.9120469,542.9158671
465.7453593,691.7038746
527.3889611,616.4581541
676.9325931,305.5126262
177.5182706,759.5228564
655.1331592,535.391387
587.6914317,390.9868876
269.5474132,362.8411419
636.2411624,178.9573431
480.3327151,223.2526951
469.6711387,393.4450278
474.8297688,605.4406616
560.825364,445.8402347
597.2564516,551.1674113
698.9604975,336.8693174
476.2665817,331.433616
830.44822,736.3560517
785.284005,399.8872276
752.5335528,440.9905848
738.8952836,424.4181706
349.4441303,925.5626206
602.809014,675.8507729
171.526115,479.7941145
433.7553718,249.5090103
645.6670418,763.4202483
619.6340353,855.5632823
701.7455424,478.1167565
584.2337838,592.5306671
779.3214212,418.0439803
625.0256451,435.6990928
486.4965944,655.995413
761.7421972,877.305858
737.4755787,487.4541539
646.3187916,649.8887476
911.5374598,455.3434665
744.0666023,473.4444327
723.0139408,533.2380254
519.0223962,564.4341682
653.4634866,492.5009999
454.5824991,492.8274036
515.3421803,576.1754027
404.4905064,587.4271988
255.1547164,427.8313894
685.3758441,547.7398802
419.0203513,371.8216933
552.5422116,375.2131825
453.5955413,248.6850614
467.1102349,484.4809178
722.353652,192.4249526
451.5610739,707.5286652
596.3878863,257.3984014
299.8345757,516.950645
381.5779025,907.4397159
200.7570491,758.5710372
569.7475776,517.8245511
737.3675979,432.8445336
420.0721155,751.7772776
692.0324982,199.0701987
952.6165458,481.3284124
513.0168478,570.7627472
704.9475597,568.9041351
581.4203356,369.2747125
756.5252322,266.6954319
381.9720743,935.448586
702.071672,489.5712647
820.5509583,296.1346739
580.9907493,423.9254519
520.5607482,563.0714297
506.1111997,196.6179924
493.7784675,578.7191658
224.409744,548.431968
734.0688502,454.7909288
386.1462635,850.6583891
923.883375,852.3215811
69.96374149,598.041461
270.3244166,635.8158852
516.459485,354.2036257
718.5012929,619.4060878
354.4879185,281.9934259
770.4360002,309.6288603
468.738456,394.7319007
301.686054,691.7631713
486.2491733,339.4842241
412.0666452,882.3733053
778.0344153,313.0544274
601.8404975,667.1025402
913.4657591,457.1521006
567.859112,520.2973587
605.7942008,574.2399012
749.4658523,544.657808
621.6447733,440.2314278
627.2423825,381.4322569
805.2861308,601.5071233
938.1217857,484.6598527
645.1906559,599.5011469
663.2233603,497.4727743
841.1515026,718.3523672
658.3888374,380.9702313
620.4492993,626.9202046
436.7643031,648.701789
789.4659242,301.6952369
561.8368152,532.2349954
449.4725711,448.2612256
642.8388225,536.0922084
819.8395853,299.9142245
727.9044016,293.5788759
442.0071996,419.0515861
621.33698,436.9346713
557.1613422,388.9298884
330.8048577,792.0999572
621.0782486,465.6941528
688.4264217,424.6515758
632.5746538,721.3665971
567.1084297,595.4700135
382.5372059,852.6820209
468.7565227,273.3221243
391.8249632,743.8327685
705.5721046,424.6103522
493.9372329,344.5992885
683.9999128,383.1427943
304.5984198,417.1842612
489.2435434,333.3167575
980.100432,689.8684755
704.2180751,539.6885618
451.8531524,414.3153898
562.9166682,524.4352179
603.2498058,293.6956098
612.6638953,552.4126428
71.93395673,605.1314535
494.9189923,348.9032538
488.4700155,393.9730989
443.3127366,386.3492267
596.9244496,639.7187722
343.380307,275.1974098
875.8060753,547.358672
541.0498212,472.8347085
435.0253447,874.0585572
705.0035276,236.5963623
642.420337,572.307492
282.6919339,857.721366
507.5669631,410.9545937
816.7108235,511.0617561
488.3259462,583.6374729
779.4143764,308.2100219
736.0942843,558.1185225
545.1037154,214.1995167
588.9689698,532.6465623
511.8597244,617.0434743
438.5358294,908.9350467
435.384252,294.4411858
606.4622796,505.4377594
509.4790083,553.6516061
858.6789534,780.5517192
535.8137858,432.6814154
783.2358902,336.7476108
732.314282,691.8088662
781.8283946,555.3709398
393.3643489,660.2356103
704.2837654,906.5326304
764.6173059,358.0816072
579.6881485,591.7877655
685.978712,401.6499578
720.1463973,206.1848461
992.6504591,929.8714124
591.9907545,172.9634627
969.7119086,585.2180088
629.6764598,837.698918
544.231315,422.451997
570.478081,573.0627836
503.157697,453.0715323
893.6180693,426.2061198
505.7942683,659.4430022
175.2041138,544.7815414
552.1721886,808.366966
685.9439268,396.7862464
423.9848917,367.8786484
574.3829623,524.3476727
672.7359329,437.4978649
487.3744178,678.009546
677.7536247,536.7505526
679.3397501,571.4977927
541.1403345,913.684615
517.1986172,601.8130719
794.4614596,456.8629715
784.629319,599.6769686
618.8781996,602.5103831
443.8677712,987.7812576
652.3272013,488.9755812
450.1586118,716.1380792
812.7819281,560.288641
525.7408756,404.4437994
431.3994338,833.5439468
666.6323659,559.9443313
559.5379237,445.3706663
615.9521115,531.3908004
800.9916916,198.675305
365.431012,312.0759685
422.4019872,872.6039067
703.7529996,497.5112608
577.2328436,368.7792776
902.5005691,566.3901457
659.2015398,358.5022422
387.2611114,564.519436
853.8357117,695.7971045
478.5241115,592.3828431
482.8216966,329.0262688
411.8917456,816.1134432
377.534255,579.2669607
532.9901657,463.3156182
627.7733581,680.6939248
447.0623281,576.4051932
573.2573433,575.692525
325.0850809,655.9379759
475.3772531,927.4400372
545.3155124,666.7715816
554.2917763,547.1101606
779.8830173,536.8384739
473.7088538,346.1406903
651.4591753,577.0845984
818.045528,450.1960376
547.2100902,894.2189463
772.7108478,549.9723668
963.231023,593.3899892
385.2092813,587.1314673
920.7712868,516.3153467
442.2290336,229.2721497
525.2414344,489.7086209
292.3799753,672.9525874
467.4037965,715.1785084
634.010433,510.1587241
566.5516424,449.6753211
488.6838798,584.7115628
550.9947964,724.5426081
960.8800885,545.1853567
583.3339987,737.7817433
503.0889806,409.384254
575.7626238,861.4489536
756.3422881,383.403069
798.131983,441.1766654
390.3094419,486.9337927
930.7729039,852.4021687
399.0057017,288.2092617
754.7623797,491.9653026
751.8764848,491.9746421
808.2362778,416.3762335
402.9561843,885.5866118
367.2417429,523.1943324
596.138278,563.1486116
639.6763093,557.2135264
621.7159016,454.3334371
784.8758412,562.2288645
615.1724566,884.3096634
670.1344165,304.6617661
643.4719364,598.7957079
656.7007235,587.603522
486.2639293,408.8446077
679.2232004,747.2540314
738.2601473,365.5303054
723.5656047,507.8383579
569.290352,503.3123746
657.5166767,662.4571485
522.724439,356.6692668
246.4905302,389.8426779
718.9533652,193.5402661
610.7656922,493.6650797
379.1908795,734.9521524
709.1074723,470.7387214
444.3423893,843.2878758
520.7645005,391.3333912
486.8056011,674.6917912
658.92206,564.4697713
633.9900593,538.9279004
772.2287842,365.0805026
659.8921345,427.9410403
906.6905029,843.6311617
567.2520795,490.0920439
643.4083734,844.9442564
876.3627127,433.9598054
545.9458399,532.9225492
417.9895002,429.4991989
335.7777273,575.4725755
194.5378012,518.5877824
829.5077922,751.2499378
775.4554448,469.1681309
477.444648,828.3646547
688.4232308,444.4398664
803.1388138,418.5992761
540.3016556,514.0317329
499.2435576,442.1271683
730.5658858,820.5918094
389.7111581,565.6495006
673.9099995,374.8346905
770.6106601,945.8641268
649.5534519,496.6815452
751.7705114,287.2296955
437.3645942,412.3416108
583.9706181,530.9803199
646.5247162,828.0621327
526.0807275,301.4618526
305.4723482,646.3123896
417.2692287,316.1127642
602.4132841,299.5107434
591.2163278,598.0820995
881.6100885,515.7546395
668.1772794,566.2964368
689.9608937,393.256043
422.1829695,603.9634666
516.2661292,623.5199609
768.9376467,768.5404317
347.8127033,546.8126322
830.7372274,443.2830785
601.6683094,670.1044636
217.4316193,549.3595921
172.9026755,624.0940611
411.5015287,719.622943
559.0244306,472.3172933
784.4674676,480.9416882
771.136662,435.2350822
589.3084922,686.178664
490.5729597,624.2906931
576.7964112,525.5377444
644.8734098,595.2305073
474.8346076,453.4282112
154.9496083,694.4573493
595.3782478,510.5633752
879.2197548,621.8076683
493.6796549,449.0613554
492.8140857,258.4536243
461.7860232,496.8666438
447.621003,517.3002618
643.7686439,527.2896935
501.8920984,755.4206003
976.0443506,519.925887
617.5306866,86.81186455
484.6563966,222.1091331
513.1656809,500.5141244
376.5100703,521.9554108
391.157229,301.3759998
507.6057032,551.5783724
597.5216398,828.1924685
410.4807745,453.456397
426.9320126,373.1504793
687.7989406,431.6548798
699.7757316,536.3684877
718.3566844,205.2281168
550.0753117,858.3324483
669.4346535,681.8862739
520.6984656,564.5978715
580.9744504,422.3785133
713.9209174,545.0507168
573.7961687,982.9147464
276.3200627,629.3696111
496.3311319,554.7526073
778.906576,308.3521
461.5986447,620.3302644
752.4883111,645.6946004
576.8650826,953.9307395
441.2332223,578.5045651
520.9546054,552.8515807
401.2087618,360.7761613
681.5234252,400.1809741
707.6026621,274.6892505
226.8061149,561.4781068
347.3218611,290.8944344
611.0142218,745.8430491
937.9107227,530.2000809
787.5764399,446.0919846
458.272797,913.8489451
546.3531498,543.1344167
437.5818142,539.3327395
483.3446125,511.1300581
811.8591626,421.9120791
363.4764067,952.6830844
516.4803081,229.862171
486.5062719,848.5110031
643.2547314,573.9782266
832.7268576,608.8246499
869.1263659,880.2291161
748.3497461,621.5899336
369.2370657,779.2686489
542.6289955,314.2837586
619.759933,741.2220615
188.063537,689.3476755
300.7545548,670.9779726
561.9046028,425.3780548
517.1482371,442.9749779
954.1319623,502.1847337
498.550491,547.8714488
495.2332122,266.5028951
497.5930902,695.1659432
366.2685973,524.5044183
455.1362003,960.3309635
676.054545,429.1286257
415.5516777,890.7895348
224.6191291,544.4001869
562.5574163,725.1486341
455.9072713,259.6641093
331.2441215,323.1508355
403.4119418,303.9744421
650.6311177,507.8380027
805.9558125,818.6445447
538.666858,633.236101
683.7650755,370.6855695
547.2786418,550.2514668
578.4627731,231.6514992
348.5707262,410.9871463
572.8632463,524.0579377
936.9919871,530.6776725
711.8843826,547.4177807
713.1099827,526.6423394
584.9631486,301.0889183
606.708652,284.2516956
969.2427134,523.4994243
817.1544317,811.9796165
678.5723943,385.5052825
161.0398426,543.695521
540.0724811,435.7999682
842.7907196,582.1780586
529.3199119,547.4658574
506.9711512,553.0187106
566.6504401,211.0498111
738.1940225,474.1881492
265.212676,452.6379641
502.5342157,615.5034933
697.9839214,497.9105422
555.2098529,392.5989106
455.673992,242.1334197
707.7608132,538.8137782
731.0683231,552.5532375
598.2500758,895.9108465
410.8708117,431.651495
566.1411116,397.7203894
588.3958087,298.8728334
215.0295708,653.0661166
644.7862821,516.2150145
389.3910208,613.9214948
177.8462728,708.2292985
524.081195,402.2514081
313.3986007,712.096666
769.2191189,420.8520089
797.7179617,540.0714415
452.5259951,329.9377002
710.8734708,552.0473557
419.8198857,290.7292686
539.4205814,536.3648522
664.3350773,567.3952859
627.6121509,766.3396619
580.1791855,472.1559301
534.8652686,447.1969348
200.8767298,512.5627701
498.157982,931.2733268
665.6296335,588.3416389
862.1838204,811.5551372
516.5474965,578.7970581
703.7315173,559.6958199
685.5800459,466.4929037
396.2568951,420.098535
207.0286396,357.0702406
533.9785915,602.4183249
669.4853182,561.0892305
202.1179848,510.9047807
510.9646283,399.4362966
600.1310511,767.8664798
232.9882856,414.0441041
589.4258059,536.0939426
485.9558515,427.19139
699.3191202,515.2616909
721.5291598,163.7138194
526.2676865,464.8350814
567.2541918,449.0267134
653.1386004,875.1914634
390.481555,366.9233399
508.7737625,332.9227205
919.5699853,465.5982501
752.126153,442.503947
212.2363614,694.4848456
608.3156605,554.9505974
528.9371404,412.6426493
509.3360177,207.3606264
798.7881671,809.5029853
264.5576753,355.9312961
498.6500976,585.6884964
518.2974807,565.0856174
231.3112724,550.2021783
216.1730617,406.8591908
702.474233,535.1312377
609.7460017,229.6228529
712.0349236,582.1274537
603.2328027,513.5125417
734.7670252,656.1669515
467.256746,780.6581106
625.6654853,663.6368151
648.5821639,669.4366127
512.9754562,284.8605005
427.6722534,607.0995912
709.0990082,575.7750557
787.8138389,154.6193756
552.1053298,773.7855185
506.4769982,382.8877431
393.0792663,238.9136361
750.9898228,518.561874
962.7420982,569.1876228
205.0453911,362.3068654
655.0652667,571.3855928
615.9862825,392.779517
757.046725,358.8748212
290.4656829,377.5444344
381.960674,941.7704372
517.7163947,403.1221592
579.2922538,470.2703231
811.6578072,78.62718067
423.378039,592.1553927
572.8604299,369.5255014
504.8520129,790.7677655
475.9290068,425.3489497
705.8711941,545.3941907
560.7665948,289.006362
872.9968516,549.9654301
612.991463,699.9468732
170.5473667,549.7586646
534.384718,408.6021346
709.7296053,525.262865
200.505823,495.2436516
915.5252743,857.0880735
775.1238472,473.0840348
438.0786488,646.2022373
424.3511845,931.0117358
658.3856465,701.4242144
519.0787236,540.9785061
379.7671866,387.1354204
652.0519911,544.2339554
695.2633834,200.2236645
738.4653528,531.0590897
441.8468463,627.320656
632.8408457,865.1278585
598.1257061,690.457285
762.9120841,52.73964192
488.4069468,444.9377876
754.2927351,642.8185833
777.7659164,418.9073977
356.5823087,666.8276607
684.7873877,27.27211128
481.8938377,366.6187076
432.8399319,525.1619477
490.7110666,409.2876617
624.336848,436.3850377
894.8081352,905.0014457
553.9583212,770.5620785
509.6858767,418.4364712
588.8140246,479.2969246
432.4229444,702.9743498
745.3735776,710.3336014
965.2462402,567.4931945
650.2047673,632.6613113
814.9236573,452.5012766
746.6892416,365.9953815
487.550381,355.5459718
516.1780728,363.9025911
468.2945033,929.3358404
872.9681336,436.2851234
387.1942076,581.1049924
588.3493386,289.8558431
442.2034915,497.3316364
353.9222027,282.135922
795.7552818,342.0847767
618.2853987,594.0214013
454.5083596,401.4746584
779.7851335,676.3620871
211.2771629,789.580598
438.8797261,483.9234073
467.3948979,744.4083731
292.3229438,696.6224115
731.3126132,318.4591223
497.2704811,419.1926196
231.1986176,765.878493
771.2113557,362.6758089
930.5624103,850.893633
872.9543963,461.3024543
723.9928989,309.7414363
354.0367451,282.2578584
740.8390429,796.5309361
679.8562992,351.9066189
488.6191483,601.3740922
475.9534104,671.3453283
782.8963229,259.7703127
397.2461749,246.0927619
206.2902264,671.3266909
833.6910747,541.3528402
504.1408197,731.4685422
566.1216967,191.2310573
426.3178643,581.4617966
380.9477098,941.5190424
622.170131,387.924769
696.2452327,417.879295
213.1165518,537.5864736
688.2432978,530.1481806
552.1189023,468.9396985
549.1290864,470.1904877
783.4348937,624.9976573
494.6230638,511.2636952
731.5243952,314.5504686
497.9747682,546.2414362
556.0454158,400.3572764
540.0128879,437.2251166
517.7585804,632.8648592
652.0555115,564.1244587
794.3135553,652.309049
375.4454377,664.572358
536.7759206,657.5056621
602.3911127,534.9774381
437.713105,373.779196
601.2912155,516.1270305
649.1835787,586.3105689
471.1162209,217.4488651
641.5117732,563.7153154
504.7001087,494.9222416
366.5237933,376.3081455
472.3692656,289.5555985
643.8109943,593.4821102
525.4898891,801.7905233
439.2295701,529.0938562
615.7139635,636.0127888
790.4224562,386.9381825
456.4701258,621.9116779
933.494955,877.4964725
587.6592831,356.0955008
727.0736625,511.1295358
442.7059738,362.3190256
650.1066887,562.1736629
472.9515799,409.2110649
765.3716885,159.838575
527.635738,420.1502681
819.4862957,558.5769544
621.4358376,474.9184309
723.2394451,358.6659872
696.3532135,142.1005976
716.310562,465.2951221
281.4573004,590.4176097
483.4860153,588.7928624
936.9651866,894.9089029
644.1679093,477.1416616
760.4599701,322.1024659
444.5729871,568.9755294
564.0543766,506.327294
631.3749403,548.9397929
466.483353,929.4702923
528.5449759,338.7932646
580.5570734,458.7943151
562.3919546,445.8886248
767.9300006,474.8491887
646.8840579,469.2387103
406.8467291,256.7939007
482.4108962,426.431251
409.4048015,875.7839711
715.5701414,472.7279827
745.489573,486.4246723
656.1590068,133.9994891
905.1863669,417.1287672
606.0953127,506.9991357
672.142443,16.95564911
558.2721753,479.0704144
630.6572455,930.8549693
383.428392,677.0924315
863.6853648,594.7085999
725.9103821,69.61407665
482.7398421,416.1662712
225.4110083,708.4506897
581.9913245,365.2328815
906.9547923,423.1387986
483.6793111,289.4831178
677.5040465,430.3624282
607.2158832,561.5773943
480.0483217,396.2847941
974.5051598,483.2207681
680.803678,559.0107733
730.6617322,504.6879628
298.4945232,657.9559245
474.9321169,852.3683624
794.6691519,165.3496613
731.7680861,163.3909259
448.0418105,633.3210136
438.2957789,511.7748631
289.1765797,415.732515
895.9995194,552.8522284
639.9616464,869.4570218
765.6817588,371.2007909
788.5294514,587.156707
485.8311372,404.9273666
520.6938066,600.389595
706.5310934,435.0560846
451.7196445,340.8236242
969.7508584,552.1927977
568.511536,524.9045773
511.5553917,608.2990443
889.5917096,488.1157158
535.5487924,643.564619
556.4838556,480.4865575
646.4851072,478.2521487
561.6474593,435.0951979
377.6821444,329.9237013
811.7825514,277.453193
773.9004343,639.5950179
615.3480003,811.3881535
659.6284295,499.2944252
873.1621185,679.5822259
513.1909384,366.1624905
606.4043493,502.0119625
737.9874089,406.9613199
466.9331032,785.3772993
400.9582248,994.8862937
427.2879088,462.0630948
515.5776168,609.7262611
648.4889092,525.7142347
973.6272315,930.679649
647.5687054,546.3610117
480.2685528,657.7395269
665.3577939,476.8317432
590.5462865,797.7252911
797.426093,270.8725506
730.4817542,433.3212894
480.7726979,672.4583226
467.9951142,490.7106271
557.3213809,461.6405794
526.1728887,463.9725416
389.8738034,575.458681
864.6042053,348.4013
596.0201403,724.7739239
520.1967324,315.0864166
578.3459837,726.4938427
349.2831928,589.988471
416.8777084,757.8740394
422.3689398,352.8458809
642.1172327,201.2373503
474.9915453,353.7220852
602.4175836,710.1041452
873.856084,615.6844967
779.5361694,432.8846916
513.9384897,547.8167069
502.5032207,454.1917559
747.7797009,572.9189922
367.688467,332.5082702
449.7887236,635.6122329
923.8954645,671.7702882
824.1090816,392.0309949
579.0974599,220.1336617
499.1933274,274.9601183
980.7708928,518.5039563
174.8946127,534.2889858
476.0980639,723.1422816
410.4912909,330.9422763
644.8025062,813.4831795
690.3114867,430.568358
469.1490018,495.0930279
667.7815795,22.02472615
720.8093826,506.3044571
730.1981998,261.5860298
643.434275,598.6224979
440.0351567,340.5006262
660.7612692,463.7159443
653.5983727,507.916292
510.2392933,303.0750665
243.0840714,689.9931491
807.5082912,319.9601362
646.6256261,602.8243132
696.9985816,555.8774903
649.8583688,533.4578913
459.0478229,622.000623
733.847915,296.0904416
725.0553892,340.1810548
197.04055,507.1710294
852.3620164,460.827558
781.2525369,287.5624091
828.6725589,459.5991879
738.4238712,320.0921853
871.852312,604.1568809
798.0941118,667.6578986
727.1107247,570.8274972
559.4157711,335.3604265
460.4241737,533.0224844
652.9622177,609.8548001
526.6025348,306.3296383
622.4963505,867.3514862
252.9317021,740.2339497
512.6911377,454.3845016
634.3879464,527.6732836
569.4441138,474.9056439
265.4836766,427.7471036
486.5193201,756.7001395
521.5843636,581.7958056
241.9982261,412.2865555
353.5899311,404.9844695
786.354525,626.2131777
499.6324263,556.6609259
545.9626782,179.3912666
644.545093,535.4396936
488.7681612,357.4158248
499.3409021,598.8155989
437.7782111,550.2506311
416.3561257,651.4262631
809.9062501,771.9646198
531.8599027,634.7951999
492.4672528,410.027471
672.6206266,908.3077089
433.0289582,515.0850335
644.2485203,535.1249069
703.129024,279.4642049
652.2127938,469.100999
765.0820219,267.3064934
665.2760593,668.5130838
763.9007496,310.8304027
154.1625978,514.250178
525.6369695,478.0524662
397.4916784,410.2037733
701.6005593,570.9449207
431.261192,871.1337112
750.4542782,426.9296319
524.984965,638.0704775
592.3217978,574.3582021
636.7009647,483.4261755
166.941425,752.6313972
486.5434091,427.9010704
696.203122,174.3174257
951.7616429,895.5463742
952.0502159,497.5482011
572.6585502,527.2863087
227.5748639,450.0336506
826.0621739,371.7024104
409.8050406,263.3372684
439.7250564,817.1695227
455.8047435,584.2451913
620.5881703,389.413372
330.3822076,392.1665124
589.7799195,833.2047561
450.0823301,489.9882015
583.1768213,468.6128769
689.9339134,535.1924776
778.9911869,571.9585647
776.7208785,895.2841773
219.0412344,378.202507
224.1697534,765.505099
560.7607973,207.4950365
617.3714419,552.6820062
371.4582075,336.5941872
668.0082223,850.5612328
878.8338972,435.2037832
506.506585,220.263308
486.3241068,362.4994231
775.6683653,572.1621335
760.9070537,299.8474687
543.4201856,386.042129
745.4658137,43.59246209
705.4736366,275.9722581
470.328731,611.369019
598.8552207,671.5448854
501.481268,552.2941956
570.8390556,443.5150211
370.4166302,595.454949
262.3534467,735.6880127
407.0056742,974.4830972
506.391039,442.515564
819.9430269,512.7820092
331.827859,404.6794402
524.547469,488.9424853
463.9881245,425.8554792
713.0550486,467.928102
497.199173,533.6519951
679.6832573,615.6162365
454.6524589,499.1108519
747.0292133,346.714686
625.6992667,915.6053446
874.269566,725.6449675
491.7782609,597.9211751
457.8736216,509.8176738
473.0712007,793.8493363
777.9193037,686.7518031
432.7202961,385.5231049
834.2106199,396.1446173
502.5894345,451.6735041
419.666843,321.8042062
786.6145299,847.4486346
747.0046,351.4803844
651.1337348,534.3132018
445.5982504,683.4453519
605.3156727,667.2777142
668.9738326,526.439293
518.4186595,387.369912
745.1664695,307.8758039
460.0970853,649.559774
596.6330303,416.4872007
733.8795093,561.034405
574.6840741,401.935117
574.1396759,302.5667401
881.6077665,589.342287
388.5469938,437.19808
222.2837146,388.5276401
655.4686368,573.6981655
625.0966386,554.3932123
478.3307108,202.8920594
860.1207848,257.5314952
446.2671232,222.0826188
477.8523025,739.5010144
716.8713341,465.1316696
712.2418968,528.3429105
568.6027534,392.5317787
541.2876546,188.587735
894.5860465,963.8041268
755.5854786,543.20602
561.3774024,473.8030547
530.4613805,477.8461812
745.9694644,450.1463311
665.7071735,560.5041819
514.7951604,416.728253
470.6290489,788.3960214
450.2452751,615.1574077
814.2283286,213.8519894
393.2778204,328.463117
481.3155082,257.5374709
605.2910894,732.1580391
542.5948396,673.0214326
745.450054,694.6975032
347.8262758,410.857688
732.3260718,302.5472671
480.3154723,747.1276445
431.6953174,441.8981508
610.682879,276.5786184
620.3996683,477.2119903
527.1323569,307.4069669
790.3499796,541.0894942
441.9888482,353.5051235
786.5836397,306.4845035
621.1742148,548.4309651
731.2908313,578.1089401
647.1700243,67.09693226
432.9189101,575.7406226
736.366798,787.7086556
901.6804663,422.0274131
799.1369625,423.6538737
613.9392612,595.0335201
427.3470526,261.7704597
248.7330494,435.2725867
358.2980619,614.7683433
714.4409271,196.8168392
451.7284082,899.8099934
667.4734866,519.5011778
792.7657805,305.4550428
721.7763412,311.0462153
815.9668226,299.8794153
728.3913789,323.5296828
804.0984917,560.6899282
205.3518211,515.2459788
637.6255728,477.6033947
727.9720994,466.5636711
818.5825557,540.1772061
549.1010875,340.1031416
651.7714927,465.8505851
655.7328062,453.3925872
604.2530026,800.9746603
701.9967985,517.838738
688.1023445,333.2858764
811.9658701,544.4834697
660.204407,356.179912
848.8306337,949.6209031
625.111035,984.8427678
574.0755136,319.6892057
486.254866,833.7421667
658.2843171,609.0774027
640.0034276,562.3871563
808.1913358,205.9158796
514.0028018,353.8373148
365.7553739,728.5156357
436.8117918,647.7578468
720.8558677,538.2135606
625.0591569,626.0594826
461.8752781,365.1827153
485.8213548,241.3807189
468.8404745,929.5017375
894.6489504,535.0710425
588.7542966,250.2724296
534.3788306,459.9957113
457.4982355,914.7025841
576.4836443,845.0254499
790.1869148,294.377773
600.4834718,315.5289274
766.1826231,304.6610557
747.0359996,445.2664061
450.1722892,820.8092099
493.908395,312.655522
812.8035303,315.2535465
704.3933941,536.5163953
566.9061005,900.2077914
566.7230964,475.6220521
519.6833292,332.0131905
499.1940165,621.6143794
796.810911,167.3605478
550.1624843,473.3553205
724.4770897,508.4409783
809.5513875,597.8239769
456.4991583,519.5923168
513.7578376,615.8632645
469.5864379,664.5717939
436.4937968,520.4869286
787.3755039,576.2232287
279.8709504,627.0267214
635.1009972,513.6040149
479.1255113,862.1109333
557.146032,642.8393935
962.5558134,651.9334821
681.5156352,546.8072416
552.9412672,735.4043997
622.2936169,630.1876052
506.6151501,315.9323458
552.7766594,467.3076801
459.0273593,772.6586507
725.3628978,407.9089812
460.8772796,354.5581107
706.9080525,509.0198005
859.7460579,724.2161835
717.8085859,622.1858888
583.9247622,787.4240396
568.1537522,567.4843355
541.1087702,478.3368523
552.219228,324.5760257
402.4860004,737.7775019
380.7944424,922.8165006
363.568418,295.1245818
659.0944878,560.1373695
788.9418698,629.2033797
571.9911755,489.6605441
553.6618234,465.266017
791.8407828,254.4739733
469.290734,781.7144408
575.0030729,414.1581427
409.0575342,439.8214069
323.0395128,329.14925
700.8103279,277.2017565
866.7085876,682.8369648
717.3915085,508.0554241
564.9860556,784.84436
679.405036,472.3500757
524.5339264,581.4773416
297.4783531,721.669349
882.0460565,584.5369739
933.5132914,696.4754024
750.5324773,433.2909725
391.2313534,662.3272097
558.508226,486.8362811
579.5393303,219.4455229
617.1426269,720.758043
538.0680349,478.9623514
656.6805146,591.2207901
860.7772835,744.0029489
592.8464365,384.4058901
534.0167923,404.7661288
559.398019,425.4905055
744.878316,292.7669619
614.6118342,559.5075454
484.2348699,278.9102254
706.0599807,562.906243
557.9810256,557.8321305
447.5300552,627.011845
775.611978,771.2999656
493.5874937,548.8534805
584.616855,689.0793149
529.5728009,746.0545993
381.4931267,328.9863198
631.7578468,469.1357455
426.8819921,407.6388447
443.7538131,237.6811499
798.0545628,674.8414329
630.4530887,736.5276738
343.7328775,588.1569164
641.9014808,173.8446189
461.2349286,856.8675807
744.7600884,517.1190285
381.131448,825.2680195
783.4117036,662.0924673
507.5786181,792.7724047
451.6208019,352.799998
451.0445847,492.7455624
789.3009868,329.7639887
718.1609167,204.3268816
749.406379,206.8456766
599.2884023,393.2980605
731.550896,160.353462
813.3286184,727.4305556
624.9747856,792.3312312
754.5136104,312.3774667
525.2925935,460.6213985
775.6272283,463.6261217
295.1765852,659.9692555
363.0460564,310.3994672
251.41287,729.9716025
619.0872851,485.5222462
681.1789443,469.6186858
617.0085048,550.3982043
475.5135174,704.8128621
700.2294367,198.7638532
652.1675521,576.9376102
650.0446087,545.452589
820.2001255,725.8613023
648.2603937,507.6642913
732.5195773,885.2620885
799.5992067,587.9422112
873.6360476,433.2636433
518.9330813,349.9232914
867.2376007,745.4769889
416.3092811,894.0786024
295.3254034,409.7290651
532.7118095,328.7065094
499.9193215,427.0672597
566.3804132,484.5541716
629.2795015,395.3341658
736.5122005,521.9139365
690.710018,306.2234349
505.1975874,457.6602807
704.4467853,570.2269036
474.7307764,306.5647777
939.649711,891.586259
593.2629146,535.0082983
582.5791218,242.5827419
399.2911587,453.8238571
473.4834094,716.97306
447.6133928,573.1335302
447.313015,575.8580669
204.9792813,362.4316016
605.3132308,563.8034039
713.1162147,211.9905566
245.6683451,813.2422526
792.4518901,249.143556
654.2111428,206.8071484
689.0908003,941.3731198
795.7409003,463.8710602
785.7179806,201.1175868
530.0690213,565.1609607
697.288368,507.0877047
841.16521,368.0530702
776.4071679,454.1049838
785.9388709,315.2226863
559.4714394,470.1952515
173.3564405,695.4878756
758.4008444,366.5568827
623.081631,475.6271502
791.3238592,154.2139723
547.1952293,412.7580043
594.4303896,499.2729255
768.5279848,878.0055093
185.1997986,744.8314735
668.5520962,371.5615858
626.8050213,432.3691777
513.0203683,913.2802982
253.8635908,611.1884125
708.8617291,129.701395
598.5814636,543.8530188
382.711671,906.7828969
667.1597311,691.1510234
624.9797143,595.8446819
611.8366617,250.9661889
606.0262068,386.9979807
655.2506977,478.0941494
558.2412851,400.9571597
650.1819217,537.2451935
747.9446383,316.6742863
230.4800839,416.1549468
473.4484594,385.520138
524.4998154,303.9125546
692.8497996,527.7796333
565.2252672,518.2215968
452.6561323,336.5479074
491.9649503,628.1109449
633.081825,905.3963603
654.3908212,585.8863194
593.714103,539.2315298
770.09092,160.7490243
527.5515165,708.5742768
484.7334872,697.2117851
591.215414,512.0997624
523.6806264,544.9484205
500.6518472,429.5088728
837.9982474,542.8074907
433.8885651,568.2815611
341.8399477,536.3149159
474.496853,454.754657
694.721397,471.0874815
438.5517839,674.8834505
766.9521512,363.0807526
634.8078251,566.1731631
865.9934095,415.3818535
718.1111658,622.5202948
511.7691062,303.1752107
972.1314846,610.3522199
786.4681985,320.0468457
518.4753614,467.7397649
700.8464164,274.8924641
762.7179643,312.8916852
671.3770796,562.1541063
521.0377183,411.3383719
698.3428137,201.2198831
576.6233992,252.8480768
781.2007037,461.6926051
937.2299853,888.6704182
467.3891753,321.3268445
497.4438825,574.2731433
738.0749261,295.137515
593.7708948,411.9220206
507.93787,553.270774
599.5072402,536.2673615
824.6032046,221.5349702
502.9517425,418.4748741
415.1602623,936.3675183
978.8091266,601.1907696
191.2726402,477.8183715
462.530908,544.9411912
538.8131444,388.7698416
474.7835234,333.3051824
873.8505411,441.7366414
409.9503832,422.6737851
334.6768564,393.6816088
420.5842004,239.3990002
871.1829598,721.3136103
641.750071,304.6364428
822.5354501,415.7881553
806.9805665,637.8948229
711.2480929,508.2407734
495.6824232,455.8325288
703.4196044,270.046199
430.6039143,892.9092991
624.343799,541.9707131
173.4958059,533.8320165
816.4586536,510.9674204
488.2931984,366.9571671
577.7324346,690.313222
784.513698,625.2501803
590.7908313,297.544925
623.4606275,468.2953741
830.3720132,818.0795124
211.9608066,519.5775448
331.4939994,647.2709157
872.0087703,448.1252902
237.1805565,815.473402
570.4678042,568.9390069
688.8053732,542.469094
862.1560911,812.9515983
558.2974927,455.0418847
574.1158866,339.8910691
655.196198,674.3456846
457.0924236,350.9285152
370.7673281,429.7855909
260.6604042,708.3986223
243.1905541,792.2947087
543.0865207,323.7848802
417.8385548,261.9672171
809.5817684,750.8497789
860.0356346,408.8567052
516.2192696,618.3963509
603.716589,403.6447143
401.5858557,227.5201797
433.1403396,636.7654896
674.7894857,417.6652167
384.5714486,514.5665944
405.1086396,430.9760805
500.8866845,495.7296843
685.6092283,563.0074528
544.3373483,574.4811624
468.5132812,497.2710442
171.8212046,479.6657427
798.0945912,423.8392648
759.6166622,298.2959752
783.1073858,470.0113857
635.2731702,510.362857
590.5329088,542.3898645
431.441889,410.3986084
715.4603629,810.3578988
595.1357404,578.9140009
251.0299036,683.1144351
484.9485799,335.7468791
419.607834,392.1026817
282.9279397,335.1137955
669.5985872,8.980426038
779.0110363,457.4679111
969.770543,547.9651159
499.5161462,442.3299848
562.026231,741.8529512
438.4160888,635.0746551
502.5245981,542.8657637
328.915718,771.4611825
779.3241178,648.4485974
828.3019217,446.2575266
957.0661999,875.6709354
118.4737584,515.48233
499.247932,545.7367245
666.0418271,588.3377735
863.5435576,521.5955143
562.3067444,418.8836622
424.9262782,573.3478175
602.3188009,587.1544296
735.1857354,526.6575292
537.5682792,758.9695665
640.9622666,399.1865942
403.4485995,817.3153826
359.0221685,526.0558491
612.6814077,504.3167001
422.5478092,243.4480814
98.69791598,625.897012
569.6459337,511.190901
687.3679012,406.6253469
820.4189934,688.7637761
488.7663335,747.2154405
452.1234789,507.7364169
693.7199829,622.3864906
541.7972377,509.0360977
541.2702021,903.7297
576.2492865,735.1540078
658.6665794,362.1354523
593.9277875,411.6234057
425.4240265,396.9349688
827.4278884,684.2926391
673.6930491,175.1917705
232.2473258,800.1598212
622.1348815,442.4961118
716.8623756,337.3808824
733.8677045,659.3529706
626.4760903,590.7054433
333.4580725,259.9504803
789.830674,151.6373432
462.9641795,535.388629
701.2770213,520.9800234
429.5551013,562.9600655
403.4453487,362.1938506
404.3324452,253.2061973
821.7510013,396.4988724
710.146428,524.9605519
441.1092571,486.0679099
673.0972072,417.0995576
760.0688692,262.0340147
716.5381186,351.1402117
738.8285596,422.8455952
558.4808113,264.4398785
955.8173497,480.8450123
788.3476757,643.8257502
447.2478939,239.9134067
476.8493454,354.4185398
584.3741679,466.2187137
414.8133095,714.4878414
750.9472177,528.8345218
723.9817682,353.713853
539.0040134,469.3743532
532.5078175,334.4182394
506.5476171,318.0313625
577.9874808,471.618415
768.9795327,309.4536236
334.8405654,317.3667293
540.6956028,465.533312
811.9497808,450.2015744
817.8606812,551.9390211
664.1899593,556.096604
224.5988602,784.4074696
608.4336484,293.8226444
591.5985002,538.1523835
422.9829233,445.9269023
631.6167586,525.4841935
839.4903839,353.9841985
196.8800918,732.7146303
649.7195578,883.1108999
606.7864617,547.4315497
685.4292952,560.021346
717.5320124,549.1005084
366.2395647,524.6617072
583.386566,531.3289755
449.9713232,718.5282516
363.9901394,738.6763343
491.7632503,215.3175882
566.1293218,488.2766402
781.8957178,259.8387191
412.7625431,250.5730294
403.2326079,490.5420764
865.5409478,353.3381399
439.0008899,353.6969917
584.0423007,273.7852573
778.2470062,920.2174732
653.9121432,531.0358557
475.5900687,234.06384
578.0660245,588.3206824
806.2927881,239.0330027
591.429518,388.1121242
379.2770035,827.8391954
814.5480615,201.8711443
585.2776382,529.5227442
664.7433759,571.1928679
259.1483583,725.0865376
564.1358266,507.8866645
422.7474718,248.3360506
507.2316054,661.7012928
640.8264966,926.023706
778.3516014,429.5858457
590.6057599,831.6294227
843.4961602,865.1111226
790.0932705,334.1206483
710.843045,187.0078467
594.9280032,738.8416673
486.6077212,426.7024322
859.6841427,813.0411493
380.3552536,456.8126591
784.5880022,271.2585854
404.9844647,349.2727615
383.5157295,640.4293092
919.3586378,512.1891881
954.9227779,477.2896318
606.7973527,569.4636096
275.1557186,357.3808067
470.6743055,232.6847626
652.1877461,308.0873541
581.7808309,487.9007181
707.5903929,508.8488261
789.1268363,621.9545103
433.8316085,570.416766
216.897363,344.8149548
666.043475,516.8476175
429.8618908,536.4063056
410.7710853,846.3163553
604.9031794,565.7614916
598.1782584,560.1859268
657.766255,669.9133894
588.4106995,558.2847957
806.1564189,286.3293797
529.4189642,412.6700412
478.6309089,368.3378324
542.372631,803.5477376
438.4970294,565.3088264
940.9722362,728.881278
783.6279498,448.5378183
438.1278154,561.9480721
404.3447892,449.7230636
796.963699,335.8812683
381.0113628,589.1580242
464.0136067,541.3067275
698.7023203,391.7281177
420.579092,432.597631
574.7023506,599.5035079
268.9332049,726.7374022
152.1543916,690.0962811
439.3088629,317.26226
601.0431353,282.8832948
726.5227777,326.3130148
788.0390586,394.8992813
551.701031,465.3406498
464.7737568,537.8139867
521.4983146,485.7017243
496.124743,584.4098766
653.2686178,408.1554659
785.1353516,443.6056795
479.5115936,410.1287853
766.0621634,302.8762825
483.4295231,287.3973895
681.0062619,465.2173552
757.1697614,423.5608334
781.7506598,294.057721
225.7525231,657.3587574
759.0519052,354.4243483
443.9171625,628.2798717
649.5699756,410.4812645
628.2632416,389.8026035
632.8890086,595.8286563
319.1907192,490.3118262
864.5778243,365.3022072
876.3002133,502.5967186
588.7102983,410.3202147
793.3401251,441.9865945
508.9647662,895.954243
604.2956076,269.5220142
649.2985405,475.5471686
446.8626805,532.9590925
956.7171498,459.0377494
596.8285732,54.41833714
392.9749109,428.6250422
779.4338363,271.8436966
588.7738314,730.6157807
700.1967339,194.4764358
490.3484141,263.086584
360.0869659,269.6789897
559.1420889,740.4332143
489.4948444,691.126891
330.8314185,572.7834538
732.4294235,409.8180102
319.3449904,382.8092241
474.7104776,366.0581048
858.5557223,688.2852652
538.052455,544.9899157
840.2140261,631.0338896
421.5645217,910.8608952
510.6984065,784.361336
813.007792,572.5838967
771.8314664,419.542696
483.0086406,785.2091665
489.4940654,568.4347548
425.8482497,646.0822648
634.4478841,791.9212312
684.8459023,562.4725076
792.8160107,326.4976955
599.8795103,661.267035
893.7489855,424.1305668
502.726343,693.8535798
751.9604066,386.526323
627.8936979,939.0111749
821.0574254,182.7045292
571.0540135,391.2716708
764.1050263,364.3637392
575.1407005,408.853989
601.4709089,685.1080842
483.9525439,687.7711303
741.6803734,429.7507817
552.9348555,462.914122
974.8343454,604.9256909
681.6699513,435.5381266
221.0320032,406.4609541
427.6374832,581.6026002
971.9421587,602.0281114
625.0529848,488.3183652
537.5749156,619.1064074
633.2489047,570.0609438
682.141873,631.8801531
800.472416,575.9136655
938.6748877,882.8677582
853.6160799,623.4681859
508.5720025,342.620098
652.208719,538.6060307
488.5008158,612.6138325
455.8443375,786.1246513
778.5992322,672.6649
620.5337305,402.9970677
390.0347709,488.4695322
507.6550795,553.1973948
445.6271931,577.7533687
709.0030119,536.0549964
598.0570196,411.231667
584.4062265,267.7683727
423.7497098,573.7683271
189.8013269,523.1303136
930.3786122,890.3452898
486.0279985,721.5674079
816.6035168,949.3944974
458.5440074,899.7796765
765.6702986,357.2086414
681.3408705,378.0353353
442.5783383,598.278627
643.5263912,484.0912684
565.9459283,596.0836239
792.2415013,440.5791014
771.3645482,665.2490261
715.2061406,507.7813804
537.2074992,625.7938382
371.4204262,786.2385646
619.4859961,441.5920769
411.2983306,606.1241829
494.736947,628.843316
630.4665114,435.0777098
664.0978581,625.7687865
617.5745351,673.8817159
805.9336111,477.125636
816.4030452,356.4384733
610.3840142,646.0864854
494.5675154,235.1926928
709.1732225,805.5910304
538.9858418,303.0713056
131.1706262,496.2234477
543.737162,468.2653914
603.9652535,799.819147
617.510193,442.2276677
575.0015748,244.638383
586.380966,561.0592478
580.2227643,385.3314457
541.2918492,476.3340935
543.0835695,516.9522956
797.4788849,449.4617442
561.6790236,471.513695
434.5285102,637.6797417
931.8265557,893.3477774
555.2830934,424.967825
542.5156367,411.5847521
510.5908301,355.3378482
192.9332945,730.5333963
911.0705567,480.2018997
486.9050878,384.5909469
977.3922381,509.1539181
524.9341655,562.1814145
594.9625936,609.5856456
387.8815216,566.27337
484.8593399,597.3826362
473.4669007,831.4741397
480.4982817,363.1305426
635.4553354,450.9697785
658.7976604,527.9294004
640.9596449,316.9202905
491.1581803,403.7539682
637.4539091,543.5871446
420.1529214,396.2577992
720.864991,298.7463002
731.3359681,319.5869512
443.8014966,506.398563
521.3276995,464.9580208
751.2512208,681.591796
917.3553302,422.6110409
786.4845125,596.580793
682.5399248,347.2375127
627.8782528,482.0676576
475.8319469,244.7489323
665.1138933,570.3397931
393.9568501,343.7162101
531.2177255,303.0709295
912.5351288,454.976299
711.8922026,492.3349983
619.0071384,440.486479
791.5269674,365.3222653
651.5740322,791.7893701
972.8121622,898.8258097
678.002439,547.8177307
663.4420784,492.2126857
527.6508535,490.672851
540.2762184,401.7481171
398.7399293,605.93244
882.0584155,476.5915057
525.5197456,440.4563918
559.9071077,187.8610679
953.838206,571.5249756
652.9105194,468.9637891
565.9416288,240.9867236
647.09193,560.9022097
677.8838069,877.0032524
625.7291532,536.5202188
779.3419148,550.3551421
689.7117348,523.4503029
791.4487981,184.7481981
404.7752743,361.2524365
225.5797658,518.7230701
594.7925328,763.2863606
725.4638527,511.5987907
803.5146793,628.9875671
418.2643059,263.1180711
681.8017065,528.809491
771.6980633,464.7043695
447.057789,636.556781
803.256622,288.564081
479.8403748,790.8052491
766.6832778,467.1626768
616.1936602,373.4975052
636.4842391,513.1340705
372.0513379,773.980667
825.5731293,405.1517665
585.239827,273.0584022
425.8954838,381.6786789
716.7491666,168.3169428
525.6316064,463.6976413
772.8684746,626.3600823
705.2221108,540.3162129
482.2820323,226.9012831
510.4125749,551.4277695
465.8104354,687.691671
615.3048709,924.4531574
733.7759628,484.5700718
633.2213702,724.2285109
477.9534971,211.9786889
715.7384045,204.7563547
580.2832264,390.7748987
658.3035823,588.6099368
437.2493628,506.5001697
744.7782899,481.835903
820.7762379,586.7562765
704.477271,561.4708775
629.6938524,443.5570596
693.7535397,469.2789728
676.7222343,443.264483
783.1885812,284.6707008
451.1672316,328.3610296
720.0804073,417.7235732
887.2228732,532.9407268
473.2381605,391.6354535
717.3070175,521.8678865
396.0454577,438.2976396
700.0528594,543.1189762
598.3230168,632.4147012
726.582206,546.3155467
676.904774,542.1524268
493.6475513,267.031405
902.5323881,427.7758118
791.2249117,597.5687795
582.3934961,526.3414053
696.0585134,632.1999752
745.2797984,527.3908406
581.4712849,239.4163839
675.2366144,558.600836
776.8288444,593.9610598
485.9275679,582.9647328
822.7660329,573.714212
481.4627234,839.2414481
652.6929848,848.6998417
629.0153321,740.5746447
852.4401557,407.1481527
497.1598786,469.0567876
758.2596365,633.3444983
557.5681728,481.7144471
504.5019741,355.2634243
545.1850306,536.925058
738.5452598,367.4593089
507.1525224,691.0563116
557.7360314,995.3342996
733.0446954,340.5162339
878.8415523,500.9299538
828.4947381,795.0050794
762.2755846,551.3701025
425.8519349,878.4737404
797.1333104,563.7290427
618.6656536,738.1646231
472.9345319,680.3344879
656.5064689,584.5893338
714.7340093,518.9687817
724.3111636,194.5128329
512.0767796,387.3690972
962.708137,560.958435
658.0600712,547.2666973
640.0646087,532.498822
578.6796785,681.3718047
371.1759114,930.4889091
612.1594206,487.0086553
405.0953517,457.231539
741.2352971,422.0304845
436.6459406,537.9172441
381.8577417,742.7050022
256.3700698,723.0547991
490.9886588,516.2329832
651.2676621,574.4519737
441.8699615,262.4868053
638.1029774,623.706919
849.0676281,337.1901215
149.488623,687.0351655
809.8187179,207.4494461
599.6846116,415.8390318
562.2699818,405.3592633
293.4505402,317.6472292
298.7815981,732.6685176
808.2937587,576.0892991
483.2046629,449.7559714
799.7767428,455.4030349
633.0428153,509.9251727
603.6126081,462.5248279
759.4533427,530.6787381
642.5086631,541.0051666
878.1796755,679.2765071
474.2414023,263.3242515
363.2006721,711.9942861
528.1575154,763.8288275
972.3447497,574.898726
532.3604075,506.6095908
261.4271158,356.6531367
330.3685751,665.762973
746.1884671,502.2843765
616.8996251,658.7731455
435.6735291,263.2317127
487.7569197,653.2578804
328.427767,649.0082809
764.4764275,347.8545289
472.527222,809.3163406
522.5994251,474.0514199
698.5840028,522.3285958
633.8693149,658.4678655
967.5086238,593.4363318
858.0603109,730.2250449
651.5921439,567.676538
580.763717,488.1785645
793.8386375,535.2257197
703.931075,621.6586116
430.2996565,902.1342876
735.9426198,554.2853374
714.2063744,552.308863
858.9433326,574.9045136
264.3902961,418.6509048
559.8854606,866.9426145
393.0998198,237.6271393
555.2513943,600.9952241
693.3878011,423.5178966
563.1920582,453.3839998
455.8368621,400.0737469
770.8626203,356.7206865
906.0999043,855.2000637
896.6042748,478.9844153
776.585558,593.4103398
476.5380917,438.929574
535.7462229,985.1933666
469.4805993,854.8004898
607.7416005,593.7495096
581.4663862,593.524671
437.8797801,481.0693496
533.7916625,408.6471608
414.0422385,850.4330072
567.8857177,694.9798626
952.9660004,566.1142424
158.6390374,712.5184292
458.2264467,415.7335388
427.4666884,330.4994104
545.0357331,330.7879335
319.3055462,731.2923235
774.4375819,648.5516668
748.1402711,384.0847098
892.5388155,463.2069075
677.8716127,335.4815481
745.7930368,612.7725004
629.1086767,169.9054184
393.9745722,328.0295487
772.4894332,282.5473845
576.8727378,452.9335494
860.7533893,402.1515355
487.6327448,994.7808425
477.6314422,375.6716771
331.1625516,905.8392054
904.4013039,534.1675717
492.1398199,682.6998803
484.6097017,433.5664996
322.2629439,308.8817172
736.6612584,425.7887234
620.2333077,565.2129863
483.1935323,680.5256457
692.3832411,441.6705332
731.337601,319.883414
399.3256143,488.9345666
687.2719799,633.1591908
701.7286142,472.4577208
496.8928029,741.9003593
655.9570072,512.1510986
568.038296,512.2052137
788.8352372,250.3815373
566.6243587,711.8069101
620.1343453,477.8859631
434.6840996,383.4554499
491.9594973,217.4224553
472.0806926,820.2360917
537.6719006,508.1793455
661.5737768,465.2014132
536.428084,293.181851
437.2032372,953.7157001
538.9365703,334.6950619
221.60467,499.8395248
802.2533203,442.4148974
546.5067318,451.4684101
669.3472562,475.6242251
578.0601221,750.9699812
457.0334296,246.6527587
615.6962563,636.674685
596.5304126,542.994031
695.1762407,566.4880751
790.2983262,613.3524718
684.4957137,256.5687695
339.3263079,271.9503388
326.9505812,324.8881171
518.7640392,408.7169881
775.3261614,987.5404142
732.1329407,441.2864417
432.5575758,380.8382239
396.1353568,661.152495
661.7798362,488.8895403
475.3427525,388.9676436
707.2136885,566.8368979
570.4118513,488.058404
732.8078957,666.7848701
597.8275455,578.1701382
591.4964817,294.1845467
447.728834,743.0133327
248.1775805,619.3331683
615.6343561,485.9731981
494.1761898,394.0160357
524.2835841,579.2240447
812.7700185,578.1716426
471.952398,328.3917227
736.5850516,847.6372852
876.4360732,431.5948936
726.5351367,394.4523619
867.5242412,367.1015853
162.239616,533.9364858
735.6967717,366.6235341
575.5541525,354.9506643
508.2259786,565.2725338
643.5338516,589.4562002
693.3267249,559.480467
887.0238847,448.0325424
473.9342832,981.8205774
597.6343545,580.4882687
269.4546228,426.0991015
785.8384253,304.9535487
747.3932141,440.7593108
427.0327877,584.2121999
443.3817676,428.664845
560.4495135,582.0229427
520.328128,482.4989484
427.0469445,647.4723324
434.9077163,361.5858187
795.7950105,304.6300702
479.1386044,720.1690663
589.6039113,328.2108238
774.4575212,706.1369469
274.140777,707.5776194
633.7739628,721.8289153
691.1446827,611.4615787
779.6444349,598.8585984
798.5359373,446.7698855
804.6648067,644.3134335
437.909367,548.081411
669.0350736,738.971042
866.4558035,594.3533418
761.391664,544.1590301
835.2569611,255.2849888
436.4023696,531.9048308
409.668192,425.7137563
553.9768972,476.4845501
739.6190905,774.4744513
410.9484267,714.5997488
648.9221657,533.3631377
454.7996891,510.1409643
719.1461816,389.9447861
537.4111617,466.6130642
420.8544071,380.8640069
678.9886028,877.8196586
457.3043704,356.0600858
453.9570104,545.2066058
753.1712658,267.8117275
633.3125726,432.5654127
756.4250564,324.6086828
804.0164425,679.576877
959.0049557,903.4749831
701.2958221,571.6895774
662.1718958,886.1911334
695.625931,865.713534
368.0446778,607.1870529
426.6115607,763.1857358
510.587834,704.1443217
767.9191996,597.5420771
657.9662172,713.5039292
158.1138444,691.9759543
744.795293,516.2162263
490.2388753,711.0431773
565.2529815,508.601443
492.8217109,631.7579658
484.0772431,420.8939637
662.937409,479.2203068
633.2512417,554.9666021
498.5204997,295.6901155
695.1502043,429.140577
565.5432324,566.7740701
596.4574416,744.0504197
505.4079612,198.786126
627.8307041,477.9549546
207.2971085,515.9938322
758.2215855,366.7592814
691.3877593,380.4746292
528.6208531,325.6839846
146.3825569,716.990381
604.5692149,301.2997999
625.1551381,546.3440041
605.2414733,591.875457
957.0091534,875.6202051
413.0930621,642.1280416
102.6567128,625.7954679
593.2306612,240.0721164
700.7894448,424.0120151
768.2890278,366.9662559
395.0655559,331.732607
922.7680628,457.1296397
771.8269871,350.6656915
486.9525916,507.6195576
894.1710065,545.767125
571.8825805,451.1964349
846.0521054,413.2188598
561.5169475,462.026238
439.0665203,634.4577434
225.2252777,467.629132
635.6074194,535.6347167
561.8865811,488.4053254
640.9381327,400.6195151
566.019049,571.5520541
356.7442799,306.6044551
952.3523764,896.8477265
505.1533345,735.9553913
450.3065611,734.4728684
759.9050254,459.2241643
547.5125802,799.2626394
787.4517257,287.736622
596.8685716,293.2361332
742.8166436,319.8864018
728.0938324,512.3652605
813.9734322,231.9162242
787.6067458,401.9312099
704.1510964,191.8264901
666.8559676,370.0386542
708.8309138,144.9976339
645.543526,864.8414666
833.5072017,211.457659
499.5351118,668.4439042
782.8131501,954.4417194
320.0017887,544.6783884
625.4706464,830.3487762
782.6305955,461.097423
453.8583176,293.976047
582.4014359,402.1345697
597.4253889,579.5126305
784.6329143,501.1927775
618.4765374,548.1627508
455.5162604,692.6386444
425.9727841,899.0125798
757.9997814,323.4107341
529.8837401,440.9658674
633.7441063,452.4859196
883.0776267,497.7048632
497.3277822,674.1873929
840.5215946,424.0201219
727.5059153,566.7991218
789.8429882,154.4096014
726.6820374,309.3532078
617.0740153,943.5160136
593.8533934,512.2550037
679.8740663,528.5743516
775.1776878,455.9542146
450.7473229,772.3462668
861.9515448,504.0476291
905.2414958,843.0363974
472.3484125,541.1474955
590.7236879,766.8897342
748.925394,426.4571802
512.6233051,556.5631218
570.8706349,485.1327222
590.7453649,425.003261
777.5202331,537.8509061
724.47297,325.2608633
349.8647731,799.369407
638.8641911,634.3343025
630.0000727,720.7116377
950.6860893,558.9930553
427.9563022,315.0600486
568.5536617,483.0978078
515.5876838,548.4620133
747.8011233,900.2666703
868.2125889,357.3117526
609.0516917,510.138666
786.8800326,471.8600941
425.189384,792.5959144
428.2664624,520.4280497
880.0513178,527.7993571
589.3848787,537.1835776
419.1097411,523.6981248
504.875203,359.5922115
687.6261983,424.0875255
654.105499,294.3021582
344.9027045,274.9661358
644.6417934,597.0668466
555.8731978,316.9751786
750.9448657,904.15957
733.7220173,584.7008443
206.1348317,515.8176553
591.8518835,290.5867726
695.8663261,195.3876792
966.686169,550.357733
502.5577054,536.5223082
460.9913126,435.6486968
426.5361629,787.8206884
808.7862489,683.245941
442.8553462,988.0238769
603.4127657,588.6619833
667.0983552,380.8819757
807.2330511,432.959596
781.1038985,202.660284
584.1418024,177.0336258
549.943961,508.701441
470.7431268,422.2423272
777.7438648,294.7144147
581.0826409,367.3600631
756.1385807,280.536895
208.2519326,674.3041268
684.2881113,71.3578562
544.4324757,414.3174583
347.618269,572.9419127
223.1229478,517.6480816
881.0239391,617.5711275
680.7074121,550.099088
343.9630408,470.2325262
427.4839312,868.4377364
596.6927283,575.1577052
291.2787149,798.1302347
706.6512985,705.07368
580.391387,720.9936629
587.1339703,523.3101052
808.9629311,500.1382859
584.4096571,377.3105695
697.5718775,625.0219359
388.2286541,593.3320715
741.9341912,546.268828
319.4058869,518.0811484
682.6380184,444.6362685
627.1935005,565.4549371
523.8999287,739.983913
657.687846,545.673834
330.7111685,822.6287088
515.8558981,413.0136823
590.5388411,505.6479306
536.5129196,473.4899186
779.955419,623.9834909
593.9624978,267.1021515
620.9182548,460.4300108
715.4963765,393.2457632
431.7264322,745.068744
447.3756343,343.7232722
381.5104594,937.8155454
567.3026693,982.035596
593.6038451,264.7165966
651.900746,544.0537878
482.8292469,582.9881339
667.1648844,583.405196
606.941392,159.2093359
283.6776482,360.0675674
528.9088868,515.1367666
307.7287546,510.6982659
638.0173328,555.6903441
437.9219058,443.9210722
560.7924515,385.2177831
782.9315126,289.6132238
558.1027886,189.0728901
590.7077035,542.4304195
602.8427205,813.4874001
557.0251378,444.8348019
626.2266918,526.0343911
624.9288399,552.8769876
785.0115662,675.7746984
388.1471592,437.7907131
602.8736856,557.0889155
474.859895,227.9974161
605.8935228,932.5207103
583.0377706,585.7190432
487.0578908,874.1020582
382.3293188,444.8551107
829.6519814,379.0141075
744.8815518,613.0568866
497.3277522,536.2692837
544.367115,452.6286246
526.1142243,188.6474287
571.8306274,804.0589055
183.5084638,482.3219148
224.6716364,519.5467891
730.8215013,441.174388
288.0492979,666.6527374
566.9273581,405.1420718
433.3476873,587.1354371
683.6453499,379.2769104
823.4227413,372.8940282
848.4687302,530.7552722
552.6108232,809.1249112
455.8178666,790.0243206
849.3047275,239.215991
531.2864569,744.3167745
934.4516218,863.9960389
706.9808137,572.4813706
545.7503868,601.4288967
715.1051708,355.9855574
435.4762634,545.7216391
619.0394667,256.8031984
328.7470055,458.4358603
670.1000807,904.2943144
220.9910759,779.8642071
668.1092371,565.3839189
454.0144014,541.4555544
720.4184915,495.5158357
465.8490257,367.0725638
430.2355391,410.1728922
217.9350454,646.1684937
936.3440423,447.4989136
488.1372195,253.7938995
618.3135175,526.1374187
356.2354308,298.5876324
867.685733,728.7207297
460.2342635,446.4569165
524.8959947,677.5654264
738.3917527,447.1966632
476.5224968,828.8713932
505.1538738,502.4976818
627.7137349,721.0757757
876.5429304,432.1314475
566.8522,565.8590032
559.2912217,688.3432665
481.613579,313.7850643
547.460013,324.4536714
821.8178152,404.6711036
933.5231636,874.168438
459.8513272,909.1957601
604.2675488,729.5256025
624.4291889,471.7476017
396.1642246,312.8621831
812.7711271,558.6227955
695.9146388,634.8514879
650.4342565,573.0984494
504.9141977,509.2531012
661.109675,476.8085301
454.1185172,578.8219636
370.5666019,600.1842294
466.1335239,353.5166778
424.7576256,455.8793101
527.7161693,579.8249309
657.6418853,364.1854729
772.4156233,353.7206227
772.6954027,642.5614845
594.1167989,574.3500744
338.9454089,322.7369911
676.556473,559.580841
609.2370777,540.6217645
236.7508204,649.9621268
614.8011602,471.7923981
483.6629222,246.4635441
762.6427763,551.7484065
645.9575922,607.2883044
527.0170355,452.4803618
516.1206967,495.4136231
458.1113351,333.1768941
314.0516089,646.8375356
321.8917074,314.7616636
539.8101093,295.0165397
719.8610002,548.1364036
793.3402299,565.4832065
313.8728144,718.3639424
297.9154596,689.1726895
681.7727937,569.5503609
599.6598784,665.182918
394.542625,658.5570195
545.6329532,364.7694141
452.806853,633.9524466
550.1733753,476.5886224
895.3444888,898.1089836
385.6645894,392.7349713
622.3041932,448.4653585
349.0127015,669.2972089
658.8937316,569.3368675
634.6771186,622.6921049
730.4117944,434.7244784
451.1272631,414.0721228
487.3214311,410.0900272
590.5893261,282.5485127
344.9080377,357.1707191
647.7088198,476.2112795
557.2975616,519.0664604
404.8376839,429.3704511
547.7486759,473.3133447
449.3963794,228.1992089
609.0735635,944.4593917
628.2346434,463.897679
196.331484,771.9796007
286.014381,351.736731
374.5543863,339.2328711
547.1100491,458.8842632
458.8364304,973.5512525
498.918222,631.6251855
433.6902208,515.220927
516.8051344,569.2662672
679.1584538,521.6013855
324.2447991,368.2674829
806.4450069,613.2342544
715.5356259,484.1515681
750.666974,531.0260983
224.0035726,521.5198368
835.1518866,542.4368757
498.656794,233.1107463
494.7165583,451.9106075
579.704792,467.2420735
766.0319324,132.781921
693.4762171,569.4648006
141.7842195,664.5195593
709.8351742,197.0119459
578.1412576,637.2867075
627.5652164,657.714914
525.2662125,548.2163644
38.15958943,611.4234892
221.991756,776.8648536
644.1965074,479.1544076
550.0560914,480.4696544
773.8488857,287.8940154
669.1814949,61.78254056
629.919911,376.9690596
705.4687678,328.1183476
623.3727208,264.2294148
564.0663911,216.5749173
598.3234662,544.6789526
648.5156047,543.3153157
435.5210257,519.3944311
396.089411,423.932326
798.963591,282.0345032
513.334753,615.9146216
648.9223904,352.9207435
605.2903703,780.2797022
473.2469392,868.5062264
745.4660384,312.6945726
722.1470533,531.7106016
344.1956011,318.3186111
434.33854,561.4860046
839.769579,353.8855378
492.4802111,574.1733543
214.1763606,782.7979121
456.5272022,875.6690549
468.9900866,662.1705268
499.8172131,533.8389324
378.4078389,332.9124407
359.2601068,369.918243
435.6800158,957.6748124
682.7200377,386.9544797
730.6349018,466.9411185
499.1716054,510.7717286
887.9588445,524.348404
713.0227652,577.4341734
481.2781164,606.4378413
655.7152489,541.4814418
850.9754189,413.3828348
558.983788,446.2478109
607.5308072,369.9412262
694.1196527,577.2334253
373.1136485,602.5145828
592.8521441,477.7188332
660.4323232,365.7992301
590.4622898,669.1678969
498.9331278,538.6946415
434.9128248,359.8812569
227.6912789,770.9981331
718.3875446,477.432295
819.5192832,336.3759928
756.3519206,301.6959891
501.9162623,434.7477123
575.6495795,695.1969706
550.9202525,670.6047041
702.6248639,542.3059757
702.7812473,509.7501658
876.9851903,436.4419735
511.585413,527.3116947
603.5834557,537.7367213
411.9062919,836.7781262
503.9607218,454.210247
674.1388744,850.0419789
945.526066,493.2089879
785.8330772,554.8826089
647.3184679,316.0162973
651.421349,564.089566
695.7897149,479.3591882
628.045722,709.3964915
426.0598669,572.5791747
828.7519116,409.5586549
539.9174909,462.3945966
611.7002026,647.9708596
542.8286731,557.4843524
276.696857,627.3545459
579.3326568,604.0109165
784.6159412,671.642585
437.7765033,733.2195301
413.8386659,828.6334749
919.0933298,852.1351035
428.7370358,535.3252162
670.6214237,426.7839182
590.3998054,639.5013717
379.546596,530.368945
609.7706449,551.2086558
707.3585218,497.4911818
536.1452036,398.511702
831.5473082,397.852334
708.345929,231.0608719
563.8652604,731.1391716
821.7060443,560.4339995
804.4079029,507.7864785
774.9641231,624.704245
448.707043,254.0244004
901.515409,568.6585279
662.4434507,573.4199849
745.1849857,889.8154428
580.793963,474.2758407
746.8183302,506.4623101
710.0646484,551.1812012
953.8337118,499.7132842
947.7860078,536.6093938
758.2225742,536.6642401
660.4822538,479.9725689
558.1857367,207.0730435
469.4399417,426.7844614
779.9740549,194.3187918
815.9662084,290.073369
424.9755347,426.5609182
684.9201166,619.3701504
454.6727278,519.4340459
616.8153587,549.216135
503.2867406,547.8037527
631.8347127,873.3046445
517.8862008,300.9396736
524.3072386,332.2245108
788.3491738,582.174632
547.3225652,195.6424169
764.7084934,492.2365883
617.033178,550.0658668
831.3225529,468.5654479
646.5753359,614.059039
797.3902741,571.6469539
545.4952058,290.2968286
856.9502419,613.1757935
760.318073,324.7736815
538.5803595,422.5580123
662.9059196,491.6488444
236.1893442,517.1125097
623.9726525,771.1718863
593.5579143,513.290252
376.9657229,463.3263994
506.6312993,835.7064181
379.8500897,462.1672088
543.986935,566.4561075
515.2889389,404.2277988
682.515791,526.4378722
976.83614,610.59135
438.0238045,336.3771002
827.7537483,502.7209325
831.9815983,725.6851045
750.383794,306.4013042
596.6965784,540.2463857
898.7030544,856.5066395
917.5141405,852.1955285
334.4138854,406.2711544
457.8460871,356.8894461
926.2181453,517.1111516
909.2304937,644.925874
817.0241446,308.7782509
223.313637,515.4879504
447.9873257,506.9692575
336.0170888,359.7261828
566.8051307,490.8097266
703.5231958,422.9175745
558.4548049,712.7900283
546.5983837,723.6310931
830.690188,465.7699348
230.2214723,558.9815428
499.6827315,434.3164633
781.537934,295.6808177
561.5683313,398.3273139
415.7548308,483.3773257
545.398805,517.8107611
473.7622449,525.1902171
749.33967,526.3675226
432.74443,334.2167182
463.4968178,754.2852496
778.7742366,637.5722428
526.0124755,402.9311685
468.0159374,393.1815355
541.1775615,668.8788305
261.579065,501.730209
403.6464944,442.1046029
868.9057903,530.4560515
745.4406012,663.2736801
731.9142676,510.3324355
660.3588579,625.4853614
428.85793,643.847835
196.2212261,529.9585063
149.1672872,542.6392535
520.556209,317.8715037
954.2667136,564.9499119
467.1973476,912.0979572
612.5061486,556.9694654
727.734985,497.9857183
336.4987778,671.7362312
842.0818633,357.285677
652.5006777,858.7481941
636.4906658,538.8351526
526.7521919,803.639566
572.8837099,808.070733
717.7724225,338.0663886
645.4160403,540.2456753
594.4135963,534.3012714
427.749389,493.5491189
657.0252202,510.3352562
914.1510507,452.4400994
646.8385616,512.9618217
637.2757737,457.9218717
506.311896,463.6210445
390.6934568,590.9851284
550.6899993,404.8599631
850.1392717,458.5418339
168.2990799,552.793851
535.4506689,310.0299386
567.6038261,179.3107835
608.2921258,267.5859695
508.1662056,379.2875244
649.6758291,166.6979413
600.743911,388.4863956
578.2581669,404.2005742
633.2267332,647.298412
769.5400651,353.3386622
771.1713273,663.832298
726.5059543,510.7211446
879.4867406,681.8683888
754.523228,513.3970614
445.0602939,513.0935991
428.3099364,640.8236179
815.068206,437.205957
592.9108984,685.4496777
550.0428485,508.4563143
325.8837015,437.9400832
644.8418305,519.5755808
738.1852139,295.2646332
453.0081635,529.0689508
503.0409225,500.825192
491.3506971,315.9708323
690.9081376,568.4755187
476.4731204,467.8195794
739.6926906,446.1679337
648.3543376,472.3826283
527.4156417,464.258265
532.7622046,991.7431488
501.6272099,288.7506631
622.2210354,933.2975436
296.5880807,698.120751
498.2980814,669.9107358
181.1099807,709.3395348
628.9775358,563.5636052
537.1652537,333.1178899
433.3167672,265.0518175
774.3329118,302.3096413
303.9096976,664.2648006
746.7876647,427.6185856
597.1582982,287.0128174
427.3624527,495.6987614
487.9801919,505.0098534
676.3906218,177.0736375
666.0151315,623.321532
634.7884401,636.1276214
571.5395976,179.2497316
580.7843604,613.0811861
573.3224643,483.5259645
413.2314387,452.3963477
844.5088547,601.1433405
519.4579447,602.2675966
802.421928,510.8442721
562.5982387,646.8576563
651.9666461,512.0937659
351.1776507,982.1588697
621.7266877,561.2227631
666.9709594,325.4513107
629.5676101,921.1319969
635.5048915,872.213735
487.3913011,327.4208692
253.1021224,741.544746
683.3898542,548.3187025
462.5967181,342.1967887
645.1775478,596.5562428
209.326033,491.3299834
428.6010261,552.313209
437.3706914,633.556153
290.1122585,827.4396632
675.4016266,550.3008599
635.9222385,563.7773283
789.3763697,432.2000629
550.517976,750.9675993
650.6155827,507.062653
430.6481223,550.0535812
539.9265692,788.4485067
696.3108032,493.7011634
644.5388311,612.1770467
428.7731393,229.3676137
696.6187462,511.8554507
980.5547963,508.7360203
831.8814524,393.5552011
817.7044027,489.2989761
399.5880161,857.1512356
848.7507566,504.4638345
829.8310006,802.8260432
625.2812606,606.7356622
624.4923775,567.5845215
762.6624609,553.5512947
542.4104273,673.7669878
662.8223123,527.2375842
889.4262329,609.534393
571.339141,380.0981221
642.2191164,858.0291741
791.0132945,335.4859149
605.3856325,854.0322439
430.5829563,410.4570485
588.5722213,503.6309013
851.7288426,620.2764628
446.0495137,601.9940962
762.3490649,316.1100898
684.2282934,472.8242198
409.2355796,906.8170375
690.6303057,563.7370241
280.3278314,666.8388807
776.4618624,682.1684453
652.5146547,361.2647848
728.2417068,434.8928619
846.4757293,129.1992323
167.4685355,554.8717023
584.1150918,979.5849358
76.94663002,573.8979525
529.51144,923.8099194
487.7766044,673.718723
659.5315643,476.4984236
499.0766428,588.4438934
437.0627633,559.8539236
571.2414669,795.205723
504.376406,990.9436457
906.0598609,843.9434411
635.1941171,525.992687
463.1527713,394.0829378
831.1489567,402.7233792
720.7290112,190.8830285
564.6517166,350.4152161
826.1540505,418.2325264
919.5254028,858.1332255
214.1623986,535.526215
645.9560941,608.2896002
600.1948988,586.2264921
400.9147358,354.9134733
598.2862691,747.1165081
578.1867839,370.6604342
835.0669611,732.7837054
818.9537921,293.5084845
671.8727307,565.7287718
260.4180316,732.1997641
494.9879634,593.5885017
682.05112,559.2472081
733.9434618,518.8298376
604.9130667,562.6869621
613.8988883,291.2905818
421.4658589,591.8024121
177.9212062,518.9640597
449.9030412,434.6296203
693.6369599,556.8887524
486.2019992,604.7054071
840.0997234,734.5159933
382.2364535,346.8669604
596.4196903,538.5676905
813.3004547,509.2528714
583.5828579,676.4915872
726.5458629,648.1830993
614.7086245,768.7615304
625.0582131,939.7976402
601.6278466,283.1987084
456.3503252,390.6427869
774.7242374,303.7905972
508.7331199,197.1344465
805.2871345,669.4974765
333.4224335,736.4799313
539.6871628,317.7674315
652.1355683,476.9866501
424.6163427,279.611214
807.403786,687.2813159
734.3216493,467.0764688
508.9254719,348.3364664
383.1447627,308.1195933
607.9186573,594.4605899
427.770332,509.0724948
784.4062865,867.1620626
907.2890713,467.1003087
802.4670048,337.1625834
825.1786428,636.1504166
518.3263185,762.6902382
470.0904931,392.1017415
419.7015982,349.0820842
633.0684773,467.6301767
272.4095187,678.2726204
794.4183602,344.1777969
384.1844374,896.0806299
509.4154003,504.827471
519.2468069,543.288091
695.854761,489.2200392
489.8164199,566.1961254
667.982051,561.4715043
577.5073647,458.9225616
630.3320897,546.0542691
565.9078623,411.1194043
207.1141493,675.5021173
703.8920354,544.759373
803.3296978,616.2771716
473.2991169,619.8121388
445.0937158,575.6039351
442.9359274,574.8838913
462.6435627,412.7008596
876.5973553,527.5520575
660.5622208,520.6331437
700.5249308,533.2726256
787.3811666,586.9061689
653.1920215,611.3881995
269.3025988,359.7539298
624.6226795,567.5620397
497.8753863,236.9948079
513.0969346,405.3818287
776.2840866,570.1984044
523.7270665,523.432564
565.0070885,511.9918875
460.2169309,830.2150765
588.1301411,619.608194
636.9108591,473.0503121
753.3871525,670.3419013
447.699337,575.0663991
537.9091498,627.3273421
552.0859898,523.8216283
511.4602793,673.6537849
367.0282081,612.6746754
562.7843438,651.8389583
965.3009197,593.2960087
833.5409682,567.3770665
322.2547944,655.1854213
632.0676774,636.8300516
351.4844851,520.2543801
707.7424769,266.247823
604.7147673,622.8128504
846.0452292,244.2273801
601.7400819,557.8518125
481.95021,589.5679196
598.7700105,582.5817486
604.9129319,561.9001207
915.9543362,857.5214954
790.6804536,568.8442742
727.2282033,327.0608473
348.2245075,603.9748329
449.784544,619.9058477
472.784755,597.9308907
495.4075126,433.8095577
830.2025367,746.1361688
606.4871476,639.8235548
527.3144921,413.2499499
530.2630062,456.8053463
564.7970143,746.6359496
464.4557467,905.0765591
488.8751533,513.3848803
681.7987703,568.4592633
699.3709234,477.1978243
447.9211111,735.6914184
433.8058417,348.337135
541.25636,424.7179346
449.2856421,431.6395228
536.5729472,403.2328965
518.5916115,749.549513
628.8993965,647.9591799
705.7257016,146.2795341
675.8518862,687.5100199
712.3299383,230.2185992
797.4638143,820.6132883
710.258139,265.6922557
836.6370121,409.2083487
485.1161539,608.0404202
833.4541401,558.2081153
366.3026035,337.985216
443.998987,761.4045145
528.8641245,916.896835
665.5946686,563.2633815
690.8632554,670.5372587
795.5887864,613.3425681
478.7260213,384.2113683
308.8823725,660.844854
692.3230487,492.3997066
267.2220657,723.7520058
921.3538108,496.2900572
467.6503636,623.9164425
563.7384638,729.5307215
703.2611087,548.0463094
910.100647,444.2325785
974.5230467,966.0392878
709.1188426,536.9582165
560.4293346,486.1735701
492.8445414,974.6483048
685.6948879,559.3150713
779.4850403,313.4547535
384.8500294,832.5404362
780.7453057,642.8055664
718.7618071,164.8506745
424.5570641,242.492376
286.742787,680.4466879
568.4423552,386.5121152
570.1649996,488.9763334
172.6812759,521.1863083
497.9709481,439.5558461
647.7757685,883.2489664
543.997841,475.4784069
389.0973244,680.3211159
845.7327321,938.9254265
446.0111482,578.4923213
716.9767832,190.9955836
647.6166735,310.5279434
439.9917876,490.8258776
498.9381014,623.7328692
880.4636313,871.8837585
558.2088819,567.9816926
616.6624209,551.3722755
621.6234707,604.813094
323.6853753,305.6727985
496.812042,380.1039933
408.9588414,654.1370934
396.0305819,371.9250343
738.2000298,850.1651063
441.2163091,591.0794641
553.5475207,549.4212916
281.3514469,648.4043025
552.3530055,263.2969851
783.5659297,879.6332445
489.9434262,424.3968589
768.8601067,492.0693539
391.8936647,661.0759608
500.1636715,411.8893635
958.6675307,555.7366448
572.4328361,363.1718915
491.4722055,588.2129537
616.0573209,648.4393205
705.0524994,205.5582605
650.1465523,480.1366483
619.0013858,243.4546421
764.8291029,324.6351553
537.6055062,607.0632777
648.9964849,352.6109505
495.6303803,974.5544288
894.9000867,581.6668488
456.4367488,400.3305323
702.9496002,515.7403481
160.8484043,529.2845126
770.7927204,684.3489481
819.893321,407.7028843
790.7450803,403.357006
696.3861261,105.9652747
443.8168668,505.6202045
823.2466284,636.1933743
979.9954474,612.5270395
486.4614197,726.2077223
756.3438161,367.0450466
261.6343137,526.6025993
504.3273742,606.2502354
365.6983874,297.7451716
467.0429716,417.5272546
418.6634065,406.5834965
952.616381,986.3169332
803.7702798,444.2386377
907.3988798,484.6667685
233.8790074,549.796378
876.7792058,444.0406267
649.1994432,358.4989618
487.0960017,653.8255453
563.3230493,564.03917
542.4879973,514.1725992
527.2828828,465.4714453
500.6612701,756.1922101
836.2522332,533.4374989
701.3528236,435.0962635
432.4616096,386.2208758
862.6910066,526.0712479
477.4107617,419.1390895
431.3818015,498.9515363
799.4208016,240.2379508
558.5891966,661.133001
258.0626779,727.4611651
850.3875617,463.2157874
720.7321872,295.0457075
326.8391698,667.1938254
795.4218116,446.0715922
423.2483511,572.8575434
487.7515117,409.5878436
556.4865371,375.1045763
424.3014486,321.0841625
609.0900722,563.7880678
465.4445171,644.3943136
441.0346083,526.3065335
878.9786406,555.6075209
483.0001466,510.0363488
727.9492988,351.6540541
494.460793,561.4367578
575.9264676,245.0350736
663.4365206,869.8840293
592.2735749,707.5024434
545.0755218,452.3520318
500.6063059,229.7438492
474.7563634,333.1684321
284.6881107,392.6802085
468.4745711,309.9838677
803.0956095,584.8921902
392.2583845,664.3242854
426.9685955,809.2326607
722.8018143,515.2480681
235.468099,415.9385701
463.7489279,269.8357353
565.1945418,189.3796744
670.0646065,332.6157063
669.8637754,499.5683227
431.9560862,364.141763
584.4685162,319.0915163
597.8737309,513.063115
496.1675728,508.9013324
508.5900243,551.710902
863.7801925,610.0456027
488.9897705,414.4393739
436.4507123,360.1733947
568.5744848,472.6558781
599.4603357,341.1716112
798.9237574,275.0508394
596.3695649,415.6286726
594.9274189,547.0912099
840.6426536,233.2142544
632.6753091,578.0165476
878.3840721,738.9656096
719.2259838,125.7228305
558.6526998,435.9677876
564.5126808,216.7684987
429.4665354,412.9373571
668.0519959,566.2057157
500.5207362,810.8641776
691.481913,614.478671
758.1092753,342.336464
670.5391198,551.1756226
451.6697139,380.4563053
464.3493239,353.2013897
509.0807917,524.5421944
733.1243477,358.2108984
761.8505225,315.9370469
396.810117,846.6416725
631.5049428,168.2483065
795.2303285,953.4610459
348.4655618,357.6647541
245.2563761,735.0298357
636.98777,481.8474991
691.6751938,394.8905477
400.5807564,754.777049
755.302089,303.7952147
565.9144988,522.4697129
553.8814253,646.0231561
764.1764842,315.2614235
589.1135784,514.9021078
703.002557,292.7398208
582.7368085,748.4981137
461.2958101,454.958581
551.3051064,467.1592711
439.2539587,539.6601043
691.7476254,557.4848957
423.1263933,858.770655
833.1862704,474.0427071
708.8694142,392.9675616
782.6000948,170.9543939
603.1527309,825.3865921
421.1320742,442.5811289
449.3340747,488.1629777
462.7419409,423.4408192
320.5467412,668.1690875
621.6970109,744.2253848
683.5576679,567.0196355
649.572792,610.1329181
718.1701448,196.4830809
613.3275698,263.9942963
945.2361747,895.4506177
666.6396465,178.1929
570.3726918,487.5966291
465.5571719,542.9220517
488.6211557,739.5803692
584.52381,741.0919973
220.6769459,507.8039458
512.4720601,423.0202887
696.0601912,442.1180794
736.9246039,438.5061602
479.7629995,403.5044121
536.5236308,462.3212174
624.6815686,225.6771544
218.9850419,526.0481602
664.8549671,172.1239897
459.1803571,609.7154381
699.6927236,494.6701782
804.8116474,151.2634478
547.2366659,408.0316281
319.9371171,672.1811657
903.5797479,730.9171536
434.7137464,272.4225189
747.2083973,526.0471155
675.7106333,325.8923381
603.0008866,367.6404167
594.4922149,510.6399512
439.339798,483.5318775
217.6462477,514.3860298
618.7394934,626.377675
412.8623894,846.2751317
554.1737135,472.5317686
457.9501879,641.413284
678.1303591,445.2428587
447.8279162,747.6631956
486.8205368,271.0268726
534.4378395,697.9607877
644.8149552,400.3775435
746.4577749,171.1743435
482.6343182,416.35979
823.0630101,271.5882485
206.4102667,529.2502467
498.8015224,444.1325597
750.2918725,553.1870314
570.4573627,594.8306617
534.970433,759.5402401
433.3692895,299.259871
734.5851297,688.5138021
878.3110262,871.3509863
559.6011721,211.8992714
297.9153548,698.7485275
137.1757402,704.7938696
948.6270236,889.815986
811.1497821,569.5772512
408.1296902,228.1348976
280.7027381,646.5995338
458.3043014,770.9103163
331.6837448,510.7440861
897.3601854,733.3264439
467.758689,283.8647206
822.2597305,382.3842223
611.7824016,486.1941505
810.315163,339.6110289
595.1256284,840.8594258
754.167886,81.61372622
704.8134676,498.1523049
641.016227,295.5430646
749.8031126,626.6983328
361.7714395,574.8630811
705.9180537,534.3026504
602.0784208,305.0084995
456.5023193,548.5703897
317.1634126,444.2442164
556.9668779,370.4121526
784.0772057,643.5458145
409.6114901,649.1926064
618.1992448,637.5118805
491.9343597,629.2092091
667.827675,471.490482
634.4961369,969.8288257
484.2160392,614.1678542
882.0236753,618.7997902
448.3054257,529.4147439
428.8433987,314.1692812
614.8600493,597.2552464
856.3841366,672.1301638
565.5246263,650.2264966
679.4571388,480.9535141
785.7182353,642.6030841
949.9838246,870.1831874
606.5485684,504.8274502
696.9857581,108.8602634
598.0523307,296.9236255
860.9420711,964.8764617
493.7592323,422.6328959
453.8737327,626.1947702
408.2706585,910.1206053
442.3236067,285.6285583
572.0200133,634.6910858
426.4767345,567.8411397
730.9052583,448.4672807
573.7009664,426.0875472
776.834567,456.1426562
463.6092479,235.6578107
398.962797,655.9559028
589.6799533,479.1537181
762.7362408,372.586241
516.2254567,410.1240633
573.7848283,683.3228512
777.9015965,441.9197551
197.7923858,539.8545216
542.2302695,426.416876
959.9008458,938.2546087
627.1443339,488.8610829
687.3706876,423.0714577
449.5925964,877.8842832
452.6669034,354.6120377
567.4848345,387.8503034
854.7670462,364.7431297
434.4938598,414.6113303
761.0052072,271.2862697
968.2415241,701.2925623
676.6437654,698.1978284
434.962276,365.857106
205.5545997,659.7869149
145.7692775,733.6588441
405.2591206,469.7555823
799.9249917,453.0144294
631.2621208,555.1146977
544.1003688,692.2399898
585.5688179,195.8222085
765.0575584,448.6204535
564.8762921,599.8186289
598.2813555,407.7811318
796.2480865,443.5171105
510.5989047,441.2645449
733.0615037,407.8635371
300.1265943,671.313695
600.0673532,500.2153633
547.8170777,455.1065721
444.1909046,981.981272
430.0061998,814.8255047
824.3959318,305.4830823
528.054628,331.5081235
502.9077142,459.7935007
829.157319,230.3522989
457.0391822,757.8223898
481.6349864,336.0632537
351.5413968,263.7903306
186.2766404,528.2183832
671.1691327,6.836696473
750.2043403,370.4277395
573.4175318,178.5508116
684.561404,618.7670286
432.7776571,550.7912385
765.893376,943.8836199
460.9214427,437.1629783
687.7587324,432.4597525
842.4896077,590.6285122
382.30126,306.9624085
991.6317423,946.2769683
323.2585605,668.6727754
726.9679438,475.3533782
477.031211,439.3243005
458.1459855,323.5516422
921.5425376,597.9198588
661.2987164,801.2609478
561.6401937,417.9141251
864.9985869,810.2880716
425.9794206,225.6840703
669.5283727,580.8705843
568.7414446,346.1719057
473.4023339,853.8337524
782.3959829,683.0475748
436.8219338,294.9712836
762.1989434,314.5983364
436.5937779,793.3585816
394.2143382,661.2925255
335.1063678,540.1854383
644.8306999,482.4434125
278.5779671,537.3803558
575.0143983,718.1519744
450.8049536,378.5169385
524.6766624,399.0500947
743.623114,443.4947959
587.0877998,227.6431191
808.5915598,548.9021631
576.7023474,916.0630661
596.8741594,541.056461
649.3251462,488.3395098
586.7124886,544.2343106
773.1150417,691.4824834
456.3651411,523.9205398
510.9725231,449.8746275
727.9997687,165.622723
477.0917779,590.0291513
623.553358,828.7701416
456.409439,574.5104556
686.2030029,199.5083218
607.5382826,641.4302289
822.5529925,398.1932798
565.1371209,594.408606
514.2785514,226.7211364
555.5857034,696.740608
714.5828691,190.0692967
385.6041423,681.0401358
737.9841281,458.0864107
614.2343059,656.093447
417.5519592,328.5776152
207.8002349,691.3767396
838.0714281,569.4689167
673.1610699,442.0362174
505.1933029,439.6040482
546.7097801,552.2381165
394.4807847,318.6364066
419.0075279,479.0464491
781.2217965,637.5959364
646.3575616,579.0800026
432.5710734,928.5945685
522.404077,548.1784421
719.0685217,620.3702553
702.5356539,262.2681094
457.6943177,218.1619303
679.4403005,383.6566367
539.1498055,481.5630921
328.0697884,544.1490637
795.7461885,354.1648885
699.0406741,398.6169444
568.6327298,657.576346
813.4715791,722.8641427
564.4928314,569.9447322
810.7554904,562.7415786
522.7188812,575.452977
527.8418722,743.947622
624.4523491,717.8818796
447.4868958,429.6988814
491.0894638,359.7754087
455.7605654,920.4632057
884.1351884,439.6634912
811.7257297,562.7105721
565.8024732,467.4662644
399.0874813,371.0278316
496.6268807,444.9116494
649.4657999,506.4589253
909.3173817,453.3106833
542.3200038,660.6378586
448.0477129,376.3012714
575.5183187,589.9289862
747.8535107,312.4798884
826.1568069,96.51149858
700.9219191,548.1147994
708.6687928,417.4627762
506.7320893,728.6856072
586.6878903,524.3683576
637.4932933,595.8368258
540.6878728,420.1446477
660.631866,296.6230884
396.6820471,367.4388956
931.7017066,607.4828888
695.5971831,534.5806848
935.2971318,736.9458641
606.808019,282.6554266
477.0246045,512.8308799
669.9036689,412.1002451
547.6918391,552.2601386
601.0886017,932.715441
832.2575726,723.83719
969.8947629,600.1525961
640.6702031,563.1648461
783.8782471,538.3173822
728.1553881,614.4518851
635.5983411,204.2032527
358.1673255,488.7839637
97.52227647,614.543045
400.4878012,918.4499373
656.7746982,912.1118098
904.9611922,496.0397907
464.6864643,464.4489005
586.8061029,476.0865223
326.9425365,308.8618681
622.1400199,537.3493703
494.7440179,755.1219646
402.7943778,372.3950832
431.1008237,955.8163047
578.9325825,340.6338245
588.4871609,510.6774765
772.7548011,352.5616619
706.2602875,502.1415671
500.7221816,753.4974262
464.4138307,907.2479939
743.2053775,572.7006515
528.0030644,319.697417
482.9887613,632.9903894
648.6569176,667.2299717
717.7030469,399.7244645
576.784876,482.3083338
486.6824598,616.01019
639.748666,403.964808
707.5401327,461.7242593
525.6131952,382.3156905
483.7970593,351.0230599
449.0610516,523.3155793
541.7233679,291.1560672
587.7553243,530.9653181
468.9864163,662.4531787
589.4651153,239.7349941
380.5282505,463.2028123
434.3262709,418.9048904
862.5493043,415.4071142
454.8768996,504.3607025
281.5326683,639.9263943
206.2404606,517.4568612
673.1158582,381.0583824
234.928884,327.8206939
748.2612252,706.2607848
690.422973,616.7578345
476.117374,324.6228697
170.8036263,704.6427862
437.371021,636.9095527
520.5604485,396.5598825
625.5926791,474.0140199
501.9953903,312.1531504
903.6111175,585.7109782
577.7263075,611.3582168
211.4004989,571.0816918
782.3218135,681.1203682
482.3535501,583.271162
694.6576392,573.9088173
638.4774047,311.777688
672.1666518,411.8610523
538.1791767,466.6285674
594.6724776,562.5691417
549.677844,693.7607693
628.4727615,722.0470471
147.4820945,516.4427365
445.0865251,939.1573064
757.7463531,363.7180567
527.3015937,556.8007685
429.0416681,635.93638
573.8850341,381.0836222
583.4746374,402.1351129
828.9941494,913.1205856
554.589158,460.0301444
595.0791733,383.8147404
746.3931632,312.1286628
609.5299052,848.1270369
488.6337844,740.491132
743.7864635,427.0527384
845.3904084,509.962301
586.9455582,558.49574
680.2079859,709.87822
427.530626,789.1848895
347.6230628,708.6640995
568.9677878,753.448848
223.9872736,515.8645202
425.1059266,791.4261933
334.8553963,682.242326
537.3617704,623.0132015
651.8179478,569.9847022
637.4976228,194.6715217
931.1535632,872.8178179
781.6507985,454.1048584
976.2267106,519.003361
399.339067,450.9673339
980.2488757,917.2547257
573.2088658,730.2657461
585.9854009,267.188276
807.7691799,687.683021
652.4058349,925.1389143
626.238227,527.2450433
483.510269,388.8137813
768.2871552,463.9777442
494.5586618,370.9075458
775.379253,315.5989845
619.7760672,623.449277
965.3732015,560.6117852
460.1690526,213.9135635
796.5275363,436.9632332
530.294226,564.4976019
507.6788838,444.6160015
703.315174,715.9277617
824.2859286,656.7665005
516.6664432,499.2846887
531.9546855,411.6357749
551.7306628,434.5428273
909.0765372,855.2772665
738.2972245,297.8276396
544.4390223,732.0209337
580.1549767,392.924583
550.854682,444.7186112
808.8525983,441.8833371
492.0698301,414.4281957
383.8224441,830.8627857
442.847766,350.3296976
439.2248213,535.4363714
396.122833,703.2213569
567.7388021,486.1637291
640.5475861,626.5531624
455.8300159,436.4284134
832.1913579,236.9711143
736.0630945,357.5993981
223.3217565,701.4576655
396.0656966,585.7168285
441.34751,420.9076492
450.1756748,320.0085473
209.5483465,677.137416
399.6101725,442.9865949
576.8385219,503.8692583
208.5106791,649.4501231
763.4995069,70.35946463
823.2536243,408.632368
897.0056974,494.9734733
535.4775293,332.7953307
556.0999604,962.5444995
650.5004711,514.7874215
457.237946,693.7149282
450.959,286.1812214
777.9766647,548.7243565
485.1209327,572.5034972
482.5338577,249.1190684
864.4060408,261.925304
459.1576763,939.0939981
480.6806266,323.8827261
714.5747346,391.0899988
478.7538554,742.3411986
551.1744148,561.5097192
649.2645193,563.6473477
580.3683317,586.3700746
755.1129578,546.8390002
274.9189638,625.7599275
672.2679662,406.3340448
500.0250552,572.77752
689.6409811,535.8485652
626.4276578,915.7833601
446.7223264,646.460339
758.0021634,359.4443666
551.7654779,467.6611622
483.4147072,248.996338
501.918839,228.036989
563.0365437,700.0372391
205.9994962,366.1585624
715.8955669,193.9629695
720.9830837,618.9764267
722.5994251,303.3705055
355.4013061,281.114777
539.3099041,457.1694425
593.7860403,373.2293327
612.8643219,764.6754044
963.280609,611.7511883
397.9109879,693.6768388
758.2257951,309.8299427
262.2049132,419.6499023
710.2134216,154.1275136
570.4944399,392.6982817
693.0627202,660.3106192
611.7413545,619.4856098
299.446531,536.5155386
783.5122539,640.6447875
125.9966109,706.7655592
543.4489635,546.9014519
976.9393719,591.6194864
368.4024316,336.2777917
561.7946595,430.3354125
681.305576,465.2404638
418.5146183,234.1669512
247.2912181,677.0954611
636.1748429,881.8795001
918.3889078,639.6487569
820.2100427,725.3982738
562.4084034,420.1235867
706.9429126,738.2728114
406.3680361,412.9704738
708.9907577,744.1929157
869.0000488,438.8356561
532.0623218,534.8966207
686.7112227,385.2988513
630.4979109,686.1171525
568.0059827,345.4245537
772.7482246,493.7652657
501.895574,409.5470379
647.1652904,542.4378159
601.0438844,721.7389046
527.7158247,430.0014034
667.2154443,625.2794735
394.5733354,657.8616932
605.3121972,243.8705341
534.7760586,914.1393696
493.6298591,359.6402255
725.1573178,457.8746725
377.9636315,598.3214803
635.7260814,438.9357377
505.8375475,667.6781239
735.2435609,502.7769071
466.7980373,382.9848995
424.9483297,643.4906129
192.988019,519.1198024
506.5946715,501.376518
483.1424781,399.2633164
578.8843746,720.1803281
442.687188,528.5796796
952.6952544,590.6132806
742.8961911,323.6943263
366.5487661,590.6034396
527.5446254,479.863503
422.1628954,603.6648518
697.543579,573.5485238
487.5866792,426.9565014
364.9405592,736.9922693
823.5448339,657.0270885
505.3425855,671.6455101
696.9550627,567.4412942
403.0864713,442.7475275
481.639945,437.6882914
440.2464743,359.6803835
538.6380951,354.0922824
791.9517148,689.5006811
678.7412117,226.6030026
959.9507315,584.3868516
581.4310018,463.8190137
644.7616689,570.3848402
469.6950179,394.9443702
842.1052931,415.9241324
525.3153042,764.7211828
485.0993905,265.8125206
748.3547646,714.2733242
588.3359908,531.3473412
870.78723,602.2014258
852.9265337,563.1702367
732.0597001,582.8247649
712.8843586,508.0706348
579.7665574,475.3467339
401.8545344,920.5122436
826.8793255,614.4275856
588.0088725,422.279957
445.9537122,487.4057847
843.7329599,599.4036353
403.783298,432.9888683
561.4189888,178.8437851
511.4437107,670.7166115
744.5576843,494.3762227
497.0444674,647.1954472
857.4973666,517.8547636
360.8060989,491.1302382
453.2263872,616.3626274
650.6599106,539.7659943
764.6130514,310.9634548
421.1386357,954.4316695
544.552456,544.8013069
484.9823314,348.0023529
859.1365685,527.3808324
146.3485058,434.8846297
709.8057671,330.5579967
556.130551,356.4138813
677.865126,917.380444
578.3097004,399.9811454
538.2041645,469.2515183
233.7023252,722.6601979
554.6960003,446.3185366
837.4248466,254.2196534
869.4962841,413.9373783
820.1405923,341.3298612
651.3376819,254.5724878
481.7270427,594.5534004
568.4698298,570.0323401
788.4409605,503.3098465
262.105022,349.3395591
915.9968663,439.0014697
760.9430673,555.1256879
707.0203627,321.558808
569.5592554,571.6336445
499.6257449,409.5190193
759.6233286,544.7029387
903.5844219,539.033665
430.6853942,463.0894841
726.1387477,502.3880935
793.2542108,650.5674633
510.0868049,534.8280053
867.4372333,537.3297509
502.2909743,806.6556764
667.8968409,642.1552872
531.6557609,175.7221608
775.4360298,430.8748289
465.2655728,230.7582872
933.2177074,493.5480533
552.9857749,461.570585
511.1999,357.0184447
807.9559592,685.0671322
472.0273014,627.0607157
588.8213501,546.329065
518.8327706,545.5579567
810.6840475,549.5083981
668.5640658,626.0655209
567.7914143,406.2237671
770.4822456,365.3435562
498.5538018,265.6292816
562.0742741,416.1628028
548.2711723,550.0794478
645.0374184,488.6318774
798.8667558,473.2727689
431.285985,584.2417229
523.3338984,591.1815514
352.354189,968.8361799
423.8856596,352.6775809
673.4162659,870.0619195
553.5306675,701.1229252
682.0474347,937.1994485
456.8132135,897.7624383
569.026647,459.0472143
426.4660683,456.2514295
147.5540168,514.5488974
431.4028793,300.0939534
766.0171614,320.9377384
807.0954085,182.3747825
293.7256906,580.55258
521.4406389,491.010997
505.6799956,774.2302649
456.8574964,812.3784801
558.4542805,504.8151437
495.9626519,546.8029792
457.1069399,292.2590951
510.0910144,447.9556948
523.0609352,568.599064
563.7404263,509.4600965
304.5880082,404.3837714
724.7001821,458.1725769
833.7045723,398.7349528
464.9420199,616.1391259
598.7712539,754.7227668
460.4088335,474.1927459
587.0407305,545.2544945
407.0052847,410.1517685
953.0986394,867.9491964
715.3015826,294.6881093
552.0871732,436.5779297
846.9653432,658.1230752
845.3180666,615.7509392
744.1924102,286.1939666
588.2478294,296.8249857
721.2078839,627.7262683
495.2853301,424.3578919
218.0771672,654.5525258
703.7409851,411.3248744
613.0235966,944.8524049
475.2315209,657.908788
396.5366445,275.3003329
708.4418653,394.6926203
784.3394426,685.9889061
385.3678969,656.8092284
641.0392823,489.4181755
574.9598237,595.8162454
502.1144868,350.9397143
671.4115052,495.5959845
438.39188,576.9405353
200.7580229,766.4460743
433.246283,491.050967
628.181447,570.1060954
625.8690279,728.6580273
943.9522248,975.4554341
724.6197658,338.8998232
665.1795537,570.4299709
480.2832489,633.1582506
456.2375805,612.3342102
699.2073043,194.9128038
247.2922218,603.6810027
663.2194803,686.3818567
389.6838633,298.7718743
796.1789207,453.4787325
583.3543575,307.0199292
507.9124328,301.6939415
975.3410073,489.2558094
549.4701667,307.3272568
693.9481688,898.0089856
197.9957187,652.2776038
590.9268709,557.1787173
657.6871419,883.1835478
655.0307213,453.9390239
624.1160176,449.7958368
391.8961365,661.3863807
766.9039733,287.3198107
593.0550576,499.2034116
833.8348593,410.3498631
476.4950521,203.1711594
657.5196578,853.6991124
505.8578763,252.9262616
719.0385903,524.244666
648.6436597,199.0291423
324.3304437,667.0861803
466.0798331,351.3668681
542.1325804,400.3434865
914.3223549,433.3716645
802.0319656,151.2573468
776.7324886,319.2810026
622.8897434,624.948118
703.2192976,196.465133
897.2590058,533.400078
477.7195587,678.8025929
488.2747572,605.6659808
448.2163205,544.6719531
514.2276021,504.4511729
753.3876768,531.27298
492.6283551,354.752131
326.9695917,329.8715294
549.8202954,508.2588048
459.0592682,435.7624011
383.6423912,521.3119848
553.1042421,676.3583889
736.2671165,431.3441465
740.7690082,11.69464119
522.1799059,493.6080186
546.6364946,487.9676411
490.4536684,375.9037451
717.6453413,475.2321312
787.0490897,333.0724249
442.8021798,495.8810811
358.184733,257.3231627
27.93096988,608.983464
429.4515098,259.5274426
539.3255289,408.7702674
473.1882149,671.3657624
435.4873042,539.2030514
666.3671028,323.7434059
422.9030463,935.3722817
602.4954682,291.3504218
515.8286182,563.9098789
845.0929368,67.69075628
491.008658,700.8516812
537.6286513,508.292235
462.5249606,699.6467749
682.9635937,350.4875297
570.3101624,522.8603651
458.8188281,917.3572727
639.1369745,868.9768603
489.1860475,424.6237034
739.0881,289.0509077
559.8121152,189.0020808
492.796768,518.6094075
665.9534411,850.1214173
502.8081076,696.1370474
642.9027002,580.3229148
293.3213767,663.6495813
641.2446825,870.9932628
972.1523078,935.1344679
584.4725011,889.1350138
707.6428703,464.131899
636.0150589,469.2668335
752.7045724,382.9026822
745.3566943,269.0361278
639.1727933,520.9507511
783.6636787,530.2926407
717.7284991,211.275799
273.0510218,856.3682387
557.1067676,684.4286163
198.3735017,680.429346
689.5095854,373.2885458
578.6903447,706.5241517
458.4009268,612.0709895
465.418196,642.627718
550.4674012,184.7133681
684.4274617,563.9849505
622.6746507,651.747109
863.8536578,265.7676824
709.3653798,491.8726384
438.2061344,577.4671439
442.6352949,227.402234
670.9047834,334.6611303
507.1620501,501.2576111
649.8066555,197.6545362
766.5701885,371.2521689
399.2839231,431.9949271
688.7960702,414.46967
397.5693683,433.8042716
715.9986341,461.0723921
493.5475102,509.0326502
662.7293721,567.1902755
594.5748934,550.428375
385.1543472,514.8599858
462.1599412,532.2753414
878.7243884,431.4590418
833.4399384,867.6864772
731.1419981,554.3882396
660.0388554,504.5735481
913.6259626,469.0619693
605.3630566,209.9167169
448.7694975,936.7095714
359.1037234,407.7107195
461.280365,436.4961094
826.7441248,392.7058871
886.5739247,586.0162164
773.9154,692.630851
527.9175397,492.8616695
872.9875935,684.682769
839.0025378,358.9918686
580.4606277,410.8337646
414.0124269,406.6313225
347.9713638,359.7236546
916.0199666,439.8832736
438.0191305,753.9931954
556.5462651,667.9423683
551.0338211,777.8406172
486.9109303,607.1139244
584.8287419,655.6812323
512.7905196,416.3232676
743.007962,487.2017563
686.2832245,552.3536386
710.5840289,508.4459928
537.3456512,404.164386
740.0858289,42.09800881
703.587463,512.2854043
505.3279943,217.8050216
556.0542394,445.7200533
502.0470587,378.7422159
272.8886461,862.1390982
606.2297494,562.9934957
798.2108863,686.4080993
540.3838547,692.057879
274.2786443,623.6583826
416.4436429,236.4547647
755.2091787,425.6973964
231.4271181,722.0527302
959.842556,924.6300238
448.4969987,793.8191864
176.2463652,530.647648
690.0453398,634.4873081
331.5596747,549.2507352
412.3358032,353.5232176
529.0141561,515.0503497
527.2512436,566.1619222
849.0543852,365.9960501
790.3156738,437.3795431
860.8812046,475.3650996
455.0579112,323.462718
627.6926421,913.7689008
960.3901601,581.8337489
767.538735,300.1262135
442.7678291,488.4847847
700.6616596,519.8250951
510.7380454,417.3692136
751.9247077,277.9603703
763.2738528,876.2906887
279.1965197,673.0546121
707.8559706,411.0280564
578.05019,675.5861105
363.7399469,489.5635131
520.6229929,427.9923347
526.0428563,552.8883957
388.9682358,484.9777317
199.1254124,757.4025071
843.6922274,422.3760687
637.025776,482.5014765
872.5165707,788.1464026
643.7916543,148.2262764
555.2715284,669.2254595
466.5245199,545.0636292
396.3773848,447.3850839
534.3798793,356.5544969
720.2424984,476.6789047
765.6095818,74.98684576
430.5728143,412.7233832
753.728023,280.8344025
516.4768776,439.0679121
709.9338071,458.5489378
736.4122943,748.8858408
521.0327747,595.3532377
727.2351094,792.9133337
649.6645037,624.8196208
797.0361157,668.7107604
404.2662755,988.1183171
830.270519,736.8268736
656.8353999,581.2354536
760.8824704,540.12213
716.0443851,188.5433146
752.9302714,344.5691805
728.2079853,575.6123553
646.5076981,789.9974721
944.3146826,898.2407193
820.0953056,635.150646
745.5732851,621.9018369
413.1714111,335.9687717
658.2248438,715.5912872
695.5303692,552.0244142
585.395716,901.7535391
458.6886609,380.6272588
726.6239872,519.4538532
516.1511824,546.4936876
195.8321776,515.9170891
808.1078484,682.285221
773.7010114,441.3599044
524.7982757,405.3983139
660.3662584,894.4156201
903.6699616,733.7904545
402.269814,450.6798973
687.6297037,399.4990199
171.0143147,552.0739744
555.5091371,433.3530899
598.1780187,695.5718062
473.3156706,606.7578723
763.5799382,368.2186748
758.8685565,544.7482784
673.1184648,687.1688025
482.7971732,432.4713486
663.2987582,395.3982055
616.8021008,662.5734855
517.1784981,606.1170163
189.2491087,681.8198942
592.5761399,574.1644326
495.4345677,609.3656334
146.2026538,716.4145256
433.4484924,260.2640134
678.1427332,531.0696411
516.894644,585.462237
430.1151992,494.0992956
799.78666,458.5991666
704.401993,798.255953
499.7929594,198.5202727
896.7672647,912.0621034
313.2319855,725.9184679
771.4615931,359.848767
813.1723998,504.8233132
701.0396223,411.1823993
740.4552227,342.8288693
788.698853,254.3329816
392.3419917,329.0277523
940.2037868,725.451971
731.5189422,586.2685514
590.3515526,410.3501347
623.7160033,598.8556524
723.1351346,516.1060322
692.0494264,574.5014504
810.9222105,572.6878227
444.5004506,795.4914673
579.1794642,467.500196
603.8536174,677.2274893
538.8589404,392.0306397
775.1928932,472.7808442
858.70878,589.0281898
635.0574483,565.5297371
303.5871933,652.9805354
804.8132653,818.4563329
482.4125141,839.7360681
599.512049,583.2648311
411.4711478,834.1584975
784.3270836,698.0444676
540.845949,786.2921782
270.7892523,664.6517755
485.3665711,248.3711732
508.1850813,501.8014152
823.0934808,420.6480222
847.216779,608.6497684
835.8275306,555.1550437
598.8562694,788.0255944
678.4137338,570.8554532
884.4816918,555.5533222
842.9353431,346.465506
477.4254428,602.1472899
453.6090539,764.1878883
435.6831917,594.4150413
783.7068231,308.4062987
641.004632,450.5739446
751.1092638,433.809119
614.5177855,598.854148
632.527974,845.0595068
664.0082735,507.610427
144.2679128,527.3745852
776.4347773,313.2289328
439.4632988,489.8487977
795.9906134,616.6778947
462.7665242,908.7969593
521.7583943,333.6233539
627.7855523,702.0931727
742.3578451,496.9157862
463.7670844,546.7013725
919.5787191,668.0346982
601.6193376,571.34953
797.5496836,453.220589
534.8343934,330.191456
316.4803081,430.3830295
342.3691555,361.1849494
784.705301,325.1197463
598.7202297,313.8927303
220.697005,655.2028468
691.3820217,557.0459786
423.0578118,226.6398802
809.4046217,422.7342101
892.5173033,586.1256584
520.5968366,397.7684243
887.4470592,388.552462
734.1237994,455.0119857
728.291218,540.1995835
820.6948328,561.2492356
534.2313457,611.959103
497.4180408,669.7445671
593.7480942,573.4563819
724.5357391,403.1780084
174.5926919,729.1458777
502.0940531,223.5027945
451.3491721,499.5561834
526.3934344,764.693582
414.5922695,525.1041135
793.3882131,248.354667
695.0042774,550.6601505
797.6055916,389.0353188
678.9869099,412.1595418
534.7837137,402.1609377
536.6494536,610.9513092
522.5124473,668.5740311
777.4068293,147.5302188
520.7471978,544.1949675
809.8430016,345.4836833
764.8876774,529.6346934
811.3148243,416.9787076
713.2785604,495.793118
622.800863,486.5176917
773.1236406,467.0974254
176.5520911,741.4542966
971.2940791,905.1500846
702.4475674,424.5528524
479.1903477,603.425262
835.2894692,254.3538963
869.1521627,434.3516277
794.8060454,317.0471161
606.638887,564.0987175
506.5746573,551.5148342
744.0112187,319.7691038
508.7906457,663.8800404
620.8255543,742.4967741
563.5800281,641.9810325
552.34571,402.8271589
861.019686,593.1767884
836.5558468,532.4152257
722.8002113,162.3791832
560.6094474,426.9120184
496.849299,439.2085486
604.2696761,316.8316379
486.1870784,391.0249771
412.6244511,391.5887349
404.9138157,594.02932
791.2865123,295.6641027
558.5655421,587.3446054
431.3680193,761.2094077
768.5585154,463.1635319
568.6436057,508.3459948
843.3584877,132.8117783
793.1448218,654.5109261
422.5384313,555.9538573
891.7207501,841.120766
738.3070069,352.522862
537.1352324,547.8860327
519.4975537,423.6179363
703.8852641,229.1285881
839.7074391,566.7809024
752.1965622,545.0028072
264.5254818,849.5659126
747.0086748,532.2159402
540.6640085,445.2399753
622.540169,564.7843282
504.9337925,715.6053487
777.4307235,650.0322883
748.2411361,568.4714653
345.3284407,357.1945381
651.9757544,543.9273591
780.506978,399.8869977
424.6438323,874.0659119
705.0863109,230.6803323
776.1546534,691.3353907
398.1602815,476.7424638
580.3129481,475.5322086
592.6661139,299.3717367
604.2438044,550.1077172
920.7304344,731.1846993
504.2593019,447.1919621
537.6205318,719.5193722
808.4589358,439.0931937
154.0497034,541.8040846
519.2667912,411.43066
405.249518,651.3511706
800.1392755,330.5627814
483.8340616,248.1506177
642.284612,496.1332907
735.6750347,520.240423
599.6432798,637.7731998
631.0676415,759.6532967
548.1927484,186.4492498
656.5261086,664.5912043
637.8273477,597.8066141
834.1209605,750.5345534
746.717645,436.1842688
172.3665766,688.2991596
841.0651839,527.6593474
515.9155362,398.3345849
501.8941059,794.2151666
654.5073559,533.391616
333.5389982,330.8804723
606.987967,719.5021347
499.9743905,552.6418483
635.2107457,453.0004723
238.8770895,384.6970667
837.2923424,433.1814887
528.8041568,514.2715942
704.6403058,508.7372112
674.0574694,551.919736
452.3876784,411.6173256
445.8185864,634.6658252
603.5376597,572.2043182
635.8270213,514.7894482
434.6634262,420.6517204
862.1494847,412.7547239
474.0666375,592.9592208
692.3302094,201.4016177
413.3647818,355.5347936
665.4346448,564.7506891
588.1889104,513.9097546
197.7461853,650.2094472
350.6698053,274.9500266
232.412383,525.7616638
491.1989128,713.3905383
694.6895331,554.5634136
753.3423902,656.3708128
553.8480483,570.0237945
767.2612177,448.222572
545.6060778,546.3881319
388.2066026,609.5165078
626.1170631,430.6853844
414.6010631,812.4656074
770.5676056,434.4739403
644.2208061,545.4497057
822.0533566,499.9991956
439.1901709,771.660677
727.1918152,570.561247
531.4664049,346.7783287
255.6663369,422.2329877
625.3927468,481.6423842
259.4851242,435.5350761
148.9332738,698.1143784
875.7386622,872.9272181
465.6808674,522.6284016
521.8101226,430.2300239
710.3111407,330.958093
606.4320037,508.8011673
479.0724796,738.1297721
475.6691218,607.3918961
405.9433785,453.5781245
780.0180982,504.8531078
516.0043567,409.9863101
479.2497611,844.8655492
629.0267773,636.0407239
805.1619109,460.4909164
848.3355968,880.7473044
655.4059725,478.7163055
477.576538,717.2856946
485.9320022,378.1747808
760.1764755,302.1292856
714.0804018,604.8667285
462.7416563,617.7725233
590.141014,269.5918205
227.8299401,769.0681894
263.3420374,427.6109593
694.5164612,628.3484662
777.8126711,654.6532341
516.510674,566.770539
563.8146406,537.1109506
631.6364732,604.6547604
467.6472476,301.7369201
618.7012027,558.9138885
857.861652,570.4815369
589.7300487,637.716097
615.5474681,591.229273
585.1241611,326.1457804
756.1338917,533.6773185
711.5165468,355.729169
784.5595389,317.7689567
212.6751907,513.7890299
438.5140475,525.180585
676.922631,434.9516572
337.1965184,539.2398037
652.2037155,491.5890253
462.7708686,905.1751572
615.3660969,554.8440179
641.117856,389.7819813
816.3023001,160.4870155
858.0808944,331.2534275
623.2322019,466.5052311
314.9363534,669.2276742
446.2976988,540.5648497
518.5680319,380.2379019
626.4174559,562.4108708
933.0416993,722.8927464
807.8176425,375.0098227
810.1331027,554.1233056
666.9132388,472.8102418
508.350558,407.7520684
844.2137951,594.1162384
497.5614809,548.441015
856.9646683,726.4073212
904.9020034,854.2342665
412.6720747,233.2006316
594.7378683,560.21896
501.0358472,510.5299451
393.3373237,434.2363772
832.2749651,723.4669929
657.8001263,880.4109761
207.6546076,526.8976413
728.428516,484.2100499
655.6272523,496.5171525
745.5483722,512.0890857
514.2251302,236.6756126
792.6803156,153.9700576
345.796048,408.8601527
280.6801323,635.176032
560.1757564,426.1290841
597.3128539,562.8148115
256.6156332,421.5088278
629.7986723,430.4793502
460.232316,550.7019173
494.8763872,424.7193763
635.1952407,469.0047201
178.7247404,729.3452886
499.4156707,586.4543813
609.269421,932.8037384
531.9167244,557.1347775
645.575345,627.5067158
522.342776,446.2629381
911.0799496,855.5762156
897.8310285,588.9432563
711.4612081,227.5670029
604.3638597,588.9149034
722.7107167,315.692777
514.9997966,369.7458061
171.3230817,625.3006389
794.902536,527.6670154
623.1895369,466.6390979
467.3960215,375.8211935
428.4705893,397.7420145
942.98239,478.4787215
271.154122,708.0647804
508.3047021,492.80488
738.6132272,469.2145779
477.19101,351.8528799
534.3968674,567.1301012
861.2542836,724.2795128
806.026806,591.480605
704.3854094,506.5718565
185.3915514,745.4376875
605.5454615,566.9263862
775.1226937,299.6542841
204.258875,734.7328088
682.3165478,395.7233764
745.7737867,612.0221188
598.443072,333.0496088
426.1030262,508.2081163
880.7480547,507.3179131
505.528421,749.545961
694.9684735,236.3389292
809.4851879,570.6412286
523.7894461,708.6789132
365.0142792,614.6307783
971.3117563,574.0288942
874.9184096,614.8586465
702.6737309,626.0669417
605.9255815,648.588816
788.3884831,290.253662
809.5288266,383.322962
422.5953579,827.1486328
458.8901362,648.0110176
536.0141226,509.7170908
431.1648811,578.7183301
476.1412083,868.9517041
489.2363526,358.7268301
298.9122297,639.2450251
561.9531852,448.9395443
432.3675758,448.7911771
703.0712584,730.2687757
450.1120069,442.9651996
759.2268496,310.3853847
315.6732835,715.8802282
745.2441893,577.2996379
480.9286918,586.8735954
865.8838707,613.0039207
909.2312877,621.531389
491.9148549,624.0671707
673.8888018,532.4486976
439.3403823,653.6357456
425.2620703,300.693356
850.2056062,261.2029411
509.6392268,723.6960312
471.2849484,457.3810971
311.1689499,335.9201517
756.4555421,264.9208548
594.6376025,209.2618829
482.8302506,808.662196
552.9130137,463.7496461
635.8123552,471.8558527
423.2381643,693.5803719
636.2668693,537.5042981
679.1453158,555.5520059
590.3242877,514.0625513
759.4321001,483.8637135
601.2285962,331.9184369
729.8653438,399.2100162
516.9750454,567.0455229
644.0390004,594.4907815
430.2319737,566.9629087
773.0545946,358.9804814
522.4976164,408.8904697
499.5133149,308.4149905
488.3798467,330.1318249
973.100121,534.9263526
613.4140832,563.9777421
646.5798001,351.2781529
924.2120513,868.4334322
608.1778232,895.1585635
473.0457935,742.8565453
305.6148146,653.6685907
625.007069,553.4991646
641.6753474,608.5219398
469.8465176,382.6028555
728.7138232,325.0628523
474.6823139,390.8120688
656.3476736,589.6249598
817.8489064,539.3062044
753.7053573,549.1075914
644.1208699,831.1805184
466.9412227,385.3952973
658.1962457,363.4844426
796.336128,814.4951312
720.2845043,541.8864273
621.1251381,966.8592251
665.5696658,974.92402
222.9476438,645.0126461
576.823676,585.9554989
712.9438469,405.993893
444.8256963,564.8459441
218.6167416,655.2748052
663.1458053,589.0955724
690.5809743,558.496137
569.9405289,358.4176639
973.5708591,563.8167132
923.9340098,857.6167296
250.3279385,672.3399589
520.4970503,468.225317
576.3435749,719.5513606
403.4285553,989.3649276
651.6353332,502.9159139
600.6847223,587.8426102
289.6974433,628.1517506
467.3214326,464.020096
696.4624227,382.767896
760.8713997,346.2716111
419.6595474,432.5144944
818.832074,412.1311262
775.5079221,415.8259731
328.0812337,546.1575683
727.6810995,264.7830808
906.2350301,857.3108646
579.8065409,464.6981431
384.4039345,441.7340296
824.5495438,468.9831368
579.5273907,472.0812555
598.05672,405.7223148
581.1020409,600.1210255
441.656217,221.8668481
732.8282844,567.2327318
662.4878834,853.9518026
709.9188264,274.8687913
875.7073525,454.8502255
536.2423384,618.3679352
450.5072124,893.3735813
829.4546108,731.326861
686.5375816,565.5587377
729.9822232,316.8512363
433.1908096,633.3905692
832.9390741,667.7153567
393.1938836,442.482489
567.3747414,329.9006345
829.075075,392.0179154
929.8871707,889.6457221
495.3534622,409.7605103
809.5636567,630.9994774
733.5362717,427.3681937
114.2239168,629.3972746
350.4629969,286.5152304
723.2460666,613.3492124
721.2639417,500.957074
756.0187651,633.7386398
467.4451731,798.0413941
527.0302335,578.3533773
497.9122837,413.9926008
476.8572403,528.7098691
617.8817441,549.2518425
888.9851115,492.1937559
457.009116,499.4547019
175.6820427,479.5480268
793.1068758,672.5835394
599.4619086,567.789323
903.6203606,453.1636951
820.2504906,727.5644643
620.6549542,463.1716596
517.0829962,426.0067925
516.0945704,665.8569953
752.1661964,550.3551003
226.9750821,397.8396306
512.5373459,504.6958607
595.8068753,729.2612535
530.0627294,459.1477346
750.2899999,423.9983506
544.041285,330.8522865
738.4503871,489.8704019
198.0122424,377.0438596
786.1029394,460.7511075
696.111545,494.4844319
761.9022359,149.8217724
693.2132461,474.1745264
241.1561317,381.3011689
654.6727727,398.8777831
735.382342,465.7290664
658.3366896,539.3104458
548.442087,736.7581538
833.3985767,541.5142034
542.3518228,666.9346372
513.3315771,948.0060804
388.0608405,562.727329
332.9958434,359.1358898
509.5931612,393.4764104
473.8298528,269.0880072
560.2828684,475.2553233
718.4968736,512.1377892
755.8028335,359.7469722
894.5053755,878.9877291
812.4636334,373.5671235
800.9706887,195.9978213
621.6358298,740.8245978
855.2449901,626.6903096
874.1806106,878.347458
683.312479,431.368655
618.1079974,542.0217776
820.3198362,380.9081139
720.5573775,547.9551913
556.9533803,390.9449119
395.6671504,273.1083385
701.755879,332.5231048
520.425922,474.0263682
564.2737688,462.1359098
242.6382311,716.9152049
266.3481672,725.2157661
420.0850589,434.7036054
449.6058394,511.9718503
811.1378575,444.9259199
424.3676483,583.1715192
814.4265531,486.9529523
951.5529319,870.8016662
702.3629864,410.003464
785.0693318,216.1931867
752.7789814,539.586558
457.5326161,459.4765201
705.5923136,476.4625071
273.9883035,676.613252
873.1654892,496.9842135
683.9267321,438.0081553
618.5410442,438.9230969
814.2413169,723.6182225
535.9604318,518.0198876
814.800531,499.4539707
567.4871415,238.921931
750.820511,366.8088416
681.9146609,383.6586007
880.5364525,723.4513643
564.0751099,528.9307589
974.2912954,964.1262054
820.8198317,497.8786373
235.0439957,529.9175961
716.8903745,508.1324597
703.5683327,577.6103921
559.2153445,417.6582381
805.9692802,243.4381986
963.2979866,920.7354943
528.3668405,740.1677579
577.3618123,479.9091143
682.3919306,330.5935163
657.5128117,501.3289427
534.7129899,488.0535984
343.6481018,280.5099001
450.679775,488.9127116
769.0158159,309.7075883
793.943697,589.9742005
706.2239144,184.4120579
743.2354288,339.7472359
734.1244735,291.2661569
596.3812049,349.6717086
635.990116,611.9676277
778.7007863,538.2955063
716.7041646,721.0467959
224.857382,522.5897062
786.9283753,276.1070234
363.6468569,309.3306215
534.5106157,564.1959157
703.9558681,275.8363645
795.6786555,304.836188
150.1439232,544.2092171
553.1770034,309.8814251
536.1027034,543.1771029
470.0204883,784.7297154
623.7381597,866.6979893
402.9441248,355.8810882
985.2385087,907.6281575
537.7283778,474.2468818
447.1441826,272.5564902
828.0403589,334.8417158
478.914718,600.6642029
780.222285,259.9279986
551.6698712,325.9637323
453.0727153,239.89151
800.5346458,284.2599068
586.4638841,327.3370013
769.5653825,302.3690634
657.0637356,514.1574094
148.0196316,714.4308221
661.2270038,364.9374634
629.9848373,484.1531978
390.6307926,590.6133015
414.1699339,344.5794602
701.4959641,623.8701626
446.8766725,353.2754166
777.2241847,426.3318589
585.2264193,784.6176617
684.4225929,390.2031385
725.0855304,351.0949556
874.8421279,491.8195262
458.1799467,559.9480504
573.027914,979.631153
559.6606904,681.7145892
850.2719557,145.268648
605.3776478,853.3468422
553.7411012,470.7525322
696.372194,497.1817857
832.935988,456.7472823
688.8871079,619.7354375
406.206814,988.1804136
845.6180699,730.6939864
900.1375152,850.8992952
952.1208798,641.7447022
834.1296943,474.1947935
481.982014,514.2881004
637.9177562,483.0908084
235.2223707,517.0401752
444.0937698,573.5367606
830.6803757,575.4965616
411.5190411,655.297078
497.1443736,452.3013433
636.8123012,623.1683592
775.5148881,415.1366851
522.8360751,701.284748
533.7373425,636.4798498
821.2218385,355.0480505
599.4048322,576.2787436
345.310419,595.3924555
527.5838449,180.4623269
720.0934705,484.0904536
479.7095634,609.6451303
443.1413126,416.2658304
761.8620577,357.9516057
512.6596033,728.655917
705.2950668,267.937592
449.2584222,508.6710195
763.8513733,465.4573211
557.4970145,414.3516406
481.2729181,684.8535762
761.0585385,535.1910777
465.863482,541.0997739
396.7199632,326.7194837
530.6368493,933.9565355
596.639427,317.8588212
727.8058137,533.3204098
704.0006304,516.9185312
397.1344639,659.6578745
779.4483227,313.1237531
630.5632117,472.8270405
696.6909231,557.5209167
598.2079051,580.1291871
732.6815036,443.1515727
765.4034026,148.6250146
389.1991181,481.6115867
641.8414083,476.7329153
901.7557442,517.7938371
611.6537924,873.7282464
659.1250634,307.7110977
465.9157646,671.5408111
470.0790628,672.8333462
492.6356058,208.6010523
739.6196448,429.0872976
513.9464445,809.6971518
961.6737654,547.3411629
293.6426826,677.8147736
685.7305569,433.0975999
504.3742038,502.1622937
821.9075196,638.7165152
755.8102489,342.6961934
431.5051225,581.1284562
519.6467314,430.3372302
631.2581659,451.8081859
270.7668862,722.4425258
558.3450264,529.2528584
542.2704627,424.4110667
639.4813805,472.5824571
567.557386,518.9635791
718.4204272,481.8787145
778.0434337,433.4667315
733.0132809,350.9483017
540.129153,620.9932471
763.1284502,347.4931699
506.1158437,186.1880767
408.8555645,422.8902454
592.9545671,317.5949946
788.6988231,552.9512026
704.1350221,554.837896
500.5468176,532.6881829
721.8550946,514.6115789
587.7548299,356.2224727
319.6317956,813.7458152
415.9799007,714.5211253
194.8450701,368.0137898
511.2586992,500.1109568
804.8037826,507.6642913
638.1735514,517.1712423
166.8539677,755.6564501
950.8481354,473.1529845
669.7698914,408.668577
662.2628585,15.19482018
679.496538,409.6683476
824.3023175,468.3141994
453.796687,627.0339298
344.4463778,348.8558874
649.9560729,413.4623149
641.7482733,852.9747855
694.4138585,329.1398687
459.9082687,250.3387467
484.7718827,442.6070372
563.9230858,390.628203
570.1129417,524.4654095
790.0765221,531.4522283
638.5483083,531.8214225
424.4492181,659.6320497
511.6372462,403.0932212
525.8635075,446.6737738
617.993545,529.2931626
897.9347847,614.6780819
845.640451,722.166142
583.6476794,475.6121902
389.428113,610.8494099
772.9879306,417.8763072
635.9824609,928.0828155
945.6584803,645.3590034
720.4414569,542.3064563
709.2569196,163.0730887
224.5932425,705.1774179
475.4157984,780.9465293
745.4825621,290.7320684
590.2001428,247.6190365
676.3946665,360.4339619
316.6708176,852.7295335
630.3368385,431.1950689
788.2377175,475.8685577
149.8779561,694.0841434
77.55285356,498.8599586
514.3887044,792.002174
545.1488223,407.1324405
658.3882232,648.0769377
691.338338,567.2042953
806.0428953,555.8117582
693.6447649,489.7905039
734.956471,342.8991353
934.9954657,853.1570843
768.7342239,592.0799659
737.0922828,520.5595347
477.6902415,278.3471989
572.6801224,679.4157646
701.0068746,514.5034115
779.2304435,275.9618947
633.3688101,641.1993101
419.015977,272.6361376
555.9902269,466.4781735
726.5980406,165.4193632
916.7347551,594.0523868
703.5332778,149.391777
601.9920271,187.2214445
340.5679524,938.6964927
491.1332374,676.8859167
612.1096547,284.7510794
799.2695117,444.6549476
447.7981646,638.1622433
556.7239511,266.8990216
776.8876735,445.9034385
653.1452668,627.2775729
790.6449494,292.6932066
627.5840321,470.186309
743.7762017,513.3161604
625.9150935,446.8480494
713.3094207,919.6202435
562.6037066,743.7282784
789.0749133,542.4445646
729.0119989,305.7751156
419.4362452,400.801208
504.2704026,553.7079568
725.2384532,317.2058884
635.3916974,549.5243819
675.4366964,443.6353906
437.7866602,234.9640723
381.8487833,871.2566506
714.9133281,563.7236103
389.5122445,703.7050703
257.6248073,686.8031602
701.6803764,150.7749705
645.60246,601.2773537
821.1775855,499.6794153
636.9591419,769.6897186
750.7998077,473.3842585
492.4521522,406.4454508
294.7769754,670.6124975
615.4040281,526.7778987
618.8452121,560.2928197
394.2993086,659.7310657
797.723145,331.1575247
638.6010254,603.4915791
276.8087478,387.6677747
593.8316265,511.3696061
299.3222212,572.9231501
719.3047372,355.3981896
468.7185766,673.8652097
641.5892833,224.7527271
484.0676854,424.9458656
665.9056976,477.3824005
399.5344751,314.9028433
935.2753949,887.2175646
469.581644,615.6397421
841.1842055,582.0723148
500.0371896,615.3710472
540.5731057,569.0675668
435.4495079,964.3248014
366.7179431,533.0600098
441.1945871,631.7304904
788.5146954,291.9360554
757.5226914,114.3336155
417.7686399,592.4978847
851.6648302,260.5046896
819.0047115,445.7112987
634.1951898,512.7260137
586.674932,456.5908292
833.8409714,239.3338532
299.4758632,317.1045951
491.5822536,414.9279556
244.168883,594.4715801
450.4313802,412.6003184
465.8396178,697.7453722
581.0118272,268.6980653
789.336551,467.2053421
600.3495744,551.0209872
592.8707651,686.2926817
214.7195454,650.4182603
880.9955806,539.080112
514.222179,181.6011251
831.2713639,909.8157014
361.7505115,374.9957612
702.4500392,559.142112
674.7369335,400.1200059
418.081212,589.6969391
748.1219197,270.3571621
829.1012163,567.9726456
426.6346759,950.0953188
461.8253924,650.3513165
682.4766314,586.2814429
950.1630985,904.5544428
837.6642979,217.5238322
724.4618394,449.7844706
737.0175441,514.1343217
588.3275866,981.2025165
744.007144,508.0622146
275.8667471,676.2220356
552.6332942,727.1725793
785.3671628,631.9051421
259.5804613,614.8259895
484.113002,282.0785057
530.5905889,468.5648002
502.8093211,340.4452784
503.0209383,457.0328803
661.3887952,516.529843
432.2823207,569.4182909
638.9178819,564.8019417
569.056908,520.697643
183.0677619,737.0728987
581.4966322,338.7520201
472.7179261,641.8918158
951.3872904,596.642806
573.5974349,446.2532015
664.3779969,526.0588996
417.0054487,837.0980737
364.6143248,353.9681521
312.5503641,466.0546553
654.2689233,477.3593128
595.3871164,393.6812327
458.1535208,463.5246194
558.494264,917.6192398
729.0089578,649.7824188
828.5543463,658.760839
704.0365391,549.3395549
779.0581356,505.9102947
506.2636432,410.9456093
547.9605627,966.5973625
789.3616287,424.7344408
805.9893393,426.6905227
461.0462618,441.7326089
252.7754685,625.2342592
471.4011985,519.6268961
758.0305218,423.1574359
678.965937,752.6931176
646.1907666,537.2925599
553.9491081,336.0932573
508.2400455,313.8223807
908.2805083,860.4044284
654.0563473,484.405282
753.6595463,355.6039731
302.5179467,318.6238076
288.5040966,596.6891694
829.7628534,555.0729518
749.1361423,545.269935
590.0475794,548.8645542
498.1294138,374.6130695
578.6527282,597.689922
562.1828991,564.1615244
574.4805914,528.4061562
745.890621,573.1690915
486.5080996,251.1745424
653.708256,873.6699526
553.1245859,772.1685646
661.7162881,401.458403
761.6609719,276.9444905
542.522378,438.0305326
947.5311713,908.9550212
531.6557609,175.7221608
415.5019269,496.3992903
225.93334,387.7142635
589.0754076,701.2998752
782.6228055,431.6311444
548.24969,388.2759319
473.1114539,792.0913071
566.8058348,385.7844869
499.8522679,281.133874
409.9860372,419.2156655
522.8693172,234.4926444
549.0322363,306.1777192
599.8445154,560.7175081
206.3176111,676.4299921
697.7165311,201.5326639
551.0468093,453.6425403
549.8332537,387.4738798
826.3835396,182.5592961
467.4331436,321.5276971
547.6934421,476.7453053
832.6067125,430.4335091
745.7178338,487.4071428
739.7116113,514.6463254
695.5485408,335.6387952
722.4180689,524.0509592
861.7552678,577.3339665
434.5392064,845.7439266
773.4250821,643.3978234
691.1476788,615.928307
533.8249646,768.8362886
632.5142517,877.8769077
626.7986845,464.0326532
490.3618069,435.6476312
708.8158282,265.2349102
448.7292593,644.8522023
953.2654344,917.4923723
626.2657165,596.059408
784.3055413,538.622892
901.1444872,427.9725691
715.7066904,467.2505981
523.218592,427.043775
679.9999041,397.4137931
461.0381572,605.4676146
430.8278905,333.8699639
563.0311656,443.9799301
476.2784164,366.3447684
432.7290148,577.9560181
780.1687739,125.057445
487.2018852,403.1566758
438.255376,360.5101408
461.8829632,802.2125163
695.5446008,237.9816452
908.0218517,600.3290864
594.7896116,446.0665568
785.8035952,318.3700727
800.7759398,377.4092512
746.9896643,430.7462691
189.7241164,484.1053718
520.9857952,575.9090688
569.9992832,490.916912
713.820412,624.4716965
647.4632263,352.2204027
480.6646872,595.8311009
817.9263416,385.5685908
497.4659041,666.842161
932.2147353,851.6887483
784.4814745,681.1159805
893.917758,845.7726347
968.882353,580.3608372
892.8188196,513.41643
767.8214655,596.8852373
549.7890007,739.1118874
395.4077298,656.2765189
446.7470446,714.8827768
551.7000572,710.3301539
357.8947219,463.4296359
583.8932278,844.9006091
488.2438521,589.6161217
507.1590989,428.5552567
735.7711059,608.3859418
626.6366234,549.0505512
149.7800723,434.5494088
310.8957321,640.7583873
532.6162477,341.2739492
518.7694473,219.7907101
241.9879943,701.6993655
704.5869745,655.4131015
329.35242,319.8956996
765.2059871,264.3311469
824.8546854,456.1847155
520.3532806,200.5001945
380.763762,327.7253552
892.9149656,601.4814448
574.8662093,639.1468658
397.2420103,446.5517119
726.9095191,357.9581873
237.1728714,674.4064022
679.992204,556.2831234
378.4995657,939.9088581
611.5720278,524.8441732
781.2634278,292.6916814
783.7437805,200.0585195
627.4764408,549.1976857
471.558286,279.1930654
639.5486289,787.0749035
827.9371419,468.7847497
780.6988656,441.2189754
381.798538,727.3817058
554.8096438,555.7636397
478.8184221,510.5240739
497.6868094,538.2329919
928.6078049,874.5913921
528.1648259,544.141333
499.6855479,720.6474518
413.3648417,409.2659948
645.1585522,570.9114278
708.0574908,149.1462325
533.484858,507.9583513
485.699412,348.6155664
775.5239814,416.9065402
708.251296,186.6857263
512.726552,400.7049709
437.4101205,580.7071318
614.9871754,87.60248771
345.8856325,669.2272563
494.3375468,667.6470756
447.6942286,514.8248424
430.9289503,520.134136
752.3103705,670.295099
708.7569541,209.4230789
601.3212518,630.1472592
450.8412668,457.0427631
697.1779753,552.9309773
434.0888269,339.2528665
913.6468307,896.5298685
202.7829925,762.4011927
720.2813433,909.7515155
693.519032,547.2738639
808.1614942,373.546167
519.8405515,577.2182772
561.5520473,858.4378995
713.6441791,410.5655085
613.2105556,526.762479
432.7647887,454.5389072
552.8059617,466.1093136
764.2933036,460.423868
704.0764027,236.655471
632.0746134,636.5399823
594.3018104,218.6256901
925.5600437,614.7056618
859.0661143,740.4503054
594.5081844,785.514948
775.1688642,431.3618018
517.062982,427.4135334
699.2547781,428.5152659
723.1533062,494.8519547
521.3571515,569.9259487
520.245884,428.8112273
473.0599502,423.7219459
842.9221751,459.5356915
500.0262836,616.1053406
721.0055248,460.980501
498.7294653,554.5489968
292.026461,585.5650765
809.837294,488.8636946
492.3519614,723.252622
793.1418407,439.190956
708.6856161,260.4911713
814.8609182,373.6474186
594.6179928,213.3255062
855.1831648,727.0685697
720.562396,492.1109745
746.3588724,531.1123899
572.4156083,911.6320453
407.8772956,739.6092236
505.2102161,354.4446362
710.2684457,491.8861985
695.8238858,194.4680574
463.7482387,234.0881396
723.7004608,206.0434156
605.9495056,790.9655467
302.9725956,412.7831605
879.8169749,548.4549303
472.8966458,911.9813695
833.3403019,313.9379237
620.3522095,663.8839267
698.0155906,420.1069552
609.1271045,617.9719969
533.0565002,462.3176236
479.858022,438.273737
462.9811076,678.1186119
578.5864387,508.2020153
155.5894935,524.5146145
432.6041808,910.572393
790.9595588,528.5043363
452.5583683,996.9066869
982.1039044,506.1056939
808.2548539,756.8773611
66.28403491,596.7126123
976.9302786,591.2824478
312.5696593,406.9679433
702.807808,322.3015634
692.3916303,575.6261661
715.2793663,349.5443815
614.148916,812.7809791
534.649247,908.2926654
759.5444103,464.9160869
606.4414565,916.1682039
602.8386158,574.2878943
561.2438346,448.4502313
494.3610665,559.5461781
732.4375431,449.3808641
785.5802032,127.3411634
737.6207266,580.8341037
744.0958147,450.0060916
574.5688277,251.0774487
436.334552,566.5462227
432.441865,399.1148656
480.7289393,597.9617509
402.8086544,458.0625082
505.9768529,413.6444884
636.3422971,794.1965084
578.6367139,370.5470851
604.1887504,559.9490115
494.0312966,573.323309
608.7774402,679.0676731
609.7508105,693.9681199
672.2013321,477.1239018
577.9197831,481.4077672
475.5729308,732.0431857
501.9130115,223.0590928
198.0530198,543.0040391
753.3996014,627.0598382
472.0935011,626.7556029
536.0624353,911.445129
637.5325877,536.5810408
657.6889546,412.3799719
644.3754667,534.1993303
458.0977177,532.4886049
401.5197609,437.953894
277.329072,358.7329102
462.2498553,238.8129696
292.7795552,628.8614519
975.0336185,908.7797636
515.9664555,499.6578319
519.8260652,471.4135299
802.5186133,625.0121785
805.635061,333.7512451
737.55986,295.4205013
388.4690343,663.396118
444.0815755,628.2202615
640.9742811,361.2091654
576.158129,990.0098997
751.9594179,444.0913779
813.015552,603.0419644
488.3559526,303.3997151
406.7479764,370.3713888
802.9529484,150.8306735
841.8343823,372.0589012
543.9506069,461.1612119
855.1982803,295.9883125
796.7091621,578.4273624
933.0113933,893.3825239
385.6969627,346.6015876
812.2470127,234.9262753
695.6992165,195.3184787
454.1821851,500.5214791
811.2118021,449.3336649
821.0099366,645.717103
519.3101902,480.622472
635.9978461,897.0642286
497.0288725,636.0110337
829.7587787,665.3581756
707.9456749,501.471773
802.4052095,577.7821813
221.2755592,776.5099717
560.5509028,473.1421197
744.9974274,442.9667666
481.7724492,488.7161841
788.2386762,677.632621
565.4107282,393.2842914
460.5648124,533.271351
558.8183862,729.2270294
559.4741509,357.6118091
730.5818103,530.4323787
442.4471225,724.7774967
810.5130429,370.1560986
627.3189488,562.2384756
646.3511199,784.290276
552.8694798,464.6279189
476.6669855,307.8188264
567.2751648,363.9180526
672.0650977,172.5688615
733.069024,438.6424089
540.6153662,482.1532179
772.5939385,640.5929289
554.198192,686.1737748
504.9306315,201.1503066
478.6668475,628.6421919
644.1436106,207.6978531
576.2361484,760.2517592
815.6400338,626.1772194
735.2259586,511.6449661
475.0001442,455.3081768
750.9587079,535.4924714
483.1585224,339.4856449
515.9635193,378.8486074
433.4605069,455.0248354
502.8393574,290.1895178
509.88503,443.2605968
770.0339635,476.0399291
469.6809061,328.3537586
558.0510004,477.9556859
606.3791818,839.4907117
734.6107616,344.843851
476.2316617,667.1625264
487.6934466,333.8276957
787.1011176,332.4062455
930.3332806,854.1385727
279.5524909,616.1707801
506.4900014,410.7198304
538.1949364,368.431604
636.449424,538.938598
191.0589557,539.0567736
848.2537872,616.6264122
331.6213053,527.8387002
831.6826737,907.1496048
350.9893135,938.9181764
841.778759,351.3450759
794.9985173,450.9316681
618.1757551,560.2642787
640.1659381,740.8017817
589.3226938,547.7152882
582.7058734,761.7380638
572.249832,692.3216639
542.8244486,904.0859401
302.804722,709.2009878
506.3549355,543.6278876
509.5435152,536.8656359
637.1730811,886.8794185
714.6081565,400.1670797
303.9866384,720.4180583
656.1180047,452.7100688
478.5739373,234.686811
530.8203028,490.4231487
636.7708646,542.012062
844.3011026,717.4416254
799.4736086,422.638976
725.706405,719.3333125
695.9867858,548.1403526
589.0273496,553.8079548
526.6019806,401.4964298
256.324124,450.7559091
590.0668296,346.0328362
789.9986375,298.6525287
625.5639312,478.2827581
399.920063,746.9168674
393.2244742,430.4302705
532.1673364,349.5528435
776.4975614,444.7998047
522.3309712,489.7765468
503.5144022,496.7689442
623.9351708,772.3130874
635.4832594,297.1733697
369.8452068,328.2316549
489.05221,244.5965535
486.2632402,521.4460606
712.077289,176.8521
541.115137,998.104949
977.8042819,611.3719859
467.4675543,613.847447
451.4980202,616.3536013
519.6708803,598.607141
397.0618974,515.0327571
589.634397,700.272065
581.9148931,592.5857015
588.8291551,348.2453483
197.3636235,653.7721406
564.964798,509.6821145
430.8103182,580.2567858
407.5478103,857.4082926
465.5218025,688.5284069
458.8676352,443.9107506
510.3407275,326.5058232
621.6246242,440.3699331
472.4747296,303.4307007
745.6266314,385.2014651
866.9354102,530.1107597
504.8257817,692.3160225
408.3585053,232.4265355
532.1435321,555.7305856
432.2801485,641.4594803
735.2536129,404.7740894
811.6923227,445.322715
401.5384718,360.7355854
689.1869913,432.9191247
547.6785812,298.2915248
305.9526591,410.8867514
386.7312294,514.1710112
791.2343496,293.6671315
568.5205394,477.8281707
802.3457512,323.2854337
590.5423616,819.9422197
701.9596913,553.0622952
695.2959064,466.0927238
618.4147121,250.1097502
608.3459964,693.3925153
645.9795239,612.976696
539.8934019,511.6196218
338.3267365,513.3375766
642.3347523,494.81351
922.2393493,656.4217311
469.7995831,631.2001628
453.8140347,550.7135761
738.2446273,858.7570531
641.3947291,593.3747785
609.4347329,553.856909
731.6182642,507.5964699
446.239319,577.0272239
551.4097315,692.8901436
482.5538868,519.3975443
199.4871211,654.7311891
677.8116899,441.0379511
923.4807391,986.1083081
669.2006252,151.6210251
907.5181261,589.1587137
547.9140028,183.616671
734.3689284,466.0823187
681.1746598,692.0002329
531.1530988,312.8661111
592.0888031,514.1663519
346.1728422,359.2850719
474.9805944,456.2934888
713.4971736,548.5322376
951.6899003,565.8453595
760.9044022,366.2705326
556.6521337,388.9656587
490.7468555,598.0627518
571.9455143,356.7644382
890.6623644,534.4270524
760.3263423,479.6861769
497.473799,458.0111929
702.8393274,487.2529044
592.4909897,779.6074844
430.3902597,327.0511317
460.4778945,608.2979996
757.5162348,151.3704243
629.6681006,326.8251856
487.9819746,372.4858878
500.025954,274.3408247
371.0953602,347.2037692
636.4758199,857.2538035
665.7730886,528.2101928
603.9489994,559.7484515
630.7029666,427.4337795
489.8721481,583.9807588
696.2489029,547.1933808
290.5580689,681.489855
844.6604294,159.3723915
583.3602,405.0677733
583.6440091,624.7642312
663.880713,393.0897906
591.3141367,566.8782259
717.9633214,622.2422395
417.9884815,657.7070579
420.4818524,569.553286
677.0281699,327.9322043
373.4149551,784.2863898
545.6073812,408.4939045
646.6934586,265.0484953
692.0806312,378.5220992
388.5779289,838.5731166
758.6552764,633.7935071
653.4065899,406.6681583
669.1465449,905.4270743
482.272175,690.5777172
674.4864863,433.6641783
776.6647309,285.3996871
923.6466652,867.5206636
633.4046589,638.0416649
689.5305434,194.2404607
555.0237777,433.1773935
554.6747726,691.6444107
436.3251292,483.6210106
546.9361383,697.209633
335.3052364,297.5503783
306.2919867,416.1548005
480.6957421,352.2744968
553.3467795,548.3805273
668.4431866,380.7571349
441.6953166,409.3813497
715.8022372,502.0729099
537.5396061,737.8178897
520.5195962,381.2120149
277.8835672,656.350901
234.8653509,753.2259525
410.3193276,454.7033835
479.3814563,806.184353
456.6197829,507.6263899
484.103729,491.8393963
400.8728798,448.9399831
747.566316,358.3547316
823.093286,724.8658359
436.0758206,655.2699369
424.0300585,229.3832214
368.0498312,536.857947
868.5644852,737.7836029
636.9720403,534.3339912
606.603203,567.3649481
808.9029185,424.247635
665.7004172,394.287802
729.4195934,474.8280233
727.3868039,506.0006188
589.0362481,252.8363554
197.876023,544.1582988
821.3544325,514.3134028
781.626395,269.5103763
914.6476905,851.2855179
407.1529343,350.8878349
744.3292438,358.4966844
393.8035077,719.1407548
733.105517,463.128869
491.2063132,571.2022702
482.060408,498.2634393
496.337304,675.0944574
717.917915,796.4360363
368.2114129,542.4324462
393.884014,438.5332804
561.6590544,354.9832378
774.380865,770.5678661
703.6382475,205.1270115
784.412893,564.0036296
228.9185268,769.1228477
799.726962,424.0709567
450.1241412,426.6333989
975.3503552,602.8980894
863.6260562,457.4217357
723.2042405,515.6887612
614.5849439,480.5121525
467.4230317,504.3678691
955.2086394,473.189883
727.2600373,542.0005077
435.1336701,728.0159176
605.3300991,490.7095197
755.2026022,141.7030503
522.030159,601.3025725
872.6751413,448.6235458
715.6719052,919.8172307
498.1217887,788.6816612
578.6148421,365.8971804
592.0066041,296.2814323
697.0193148,191.4832042
331.0181977,513.6055611
636.2239646,931.4973506
201.5719087,525.2379804
839.2611944,668.1511397
653.0648504,568.1236454
653.783534,604.0578859
687.6198764,618.2005129
514.4602821,299.7869601
471.6183735,620.1637823
414.967326,643.0175554
784.6604488,608.0921116
608.9081168,384.9749758
508.8690396,538.7473149
511.7564775,364.7395568
492.8857084,424.056728
576.0499834,597.905442
451.8910985,366.0754049
610.8238323,875.8526283
410.2079911,451.3521359
705.0374439,151.8867112
599.5867577,187.8535043
647.8223584,312.4281134
816.5294223,579.5589104
496.2467307,244.2615416
829.2146351,417.3834214
284.5559061,635.0431263
792.4668708,831.4778588
465.9576656,510.2662647
621.0964201,548.3150878
636.2129837,534.3198461
327.7841966,669.3301376
720.2444759,508.4120194
623.4634439,465.7572313
574.1418481,391.470225
459.71725,420.4116293
695.2245984,549.9212605
592.1712868,344.000847
531.6557609,175.7221608
667.0461475,850.2103624
586.5350873,527.3150586
878.6765251,438.7387714
447.9479715,546.0804073
821.5947527,386.088764
533.9012762,602.8551525
298.7604753,670.8638713
372.1881865,779.4688747
683.3331373,632.4973991
473.01748,777.8251975
550.0634919,557.9439962
638.6815466,566.3094327
538.4328896,333.3466566
871.084282,845.5304332
628.4872178,797.3536731
817.2537686,443.1310758
687.2683995,571.9255943
608.2525768,513.3504054
634.4622955,512.4020337
548.5078073,284.8799944
820.3159113,464.4925059
473.2124237,601.7794537
823.3955813,402.4798614
909.8076247,852.8296568
442.0100908,742.5794302
519.4904978,466.2926571
586.2914863,481.2067893
359.7131228,271.6905239
760.3534873,654.0648634
420.40223,415.3275922
461.8967305,456.7873358
608.6421047,652.9410252
734.6537113,445.7659361
569.6483755,481.4093343
872.656745,683.0436886
524.4088077,370.5827091
613.3885412,827.3796352
419.2393241,446.9936586
570.4016944,543.2764531
798.1358331,270.7098503
764.4213885,320.5466265
256.6836905,428.1967183
563.8607212,510.4557092
438.8873513,499.6534651
408.8798482,656.2726535
475.8085771,658.9265272
701.5385991,543.6010181
784.1182977,453.2477719
437.9954161,560.190022
955.2719928,875.5856467
688.1902212,428.8927133
545.8075082,544.7602087
491.5612057,596.8356144
628.9814607,469.5087842
604.1949224,381.4407189
562.7967478,471.0225016
915.6313076,900.5937634
650.7497348,562.7083991
562.1633343,744.561316
554.4741063,200.7794617
445.1695031,533.2574984
220.4670365,780.4024744
569.312898,511.6814676
548.1967483,554.3778971
306.9932477,643.5057819
888.015861,417.6047708
900.6219158,420.4289085
838.7328554,424.0892388
630.4542272,914.0184987
474.1770302,594.7294102
747.6750458,356.609197
463.6225358,811.302844
207.1913149,514.4746824
347.2207115,355.6035761
478.9886777,760.7604825
580.3900387,599.9659096
611.9362683,536.196991
463.824805,404.7067694
498.1670154,535.6397939
582.7736011,237.1220724
508.193066,786.2074327
693.357615,475.4438067
795.8573152,540.3212483
569.0601738,481.5266532
766.9962992,533.3789752
734.6830734,579.9576695
432.6574072,888.6187686
696.1444875,492.2962402
911.1785225,857.6783455
214.0702074,706.8730162
594.7820613,293.5782282
571.1806153,449.7029846
610.2638242,500.4424168
506.6551335,421.4787616
465.1584609,464.7371311
420.449569,582.673201
560.8864703,181.1449498
762.270611,371.8825362
590.5429459,311.8525506
589.4019417,373.0710409
596.2287015,333.943176
592.0808184,339.6637858
911.7631739,462.6979125
533.7789439,423.3779496
507.3657425,412.2296198
698.8780887,575.2320246
328.1311943,599.8445164
676.7034036,329.7723463
714.0353699,515.3090782
802.9054746,259.1154577
814.9413345,253.4568399
721.0990043,424.2540495
615.8609391,526.3393995
493.2553269,602.9062171
555.0263993,194.3407721
611.5936449,389.2164266
780.9681135,687.2524406
453.4707222,232.6928276
794.4996753,275.339676
694.1801297,478.1081065
152.2927083,691.7512827
599.9632374,504.5719184
437.6300071,548.2163226
446.1608352,383.9122102
555.3114968,264.4550265
672.204463,568.8448801
439.0530677,252.6477048
730.4398832,159.3452504
214.5880749,382.741528
920.2239673,501.1098289
792.085822,525.1403643
458.3623066,213.4447056
484.3056687,599.994952
388.2569976,769.3008215
646.9931024,488.4372512
778.3776378,475.7678912
495.6412263,561.5730693
523.7244899,635.5501363
611.2558004,497.2682445
534.1400834,468.6523036
276.7369603,603.3799015
586.3981488,533.2194925
502.9898084,504.332663
796.8016529,363.7818874
916.1059108,851.4170447
585.4596686,327.0720673
626.5980781,429.9982903
512.6853102,405.7855187
799.1954921,638.7294067
861.7117489,482.5407987
670.0674378,561.5374035
453.359985,255.0401965
878.7881312,529.7974983
470.9246029,442.0370113
634.3135972,432.6243752
443.6210092,531.5977539
875.4326816,728.8258049
791.6221547,315.3143058
647.6069511,394.2911868
753.4448431,472.3831716
547.2129814,183.8093331
344.4577781,326.4585195
683.8117703,710.0877644
651.3362737,914.137134
795.3695889,420.8039112
666.891367,526.9580245
860.9649316,583.5397524
759.1736982,126.10851
709.6377437,504.5311545
496.4881445,679.6283177
482.3219708,599.6917823
854.7330999,529.1751124
792.795607,838.0174029
728.7500166,663.7213516
553.3357088,864.836264
616.0315541,544.6717651
807.1606044,495.692535
376.9026392,455.7132249
711.8350213,417.0290199
936.5865048,527.9506494
660.7537489,577.271076
607.614025,393.0991511
114.3847944,485.9230111
961.8839295,577.6551258
486.2714047,223.3735451
581.8622509,525.4962701
499.2526958,429.5534812
419.3149616,323.4338218
561.0567408,587.5557586
560.1189197,319.4317517
644.1570183,534.9191443
520.0206044,474.4065317
523.2210338,561.3053564
730.6303776,305.4679343
830.01763,393.723104
587.3955181,461.0020635
422.634817,328.4805215
568.7999592,540.4828413
950.3397658,869.0172063
707.0116889,2.986817174
773.229674,468.0995987
668.0822269,471.5921932
618.4892709,707.7028154
397.5575185,720.3661162
348.2458849,477.9650881
441.7190161,987.7814247
447.3299282,864.9925709
704.0142778,389.6528782
440.136531,285.5387147
642.3495682,530.0886123
734.6356895,451.3605561
510.2618242,250.2036889
264.643275,711.6184894
629.1962538,435.6889383
548.4830143,334.4720201
710.6325214,466.5787356
401.0708796,432.7097474
477.8286181,368.8975577
480.606652,679.6800926
949.1975781,524.1681737
743.0736374,287.7126986
225.1678717,669.6000235
679.1149948,621.0256534
674.5778685,307.8033022
713.6128695,190.5591112
686.5191853,534.6001997
490.3426915,826.8654376
812.6902014,164.9617671
869.1778845,415.2575978
568.6968621,982.7236094
549.4850875,726.6987695
502.239231,355.8426226
624.787512,464.0466312
486.3010814,489.5210777
666.7872812,557.1070514
601.4339815,565.5392229
523.1949525,596.6033166
200.8221851,661.8251306
605.7567641,575.9591723
626.2117261,446.7648501
521.2864427,380.1987678
621.7973516,831.7454254
848.0288822,510.6841416
761.2648525,300.3352146
734.3571835,434.4013341
598.011763,759.2502335
245.6089017,815.5110109
664.730912,472.7157807
506.32821,220.0399737
514.685367,671.541229
630.1088774,599.3746973
724.7597753,456.4995231
623.9494623,719.511328
554.8476048,655.7513938
496.750007,623.0843868
825.469463,454.6540323
377.6077503,413.7661533
32.26539249,608.3276062
558.9838629,702.2607623
504.8087037,263.4047137
815.3578875,721.7160676
647.2538413,765.1753732
490.3596946,842.8376761
471.4155051,638.744116
703.866763,148.0752766
446.2735949,518.052482
534.2124101,479.4405907
575.4267268,520.6999623
494.8747993,410.9646436
685.8833,471.7413544
543.1186993,564.3311615
583.7425371,390.8378518
422.0864939,603.0555454
930.3505833,893.3443508
505.353102,359.9488485
267.1934526,711.26133
515.3497755,771.3509466
786.363828,623.9782465
545.9773143,794.2212885
578.9244629,764.7097748
454.8884946,220.7143226
514.2880042,437.7241871
812.8941035,389.7015191
428.5545261,241.1227217
598.0908011,612.7753002
501.7521339,349.5860229
561.9216508,455.3381804
518.2920577,575.4610003
405.6330835,987.6737796
623.7959852,830.4625223
780.9898056,279.3285202
688.504576,559.2651977
717.2642326,516.7175115
486.7488542,348.3557932
586.2786029,372.1217081
443.9845157,510.5152985
435.8065876,527.9545983
778.9504994,208.0609255
697.5967305,88.86767281
574.6440158,399.1264408
595.3032095,901.9504845
780.9689375,317.7552295
290.945859,383.6843628
591.4415175,269.9784612
517.7126196,765.3168873
593.6575958,245.188121
695.1017717,552.1629613
378.3716456,783.8818222
565.100523,505.2552726
756.4112142,273.4925763
873.6464592,590.7087237
503.5293529,614.1707793
387.8849073,336.5352457
774.0870038,494.7257976
601.9705149,465.6535352
406.454265,504.1945546
379.0923515,756.3874422
414.1691249,542.103577
609.7805921,593.8298674
748.0404248,751.0697075
842.6907684,723.8926005
789.9603169,401.1636118
857.5934228,724.1036493
426.494936,487.8152205
765.9933421,552.9905457
241.0560906,631.8364222
479.5773289,565.7851016
500.6247172,430.4687988
971.5690197,602.5391122
834.5621118,362.2472552
794.8313777,992.039131
432.0522023,579.7038301
479.3939353,354.1991335
706.0689542,228.3406602
518.3000574,490.1366522
613.1112486,401.1239761
891.5549138,511.890427
541.0315897,642.3069765
259.7333992,358.6519257
425.7335276,356.2342987
765.3584156,900.4361194
332.6330111,259.9792929
573.167579,591.2918709
289.6488459,679.6348784
623.9773414,482.5918842
187.558508,659.7598783
515.2799805,614.1099782
415.815967,441.4147926
556.7082513,551.3938797
604.5469536,515.5604521
620.6937842,436.2022584
729.7047508,659.4865659
753.0824902,713.5887582
423.0297679,245.3013656
666.3277186,527.4067826
910.3877219,858.3771193
650.6515214,850.4002666
481.7766737,641.6744571
588.006146,760.0886827
547.4090337,388.1685375
196.0487385,511.9403633
776.486206,957.9023464
947.116326,556.4771228
375.9709602,599.5937902
855.1275115,523.702408
198.3126801,720.9842606
613.2724708,553.5695977
582.5710472,407.5931707
705.6195035,515.1535862
325.1637146,416.4778612
776.8163505,434.2994766
590.5972209,487.3516487
747.0180078,264.4500538
594.1586999,197.6876111
426.426684,366.8028033
694.5219741,233.6346386
493.1650533,339.0704633
638.5395147,572.8361899
702.7990293,515.3556088
580.2249815,488.0792978
463.844969,535.9565029
690.957469,381.906004
544.4977615,410.0685274
385.2425984,321.9440696
802.9142833,326.3620735
953.8013685,873.802921
732.2644712,442.984986
773.9498856,436.9652599
806.4974843,684.3563027
947.0567179,550.6729793
523.1848405,909.0382205
954.2021618,676.5199401
679.4885833,395.9458959
634.5434759,566.5430677
804.452006,440.4947111
648.5263759,585.2244859
548.7123237,559.8015636
558.3757218,460.6599267
451.4437302,516.7954664
864.8197175,607.947568
215.2614868,692.9307822
553.1691984,298.1607502
829.9435206,541.6615886
504.8096625,223.2239243
419.783213,384.3947118
379.9865488,456.0240209
378.6282198,333.899863
678.7475934,388.4655854
668.0669915,435.4898618
647.6966105,267.0516093
809.396652,165.8032041
601.8817992,243.5092168
352.1642639,271.2905321
691.1893251,552.0808485
591.0976208,378.1546183
302.9826776,663.6958403
700.4190323,479.8518442
614.4571287,815.3605335
439.1502624,365.8180345
819.7109162,498.5882132
449.7265238,441.2281478
354.7746339,612.2291977
789.0569065,401.019298
723.2295728,311.5425277
960.753232,567.3732847
311.9357514,439.1431509
648.9732348,588.3942914
732.9802784,502.9703424
806.2607444,571.5851081
499.9855062,506.1584509
416.7654581,655.3352093
774.3351739,328.8287593
212.9688572,514.6945902
719.3796557,618.9012716
621.9931941,568.8006896
558.7573998,372.2093996
626.8351774,752.720781
775.0218587,954.1066239
551.1305813,751.2918718
192.9821016,539.4328002
498.8549735,534.6843601
752.5113065,370.7580503
510.8881968,451.9521027
755.5434279,542.1330582
828.7151041,805.5640356
491.5720967,388.0662204
173.437561,738.9335793
612.2256053,948.5833773
377.6038553,599.5930589
558.0925568,294.0706543
504.0018438,453.0807674
725.0409928,491.7957072
705.8052491,168.6959363
671.6678098,550.4791889
741.8717517,477.2935808
520.28392,983.2869911
711.8797386,959.5960852
607.5613978,366.0158575
475.9613501,706.7483009
693.3691951,556.975441
689.9974166,413.6739696
567.3714906,466.490668
285.7627204,583.7517622
872.5496331,331.9017845
473.1719459,218.5613371
697.1447182,426.2091076
434.130683,538.4900071
846.0475812,247.7489544
454.6662411,502.0886847
813.7620846,578.9688473
780.859144,280.9934046
708.9950872,471.8934825
542.4676985,422.0722304
567.9990017,353.556982
872.4391655,591.538669
512.3283204,367.1842623
335.7930676,362.703556
799.9668477,448.5255536
515.4132187,201.2088511
184.897668,746.4027952
500.0807534,228.3386335
43.35583608,616.194035
785.2821175,259.2470263
791.1788162,40.55844572
223.7445715,704.0054403
664.5521175,851.4275752
576.279907,525.19496
821.9611205,525.1759675
746.261483,283.0486696
619.2628587,439.6695713
701.6835972,411.8746333
594.7868701,286.9676867
440.5623421,467.7594887
693.9405736,422.9591324
223.8908579,644.4469243
576.6177964,244.8608189
182.3864702,735.9132484
623.3181012,547.7332778
720.4690364,311.9814657
446.8499619,526.9299223
834.1385479,457.7734
711.8565485,529.0594441
689.3906238,557.0250012
590.3547884,546.4064767
379.4950474,839.5753735
649.1061585,477.8786085
498.6194621,583.534508
622.9889156,626.2460855
268.869507,679.2193624
399.8810084,322.8978946
475.071632,605.2774388
821.6650272,637.6605402
667.4532477,430.7123584
620.5532054,558.9391701
777.7256034,464.7640423
216.6067826,651.9320195
460.8425394,641.7648648
481.0209579,420.2675244
459.0022367,248.8018371
853.7448539,359.1903392
490.2414969,377.7054632
533.2625446,310.634502
731.8616704,447.4422704
446.9352469,263.5820398
473.7197597,636.66148
861.7316283,480.2965489
738.1758659,482.5227673
710.544375,569.0187796
490.8864456,282.9457466
224.1656337,533.2220416
586.7179266,376.7105818
779.1735319,452.0908169
901.9669569,627.9521099
544.3790396,546.819569
749.5724549,479.3333008
667.5710708,526.1534861
810.2837485,329.916284
746.0745839,623.1078506
411.9097824,591.6743328
501.410724,492.4816313
626.6266463,569.526521
444.5073717,641.2538013
801.8892296,375.2431443
521.9286199,307.3665373
570.998585,449.6526931
727.5757253,442.4174047
649.0261316,765.2098481
694.5210752,478.3626144
863.6882261,611.8249854
619.5902767,338.7662698
509.8984227,494.0817866
323.3796943,671.5706475
213.757965,748.3261783
456.9167151,541.0893897
809.3346469,645.4553449
634.3589138,611.1635071
440.1903267,725.7331186
813.1692688,448.0200061
876.4613006,682.2586441
557.4919061,414.2087058
438.1278603,449.4185775
491.9419849,792.357829
838.3091267,242.1452038
75.86679202,617.6403279
843.2235416,615.5353147
440.3074307,752.7305385
507.1680424,233.5080637
770.516866,448.8994281
956.616959,904.0201662
607.8872428,851.8276506
541.7641903,293.8400907
78.26380708,641.8448882
538.493067,456.2581365
407.2700534,960.5610257
367.2456079,340.6162318
257.6336759,662.9094376
571.7261072,646.9420675
786.5443154,317.071938
319.6895762,439.5251949
227.9852449,770.604493
582.6625043,533.1028422
528.161635,470.8517153
664.7941005,642.7496336
527.3944889,475.5031244
644.3971438,547.7955832
546.1468208,453.0809972
417.472247,435.4907602
496.1933695,256.4182084
557.5648321,447.4042853
742.4172285,465.4080743
690.1416656,381.2187427
564.3010486,335.9454124
585.2427033,533.2951491
758.104826,549.5436669
598.6208029,550.1962235
588.443657,786.2083938
797.2990867,440.7546724
753.5379481,66.95142751
216.9389045,800.0704164
479.6839914,530.7512606
539.98408,508.0843203
855.3434282,402.7245701
502.8664874,409.6185993
727.8548455,532.4461695
951.9152848,636.0374017
778.467492,432.9072152
472.479853,403.3869051
491.1806064,355.0422838
631.3833745,282.6411143
496.514915,634.0120567
154.6105804,443.5243816
275.682979,677.9118255
589.315593,524.4163299
575.5877842,382.2661303
689.4485691,192.9467137
742.8780794,283.6135557
84.56980817,626.5320805
744.1505841,322.494518
527.9254046,639.8964117
469.4977672,399.482263
328.1078544,463.1578906
483.4867343,398.6119089
610.6798079,664.2313913
385.342175,937.9460066
755.3898159,358.0396524
649.272579,203.1721832
509.8563569,373.1903865
608.1057661,565.9608398
408.6445465,994.5953678
719.001588,215.3667724
694.6721105,495.1400808
799.5033602,341.1337097
725.7547477,471.7460346
878.3410625,476.4184002
274.5910665,716.501841
783.336875,258.0337833
825.8554404,268.5840267
918.484949,510.1989238
664.8308482,239.1445967
593.9050768,684.8088007
790.5978351,152.1161257
766.5294261,550.1745566
613.5100046,746.0972645
646.4201959,913.9696698
400.5062574,267.4781154
372.3334543,950.5234964
298.7224843,529.5247291
959.7328973,883.938923
604.1552386,559.2455366
829.306257,909.3018382
446.7003497,319.338795
463.2851856,888.892875
336.889609,557.9865987
497.4882703,706.8397532
781.7605171,329.1791491
315.2390532,718.7399899
160.0369004,695.4199915
412.8070058,333.3386543
399.4108994,583.1818199
197.4025733,732.1404465
598.3462818,372.8320989
491.0275337,746.9497543
528.9359419,474.6420889
549.1958853,466.963266
776.1124678,153.5956189
743.6158334,614.9302498
682.1645987,400.9334034
770.2178964,444.4857493
706.8654774,419.8171366
697.7789556,367.9810282
476.4345751,339.8117978
483.1842742,445.6080622
526.4386161,479.7647378
483.2026406,406.0436413
204.4045172,521.072416
716.5580729,150.3831064
485.0132066,417.0027355
686.8526255,256.7047257
672.4517792,564.6307375
645.8527873,935.0665211
792.3966862,539.3247581
219.2317588,384.6669169
912.1705438,858.4918892
563.5205697,462.8411398
744.4169707,601.377874
741.1473155,467.9138106
713.4045331,494.1088232
68.0190833,615.8152086
573.0374268,461.5038919
758.0703105,461.9491606
459.8734386,746.9864648
750.1961609,358.9856213
794.0741788,442.4076682
283.6116134,632.1033411
320.9070717,332.9545
817.003696,971.8023331
602.9693673,382.3232123
532.7989522,507.6599036
828.9850111,388.9456215
607.5031828,497.0028926
465.0996617,676.0724357
150.9758608,723.9003939
644.7156931,588.0394512
572.3807033,777.7135617
922.4711755,610.7279957
547.1939859,555.5149193
665.3272333,877.3045417
397.1641257,428.774663
659.0021318,564.6408919
514.0082848,615.8316312
423.4031466,446.1771061
474.9713663,227.4282468
244.0358095,687.0455915
782.7334679,653.8699029
474.5808047,666.989797
332.353007,260.9801709
450.8477834,689.8303025
697.2254641,157.7425879
475.942849,806.5159801
763.6183487,948.9507121
489.7989674,488.3838883
205.4986918,694.3016275
431.6367578,514.7273099
472.1942162,581.9152349
620.9163223,604.4549735
959.4846823,884.6584026
503.731742,895.5539796
432.1404835,639.4246077
720.6794402,535.2815689
777.6922264,478.3537763
801.9970457,584.3475503
786.8053389,123.490908
205.9807554,514.1633432
581.7655056,411.7638333
689.9317562,392.185484
761.4153485,476.9222762
734.8250604,441.2426691
562.5402035,482.2221467
517.295722,415.4154091
865.1856059,357.6232171
353.2355179,986.5514248
587.5685301,459.2572392
631.7391209,428.2488276
762.3861121,954.3869567
836.8480451,389.8673535
954.2759268,863.6319218
478.8021082,368.0507092
566.5840756,353.0185058
532.8928961,371.0210829
696.5549584,519.9069572
563.6290599,291.4256814
522.4942757,597.8148672
572.678879,488.4976135
578.490008,325.2319462
634.4361542,285.789817
451.5125814,371.8031187
229.6004927,508.9849496
530.1966268,464.8333472
163.3381649,657.3007561
327.20747,531.8820983
757.7367505,275.3170061
401.712892,828.5036824
588.7111222,529.7913346
326.7135118,647.5393181
698.7373901,634.5631737
599.6702151,280.1029716
706.6333366,831.2384153
761.5703687,303.3550858
461.7395381,608.6497266
813.6928439,589.6849461
575.7733799,452.7872924
650.7195936,901.0425633
648.1079353,613.9396934
495.8145229,338.6163564
481.3370954,215.1508971
535.7012509,322.0811333
537.9700463,549.3087365
824.718496,468.6970792
580.674522,645.4783908
426.8692285,736.4237896
600.3199126,672.3214261
910.6868414,852.2163179
590.3942925,698.912795
640.8349008,388.9766488
502.0040341,558.4177641
441.66167,483.4572446
685.4362613,436.5927644
635.7137823,626.9711229
539.9664777,311.2819815
347.1215093,410.5228432
699.2170118,161.3697596
419.3468555,266.2291231
459.0664289,396.3815953
528.3768326,566.8790199
445.6855579,505.5495624
610.7205554,554.721371
652.278559,361.1363712
524.4365819,559.7506035
472.62957,441.0371781
711.1825224,5.799149834
401.5611526,442.6412823
730.3192587,582.0939817
491.6204394,574.6001111
751.3673062,283.0536633
440.3829034,526.9147116
338.0363358,288.7327571
641.8516401,633.486869
350.4242119,546.7533564
611.9743492,556.4603868
607.1024045,622.1048415
517.3139086,555.3804048
277.9991582,364.7181406
209.0040082,522.3085795
452.6519377,382.000674
835.2256215,743.0173234
503.0540905,495.8356996
437.5831625,326.2222728
627.8878255,459.9041127
742.6375944,611.7432277
716.5472269,536.9145902
407.475154,421.970937
401.9054537,817.7149984
597.9534581,876.3047084
234.1013808,537.0843945
419.7906434,706.9317071
477.149139,505.2336056
700.6663635,543.051886
773.8938128,638.499658
834.5303827,558.7816932
589.2773473,883.4752677
504.5790348,437.7416543
626.8754605,595.3364182
562.0652258,459.1875791
533.3627354,391.3997918
195.0953225,541.4705144
650.7210168,796.5288676
219.8949839,650.6812094
587.8850421,602.7249421
506.7999668,410.3974175
194.5787584,771.3004462
372.7219934,586.5000552
688.538717,571.4791554
452.221183,635.6914623
562.7811529,713.4598641
501.347071,508.6902418
385.4001353,855.5874565
236.6571012,751.205622
421.7880036,295.9400268
263.0617187,457.6863562
955.7220875,639.9357757
908.463063,464.8659625
716.4398753,697.5807704
357.6314812,345.3336654
580.3335166,716.1728883
599.0762458,571.7186825
423.3431489,439.1147561
596.4643327,784.6338962
497.9462749,721.0919266
697.5379912,567.3536863
931.3909023,851.3975299
580.8487324,468.1712437
856.4949787,732.9096744
646.0590115,585.9514246
691.3937067,552.9631121
591.6183346,469.8040978
551.6727624,361.5235133
763.3026456,296.8378145
432.3998142,490.9107901
635.1727996,554.4945683
713.7491638,510.5721088
615.1647715,594.2864815
907.4497093,725.8534671
950.0006779,559.4846666
491.5930697,366.7198547
388.4521061,482.5084133
486.506961,399.1294495
609.8061791,313.0927676
323.2416023,824.9522299
688.4084599,471.9548895
503.6263828,511.0113184
583.4628626,393.6975717
455.0267514,638.1159843
579.7304839,613.3164299
928.9190287,515.3369297
658.746756,649.1644206
481.6354508,607.0852162
704.4951579,225.757345
509.8033103,727.7363788
492.299544,408.8555143
577.163498,487.2941489
725.5645229,156.366728
749.1835262,494.8609181
550.6943587,751.9828731
774.3464993,351.8331143
708.9964654,156.7519479
724.393063,143.0947686
630.6831921,757.1459933
248.0236839,738.4164775
557.9773104,472.0833031
492.8233437,233.3966786
601.2260345,511.4056271
504.2519314,734.5495488
501.8545868,207.7845834
357.747207,268.7146551
699.7375308,748.3622202
638.5653713,483.9257474
513.4688901,559.9476743
478.9782961,232.0133597
859.9208975,745.9327046
635.7485075,472.7787339
748.1591467,657.6720607
509.6661321,537.7545019
835.2809302,237.2177871
770.38577,292.8133044
762.518826,56.01425094
217.2419788,709.3946528
693.9024627,195.1616913
553.2112642,426.7098704
681.0713829,376.3205773
507.612819,407.1640947
676.5344064,368.5266501
522.4109681,576.6948864
965.9871701,906.6883523
796.0892013,950.5129868
887.0883316,540.2140838
498.8013427,542.6854498
688.3669484,558.5294209
777.4790212,644.8757287
597.7579751,400.4077768
630.4910348,559.9465042
288.8757974,379.1603227
500.5463682,595.3103636
816.3855628,619.3537696
602.0266475,626.9802535
849.3548978,524.3317725
932.1577038,865.8065325
577.112264,518.1828805
788.3485446,289.6834689
465.2918489,428.3840734
822.550281,393.2593233
505.3417915,620.0031504
705.425953,281.1370916
354.5522156,789.8516539
614.6828727,559.3990228
614.7938197,370.431166
420.3157315,909.6247735
673.9353468,467.4878687
211.1210491,401.1620865
636.4898868,396.0804732
571.9813182,398.0385818
589.2631456,420.3447481
576.6511584,861.062313
428.177582,530.9181816
446.8313858,763.6129314
701.7897504,133.532031
616.1595641,563.4446356
767.4051822,925.453701
804.0670173,257.6101397
778.810355,559.1430314
212.2776782,514.6741978
786.3804416,610.8405091
584.1032421,347.0900649
961.3950796,937.7419573
463.1382401,955.5533348
290.6186358,673.863977
601.4516887,623.7381553
632.7968174,538.3647903
737.1208659,459.087414
481.7484951,266.1255523
519.1700609,547.3204362
902.0249172,729.9596513
711.3772863,400.8922843
456.9389464,584.3474667
475.0389592,457.9514783
631.9173461,597.1566274
847.0095811,506.6269327
878.6565408,582.8174521
815.0556372,506.447559
913.0827778,514.3188352
751.9099367,432.9365919
488.5996884,375.7645503
442.9358824,495.0771485
492.6239058,743.2615307
735.3587924,436.4731471
680.2331834,375.9437777
398.0074336,276.1060414
406.6353665,454.5839334
568.1292288,355.594947
652.8853219,670.7558502
554.6289167,559.0776754
611.510577,891.7338531
482.8095623,286.5410552
454.3691441,317.7150297
493.8262409,601.9253345
627.1487083,536.0614526
388.9115788,366.5969362
469.7789996,631.4201959
685.6998165,467.0871038
522.3431205,473.3915504
508.3748567,996.7079864
784.2178144,659.8347827
438.6702961,259.8536165
618.2017616,630.8302582
809.4910903,762.7373956
566.496124,567.5929835
508.4383448,338.5091083
543.3852656,802.9646112
851.4762083,526.7467668
647.298244,606.5413703
300.4850972,316.2285997
643.695703,885.9205999
589.9917014,421.6501329
710.9376031,494.9951193
768.7777728,302.3520141
427.5682425,280.2936906
400.9728909,375.6481297
735.4953413,299.9546332
801.0275105,481.1531339
746.0228556,315.5009506
814.0879745,578.994296
734.9262849,451.2262087
684.1937629,437.4733564
607.5121263,496.3595711
746.9617852,390.7385434
527.0230128,720.2633603
467.3938643,981.3649871
828.4745891,250.1819175
405.5154402,413.7778329
567.384344,370.8717337
173.5012289,532.3515621
794.6650322,678.5611436
729.0282529,543.2368384
624.1983066,444.1887223
554.046108,619.2851751
274.3224778,364.2973386
635.0854622,882.9378361
478.7179467,404.6417686
500.7602475,532.7402712
612.9966314,552.7349304
594.4497747,254.2229964
585.3845254,162.4647226
698.4629439,542.5864965
538.1829368,749.3269726
861.0434155,779.8392808
543.2951268,480.3292268
897.5786039,591.542806
403.4215893,349.6873372
384.6399852,854.1225471
739.292886,565.0734781
709.9215679,202.5995664
610.4818681,384.4737115
880.1247682,584.2806273
253.2574122,591.5502442
534.5811898,305.1898581
738.3208341,367.7702511
444.4517334,622.9698259
789.5662199,669.1384157
833.4684017,400.8794345
644.5250489,539.1091336
929.0283428,890.7357749
482.0061479,686.8115804
536.2829511,759.0991919
491.2253237,698.8141969
498.0050891,296.2809308
408.5664522,670.6867751
610.4518018,260.2256523
339.9353778,542.4448153
147.6664768,716.6647504
627.1538017,434.0872161
418.312379,779.8596941
700.8933509,270.4686517
470.732146,405.4041015
500.7621051,495.4307978
795.5127744,333.9327499
554.9007413,771.7324683
703.4787332,465.9210182
286.7865906,675.8540532
498.9728266,453.8481775
800.280783,450.3450943
547.6468671,563.3526818
747.9910484,520.841539
233.0321191,381.1288573
803.5425883,456.2003023
486.3175902,653.7028357
762.1352605,955.2976568
773.6294336,303.0548622
459.7229726,381.9343778
513.0024813,557.0359078
726.1943111,659.3462428
401.6689536,406.6297972
552.4518781,548.5227309
616.4194191,527.7886385
269.0228943,723.6140229
548.5032981,455.1217828
685.9739032,389.1788804
836.817889,386.096453
731.6080474,432.1133326
647.3754095,362.0716842
537.2768149,677.1033381
557.1252837,278.7160798
783.8816627,572.3394805
563.6270525,461.9558467
405.9349894,422.0565182
583.7115271,554.7145805
132.3959567,502.35809
766.4838548,696.9672017
492.7699526,860.2965326
360.636143,383.7747287
655.8062266,536.9568167
818.6314527,494.6926391
769.1945805,298.1301198
588.7499821,780.9829264
458.3132598,238.9430547
647.7388261,313.3493649
731.9375776,93.93608125
509.2507776,506.4016344
754.1227193,276.8535187
285.1438232,674.5504443
595.1036068,555.3849387
955.7065376,493.2066478
474.7134138,406.9811064
689.9886978,195.7863547
435.4931467,776.0313145
520.4199147,579.6527656
944.066842,567.6260794
667.9655573,382.5629483
668.023218,354.6430651
719.0894647,618.8019004
454.5384858,508.4099927
444.7126371,927.1682083
696.0022459,143.6305704
687.9155203,576.4337969
510.0407692,896.0842863
739.2006949,875.4305099
449.4051431,238.3998565
866.4175728,621.7916637
363.1578123,759.2632295
508.8132066,501.3288382
366.7300924,356.6549545
487.29905,349.1529561
704.0158058,279.8300561
405.2680791,289.9737471
457.6119239,295.3112265
640.9911943,477.4282834
617.4170881,396.8407584
770.7555233,458.7717289
410.2886921,428.7637355
535.8380546,510.013094
536.0189614,486.3792491
867.7977886,488.9457448
655.116246,482.9812828
806.6589311,819.1777348
512.5470834,226.2067508
443.2758242,373.6397505
776.5020257,786.1183414
780.8717428,313.7099509
754.7312948,353.6087988
605.8323267,566.5805722
847.690049,474.7758722
422.8676469,388.6070158
581.4030628,359.4704839
632.4025557,705.9998624
501.5874062,507.062653
802.8732661,532.501371
713.8518414,546.7469837
720.53994,804.610712
783.6089693,146.5099096
762.2704612,265.9848949
490.2153107,412.9902812
527.9979111,599.0662623
957.6274664,920.6306908
792.9130107,216.3552394
606.0494268,730.2833805
526.2480019,709.8405484
492.3899674,381.6586417
639.7295956,568.2941183
808.7887656,748.0628322
585.1477557,414.4387053
694.3779048,416.232254
645.8947183,546.9366372
609.0699532,555.0126313
660.9953125,15.56016998
523.3136894,299.431305
350.6556186,708.8198213
772.9919904,705.9580747
569.2020409,444.7205125
759.7483574,717.8611738
431.590093,525.5101019
484.938453,495.1164917
195.7749065,515.6499613
858.7137685,524.0491832
550.2396199,687.4953106
586.798313,591.9542268
818.6559011,584.4204071
793.4449599,535.7617931
759.64162,532.4598131
453.119515,327.8728449
563.4617705,395.9593724
546.1492477,674.5618315
521.0297336,474.9597799
670.252734,384.4117821
547.3550882,648.2575023
528.9287212,596.5068915
224.2805505,514.8104883
573.9430394,485.5329856
733.3651024,118.4518136
558.8354642,570.2209071
356.0086831,395.123535
775.2288918,479.2133701
585.948803,560.1944724
394.5509542,414.7950707
552.3097563,477.5139691
727.4687033,520.7396188
676.6738017,852.8358205
569.8718724,590.8374716
393.4456041,318.8149654
706.2070761,186.7089812
429.9053947,507.2666396
456.1426779,718.0654947
811.3404713,602.6533806
618.6801699,266.3597305
721.8870185,524.0274536
274.6104216,720.2673092
599.9949964,302.0768212
584.8959003,730.9366893
980.7645709,909.9276507
578.5504551,705.3807986
545.9343796,574.309227
960.3229866,468.4473559
425.4905408,325.6932406
427.2301882,339.5090042
229.035571,723.2767335
503.3868116,794.1415576
613.4343971,591.2422689
760.383194,359.8878176
476.0819746,532.3373334
739.2706097,490.0359021
780.9973558,145.5518223
371.8858912,615.7428115
865.9378312,432.8888286
491.1276346,699.982748
346.6030577,609.1823316
877.4504006,403.3873856
437.935733,415.2651196
452.03731,526.546959
594.899405,468.8936276
763.3173717,308.081859
484.6059116,451.658962
461.2219703,367.9870248
722.5086572,578.2979877
705.5400759,548.1755796
506.5481864,669.6510253
731.8805161,468.1525019
550.2072166,458.3163057
728.9278373,295.3619359
579.4438734,401.8404888
212.234354,805.0798833
508.9710581,688.9152356
709.0490027,147.2710724
577.2676587,301.68105
684.8014845,206.238982
337.3338913,277.4065789
670.5633735,414.5624804
658.1780741,560.9046543
515.3119642,631.3733519
291.9383146,732.3614407
496.0569704,590.3127853
481.5767864,622.4136317
615.1270801,710.0010967
508.6229219,706.7039223
394.0721564,489.9898312
632.4027055,723.1596862
614.7866439,396.9778221
731.2666075,677.8220655
506.4319812,788.2247545
462.8616067,387.0770012
609.4143442,495.0120851
539.6119447,482.2257195
668.7718479,172.5664587
770.9406247,298.2844209
432.0079194,364.6154474
706.6424449,227.2670299
696.1035154,267.3078306
329.6416522,349.6087554
611.3231985,956.0470355
575.9906598,386.0081138
494.6896829,630.3191947
742.8766563,289.3718998
767.2853067,309.5066313
632.9199138,323.320807
408.5855676,453.8656239
765.2659997,463.7491864
787.4377786,561.0768822
662.6590078,556.0694838
402.9032125,881.6875275
654.349834,571.7300278
740.6444138,858.0197092
640.6554171,568.1630721
539.4248509,479.5948081
672.8454567,561.4108495
500.8324844,571.675077
614.8721687,551.0766902
739.6943235,292.0584933
697.8766147,192.7052644
875.8255951,591.1740923
558.1055151,720.8377739
396.9760581,279.8947853
573.084601,572.3929687
778.5115952,147.4822257
657.0834951,590.865323
818.3970348,289.5223146
552.3992659,481.9538279
470.9299809,405.5513613
768.8478075,190.98311
437.7255839,449.3777092
623.3002742,664.5949025
562.9811151,462.8504376
796.7323972,443.2983519
330.6605787,372.129794
698.8385547,470.1314208
459.6874534,613.0711571
295.2564024,582.1189081
525.9713984,587.9996066
440.6743377,287.4353745
485.0770693,450.6206005
219.169559,705.9333991
484.7021476,784.9605506
484.5943166,767.6962367
399.3764438,592.8117311
469.8744716,731.145586
708.5385656,548.6406975
764.1055207,64.05783868
168.1392359,754.4033207
379.6613331,794.9243038
524.4100511,917.8710733
860.9040501,480.6048794
343.2634127,474.7111013
864.9010776,714.7864562
483.9033773,429.5193824
195.3820379,773.1412568
462.9937513,694.2321972
599.5978434,500.4938156
924.534256,515.8960281
702.1045995,471.0147291
422.2348626,927.3850028
694.2380301,550.907659
577.915169,390.0573622
450.7473529,515.2189839
529.6173985,543.1752015
597.6945169,665.0655991
639.2236678,573.2938487
481.1094488,875.8353282
784.6304575,649.1733005
682.1763735,693.2293344
665.4264204,563.4726543
464.8799399,503.9002648
451.3037656,404.7139151
714.6625214,408.3974167
555.0084225,201.8821971
377.8322509,452.4856689
486.2062986,741.7024319
572.5277688,337.1513634
262.9287501,734.4309971
809.9228787,287.3072744
737.7464445,575.5262935
348.4641686,629.973297
916.6677166,860.9853191
691.8865414,574.7837262
417.2090962,498.5243198
430.3255731,304.2299739
385.5860756,307.9949197
697.6171642,438.7145345
775.7513284,285.8258171
453.4494197,233.8450397
757.7919543,310.2796827
784.194864,439.0544774
939.8888478,485.3328435
488.370334,589.0798812
449.2020948,617.1756488
435.8880826,459.3515331
433.3751919,640.9119989
711.1507633,654.0848588
535.3982365,564.4354636
675.8257599,330.7800983
871.1501821,717.8903207
419.8224174,583.6805769
426.9890591,461.5570876
719.3208115,216.4438502
889.8425462,600.1827042
820.8455835,186.3954899
819.4664163,357.8884645
866.7703979,386.8924459
326.5056098,647.3546583
577.8521003,918.7679626
524.2796892,430.1348733
434.9372433,332.1096364
768.402177,312.3761922
435.1773687,414.625956
500.0511665,371.7741598
732.1258099,289.597031
634.8279442,771.7408258
726.8977892,321.1488916
775.8371827,280.8221169
625.9959443,566.5420648
627.706664,451.184818
819.3602032,579.4973363
387.8889221,480.5280318
476.111127,402.8618009
454.8537694,509.1390417
476.3910562,498.0154084
450.8022421,747.6363261
752.3445115,271.0661321
722.5504683,394.6188441
801.4927807,815.5479513
575.2513179,348.0377053
664.0041538,493.0811385
771.9346983,360.6246391
703.7680552,556.3782113
437.7228574,568.4229498
721.0857464,420.092622
447.4922439,540.6417808
547.989056,687.7749539
699.8720424,516.9835111
528.3173293,358.9652289
668.4471715,563.8882747
520.9169889,576.2176709
611.1137835,530.4417392
546.7679801,856.7672067
373.7017005,451.000785
643.910556,501.0423836
779.3048526,543.084167
458.857673,214.5735375
645.6785919,856.067221
490.2913527,613.8367285
720.5623661,909.9315578
167.7354614,517.57301
424.2249273,696.7934485
915.6810734,452.6493721
636.6641721,91.89884762
677.9429057,622.9105082
964.0722486,913.1422317
815.0979276,482.8260624
460.5910885,424.6483999
564.0224078,381.2397201
662.3358894,723.6004419
480.6903041,756.5350572
453.3115075,240.6094852
683.4747947,207.4361994
649.9968503,517.3538336
599.9086627,186.525178
431.4840147,535.0134173
865.8561115,535.4056993
189.4489811,537.2979714
483.0668856,607.9349899
859.9009582,577.7747431
820.4830208,504.3300721
781.4953439,201.6982268
218.066411,672.4746616
524.9125334,815.3498985
606.7119628,561.9199907
283.2451258,633.0028212
530.4740392,545.4720412
615.1540753,521.5337103
540.0483172,410.4561083
358.7530105,605.6981782
478.5064044,408.4862782
361.5128578,548.7023135
773.4286624,306.7550371
916.8063628,855.0341248
761.2912335,298.0736437
885.1104912,639.0637292
760.8304275,387.1126252
457.4192723,558.1653456
571.5900975,487.8518892
611.2746461,396.8189035
542.3238239,625.1581429
589.7491341,706.5482841
582.4779273,955.129127
705.7487569,576.4020382
491.4962794,365.8657143
836.7034964,306.7578577
823.1645941,406.0721614
625.2379664,760.1866748
558.9555494,298.3399149
502.5377661,317.6896437
484.4703514,265.684504
541.6743062,733.5665142
435.2957761,338.6962336
701.1363976,620.8110319
727.6634073,416.2716807
446.8858556,489.8978356
552.908115,413.0384415
422.8097016,357.9956708
598.7978297,640.851929
529.4665579,573.0402392
232.6801329,766.6860819
708.8436624,187.7902586
966.5947718,512.7466986
538.9714004,684.6148014
897.5953073,482.8057954
833.091173,439.9569871
583.7182384,989.8416416
985.9881423,928.8307943
640.8335525,558.4671154
780.7127078,551.5592754
708.1950884,202.2415922
398.5728497,426.6681663
395.3842251,234.5477415
647.4065095,672.0672316
898.3764753,530.1782887
656.734505,652.42478
568.2230379,565.9670871
537.5463175,671.6375496
688.5527988,546.7949142
660.825791,425.3778877
549.5397221,513.6218165
596.1022795,716.366428
746.5645723,438.7115467
740.213689,441.3559346
550.7859506,568.3083679
233.9052236,725.6625183
723.1164537,441.6793087
517.3294286,536.8709847
755.3170846,424.5984218
759.0006712,229.8052353
316.4352912,837.3427615
489.1055113,262.5073439
256.1921441,586.6956634
896.9624931,843.6525988
556.8609345,449.3695606
668.6671779,581.3410093
524.9009533,384.0413551
391.4019835,439.7968775
311.6804955,773.5125195
846.2875419,716.9589148
718.0298956,486.9326226
440.5739521,423.6135068
798.9624675,352.3704414
689.0030434,549.5452757
966.3255838,913.3030725
743.9452588,514.7466785
432.3003874,566.5069632
272.0355857,729.5294261
653.9189894,410.6308017
332.0407646,608.6899472
369.627852,778.1942873
597.9699369,784.6722365
838.492745,153.7429624
783.0612303,618.3629207
601.7259401,624.2912154
661.3625341,509.409032
492.5534816,681.4747905
681.9672281,444.5684471
629.0864604,467.1322554
694.8185318,368.4691503
523.4806941,558.4773952
488.6546675,606.0160363
609.7343317,508.6993307
578.0350145,982.6174896
170.9027086,625.9679048
485.4335497,493.4265764
513.1675835,613.0580984
746.0898043,422.6009074
840.2920905,451.8114453
274.0856031,387.884026
778.3338044,276.6839234
728.4718551,307.4956403
648.2944598,513.879563
584.4902982,545.1136699
539.91818,758.0255616
569.9626854,463.986833
457.7876174,895.0284575
795.8214964,345.2533495
313.476755,720.8610496
551.2974662,656.7622799
785.9254332,535.5320444
589.9109855,535.1726911
385.4341864,392.5392586
595.955229,314.9592567
459.0705786,644.6056549
728.6533162,297.0991965
710.4478994,533.974429
493.308793,317.311862
692.9001198,532.9256415
467.0001268,810.9159317
499.2388537,246.4113303
557.3584282,473.6578216
549.0176001,455.0092277
634.8597781,636.4070557
507.4105497,353.355252
787.3277155,582.3896088
783.3453691,408.3585123
587.2135327,372.3497017
971.362376,946.8838719
580.6793458,387.4480132
512.5103807,561.8070177
424.1916102,517.9088995
503.5898299,378.1234655
776.1182803,159.9829097
694.1893429,508.7901771
517.1120138,183.7255697
455.5363794,502.2177251
664.6922019,427.5063647
407.57909,846.3241905
700.0658776,263.4093522
754.5030939,442.5552832
685.6984533,574.612334
450.8118297,434.9143617
571.0800799,681.1223113
957.184053,547.0350681
601.4350002,687.2455456
569.3370618,329.4957953
231.8389073,765.1262309
746.8354231,309.4984409
443.9606814,523.8026776
963.3877509,587.119516
580.2949713,323.6733489
959.2474331,579.1632436
605.9673027,671.906725
595.1627955,669.1670403
447.0029297,344.2565041
906.1246074,448.8916138
727.5539883,393.3455522
673.9736225,547.3560811
69.70578901,598.4105925
620.6384006,559.8266989
574.4463456,461.2472527
780.8362235,435.7908167
570.1941819,375.748859
734.9997202,903.7418393
448.3249905,894.0612187
288.6696032,805.3640605
443.1793036,228.3339533
581.4500123,178.9918389
442.6043748,294.8941017
664.2368639,555.4559778
555.8818266,249.5289012
174.2578885,483.6308934
858.1358286,716.0019766
488.7723408,928.7623461
537.597147,536.3673386
603.0773481,373.8509664
921.830032,463.485527
587.5345539,292.5651273
690.6121192,192.2216137
833.0688518,530.4308117
929.5591386,449.0045868
386.1030592,448.0696081
531.3053925,386.0170773
833.1296584,255.259561
251.1371354,476.6763556
435.5125167,500.9482777
463.4306032,209.2278468
498.5874933,449.803484
576.1689151,707.8045057
960.9394869,555.6244867
597.0806233,388.0699604
467.9974212,449.6558898
488.3704688,417.1245675
569.3377959,980.9561154
363.3674521,479.6996952
261.5498676,718.811217
720.29171,494.1376985
882.2012414,559.8595649
553.8642874,275.2848923
714.8067555,197.6151095
951.5902488,875.785956
496.9841102,576.2563663
711.2780393,340.7880419
432.1300569,521.1587911
234.8153754,726.4003218
560.1274587,570.2729119
416.1297975,948.7322878
564.5206356,517.2602083
505.5590265,551.9457489
195.6598548,653.707704
756.5549689,762.7181315
531.1566492,298.2690848
856.3609765,411.6683275
808.4831596,613.8234818
555.577479,400.686856
455.3940929,406.9992422
513.4750621,553.9438065
774.5979651,662.1977932
687.1022337,333.81798
521.5409346,721.43866
279.7468953,715.604325
777.8300787,421.3139718
213.3267908,711.9575965
383.9689253,834.4625657
578.8377997,190.1309127
869.871041,328.8528917
634.4556141,641.8702533
625.183137,488.3717699
439.1539177,528.2014382
551.4332961,287.8489265
636.1645212,536.0423975
595.0691063,377.9173269
527.7452618,199.3959338
519.0750983,540.9952002
832.8411753,729.1346577
732.0139042,521.8172607
771.0371753,367.3804555
219.4045461,518.2769028
458.0115488,615.4716929
662.9222185,476.5005757
849.1704256,366.2921368
397.5033334,665.4201676
531.6212753,310.7976203
470.2332141,825.0910904
747.729216,347.7492448
857.6767004,414.9767636
505.6976578,285.9643851
416.8527056,456.6821144
430.0479809,974.3624143
479.9297196,371.6396035
808.6266296,465.5810126
779.5700557,635.8660513
768.3267192,290.2315145
579.4898341,655.5794792
451.3916723,272.1321362
814.5221748,447.5965714
625.8388867,646.1948408
703.8532803,506.1121919
591.8742647,533.967931
307.533706,400.5375485
525.7247264,471.4122345
705.9560897,904.5439332
471.6043966,519.9930607
473.2659647,392.3061042
813.4068026,724.811491
429.7605914,440.7326503
559.4606383,571.3122345
841.0065045,237.1895804
417.1811123,407.0960852
536.9297123,612.004756
848.9637521,796.4750869
706.8426768,803.817707
972.7949044,602.1012816
541.6306974,333.4722287
461.1851478,551.7395057
701.1268249,225.9726352
897.0669384,480.7239116
469.9977477,365.3438696
518.9070599,612.3245781
484.3871187,402.3206503
379.2956994,605.5960491
591.3369373,765.1766269
554.5568446,753.6888974
832.7920386,404.2507821
479.6832873,262.0980962
224.3687718,673.8642068
436.481962,348.6742781
685.1322282,476.2666482
471.1206252,700.1410606
624.7024517,914.7277821
574.878074,742.3809387
594.6794736,542.9720924
617.7745423,627.1113415
565.0176798,784.4279874
738.3818654,359.3393123
756.4397824,762.3435048
735.427314,300.8728551
526.3034004,448.7402379
830.365931,249.5088849
538.2675927,536.5087481
939.313874,595.7141372
452.1764207,550.0221569
557.3830415,487.4223326
455.2205865,639.2406165
837.1738901,71.21937179
178.7470317,542.1212114
798.5628426,597.250002
306.768822,382.1649623
503.9131132,415.7263304
403.2041746,587.3169002
519.5048043,404.6785209
579.4274995,476.5837959
488.8433193,521.6491279
563.9711888,564.7484952
657.5487653,414.815693
915.7966494,847.6390194
913.4311537,467.0692187
726.022902,313.3148692
401.4889307,408.1999907
570.0823361,732.6131071
476.1993783,414.8008166
546.5225365,908.5465465
781.2114299,420.5569251
479.3859655,662.5234447
351.5362135,272.4522926
928.2195803,889.4545851
188.8267731,697.1888646
605.2712849,147.8968014
806.6553508,736.0899268
624.6642959,434.524775
610.025781,554.4794412
788.9332109,613.7778079
411.7230481,444.6720179
909.9300919,858.8144485
843.1351406,239.3917918
265.5891557,714.0806203
833.8695246,252.5919182
568.8599419,480.172523
614.172915,82.90486148
501.6724366,210.9029901
587.4405201,533.1539903
556.4062706,506.7613219
431.6836025,404.1286366
800.8839355,444.9513686
428.032494,788.5407531
422.4466296,510.4444683
366.1729156,339.1623544
492.8796711,360.5368014
567.8456144,490.0375736
724.1879474,541.8391027
502.084855,228.4420998
505.2402225,214.03924
241.6829426,702.7199463
565.337143,484.6671237
739.1296265,441.532801
822.3014518,468.4078874
549.6356285,762.5818618
452.6862884,581.2678808
654.0637478,474.6794471
405.6651722,661.5759924
540.2718291,535.3798118
819.5423834,306.9603609
569.6554464,485.2355617
766.8616528,497.1413561
671.293772,354.077197
522.1411659,361.3429695
430.9932624,231.7204489
658.0865721,543.6089996
902.3231678,601.3085064
789.2921932,547.866288
700.6282826,535.1013595
657.3133138,357.2546706
354.6848996,276.7990067
737.3470144,365.4642181
881.5571467,867.4055177
530.0853203,785.5679139
436.7831038,575.7543081
521.2452458,466.252123
867.9705608,369.5493204
438.2867905,531.9670318
746.5943988,523.6096393
519.3519714,427.3327369
841.5190538,424.0232978
451.1442662,844.3840714
630.505626,558.5151295
719.2407098,442.4741106
238.2101792,661.9715547
979.034616,520.7303419
201.055,766.09932
445.9955533,724.0658314
644.8960456,663.1042101
779.894867,631.9576901
473.388312,308.7568138
283.0755444,705.8855522
606.3736389,713.1429462
237.0988818,515.9483254
780.337876,557.8212866
907.7441697,641.6627357
787.4216894,647.3321347
769.5337133,563.7194733
477.8470443,364.6353383
650.3561322,564.8765118
750.8858269,468.819538
531.7393381,328.8167453
623.7283324,456.897906
547.7539041,725.1677102
845.9862053,755.2144617
726.0797238,510.7099873
186.3036806,387.5393193
419.9153726,578.4276549
625.0912155,576.2858684
493.4576261,690.6332739
337.1498236,270.2204119
967.2130998,926.270337
797.0948549,358.6927314
515.720173,537.7137798
643.393123,572.9760115
384.6068479,588.0816359
640.286278,390.5416398
438.7129461,765.6104876
504.8121343,275.3951909
769.4979544,483.3481579
652.8170399,604.0860717
950.1182913,913.2817817
757.730189,369.2083955
90.90485682,617.3558373
296.1474387,363.6448655
523.3851023,558.1366583
940.7044115,890.9761586
585.8299013,419.4488199
497.2648933,449.0940334
539.9234981,512.2302863
563.9335424,488.2344137
926.0930416,737.4359711
844.523371,571.3747698
263.3941252,449.8228317
455.7797707,354.9724148
489.4021739,569.0968808
393.1053627,588.9024715
186.9949944,666.2948885
864.1215425,351.4999619
568.8116291,750.1671769
670.5184165,371.6218019
684.9595608,566.9776388
618.7998955,774.2620445
649.5349807,624.3679167
732.3106866,306.2636556
489.8579613,498.9057161
701.2907736,514.6527398
648.0207327,503.7528587
937.1872154,892.0386734
574.843948,342.8839455
870.3807889,430.8904784
215.8022597,516.0672114
508.3617785,543.8230361
703.39974,497.6509779
611.0865786,530.5104381
543.76979,548.1010304
556.6374825,564.9162519
484.2224659,869.3965759
216.0437634,514.6284611
737.7695747,439.1429419
781.529365,448.8764449
593.3955386,546.2356904
483.9421173,287.6716422
565.7194202,443.7680665
679.8269071,412.7784593
678.8032317,429.7420899
956.4199779,457.7498735
834.5094697,386.5562848
316.2960457,381.9905196
636.3837936,777.1454162
454.8007228,551.9572405
507.8425928,664.0452272
524.2114521,482.3563896
881.7303085,691.7208195
463.5325018,613.2159096
413.7669534,229.3885702
397.4635147,365.9540953
446.6207873,494.8712397
467.4493527,237.3105766
370.6637666,313.0675487
973.7694581,565.1706554
427.3043427,569.4978546
518.4815784,381.6868066
448.4241327,494.2221514
682.193856,539.0957197
472.4709096,382.5239395
746.880485,309.2193827
523.7980001,386.1865681
645.7222306,519.125987
619.1810941,570.8698491
414.9460984,483.9140259
421.727242,570.9910543
252.2924012,742.8568378
404.3502572,572.3391671
848.1322939,242.4502958
453.6771411,227.5716413
575.9503618,318.0299835
521.2902028,701.1525317
411.2509467,963.6104199
750.8986803,674.746951
395.9105716,269.1206643
534.5405471,443.6503506
442.3784959,541.1918949
876.2379386,618.9673797
436.7699058,333.7946207
430.5662079,548.3832227
311.2339811,752.1748666
390.2317071,483.4041116
624.5131257,592.4637232
399.3242661,445.2607856
212.1690981,514.5179536
600.6624461,661.8058038
545.3143739,716.8493266
433.4118646,657.3754725
594.4911663,552.5350598
882.2491497,753.1592802
570.2910321,720.8666074
263.9151086,743.2619486
706.122585,263.3640961
790.3590579,160.2278064
516.336898,496.8552776
334.8192029,297.3486273
784.8905822,661.9580154
460.8059566,574.5239948
764.9385069,484.1474729
481.3460239,289.5808801
562.1524284,461.5351282
467.9488838,624.9364801
775.8201946,575.1515415
962.8199379,586.0908075
682.3321727,570.2549223
745.8446453,510.6324921
952.0467853,902.5933254
311.2108509,711.2586347
454.1947839,633.2819839
433.125269,410.6009026
449.8152244,457.4773133
369.935795,610.0344036
486.0082539,995.8899505
875.4808595,593.7789073
970.5273525,911.5095238
852.4266881,455.8616966
808.6898481,494.7350327
775.0927473,398.8739805
467.3430947,385.0136712
470.9761514,639.9227379
753.5330194,488.4578525
962.0164187,580.015441
404.1820091,464.5749321
225.0100202,644.1974309
403.4331244,461.9581241
430.9911351,886.2478184
731.8881113,446.3390544
451.1651493,371.4762345
904.7652897,425.4527712
486.5989874,606.271192
737.6240972,439.2513392
645.8326982,533.2157943
721.4882475,339.6948132
604.2608375,679.3051108
301.9819077,690.9362347
720.8988024,448.3626652
575.6173561,524.9768909
515.4260122,911.7233723
455.9321692,644.1652126
458.0614045,474.8846665
877.9300074,510.6887174
659.0072852,906.5574314
757.7625772,692.7163277
785.8126286,672.8500195
454.2438606,544.7774044
450.5864003,296.6848089
778.4458,311.3412364
598.4115526,580.5561737
785.5872741,668.6905979
510.0985048,415.8625792
782.7140828,401.9909245
936.6976015,883.1701339
788.8383382,287.399855
662.6272188,467.2661641
274.1032054,674.5559812
707.7224776,268.1071247
487.1630403,573.9733793
520.126428,199.0107558
662.8267766,509.1310184
696.7541417,498.5819033
550.6308106,513.914602
434.0605584,580.813962
648.4832764,542.5530663
480.1425053,490.2248243
683.2770047,618.3840026
554.0325954,367.4988609
380.8598781,781.5632947
434.9334082,363.6310756
981.4868349,589.0461794
643.4276235,468.4686467
283.0477852,600.3623703
961.3433513,563.2314557
249.4219514,435.5343866
350.3531136,270.5234563
417.8147505,547.1334154
417.6457982,567.3139253
710.3476935,208.0144366
776.7464506,487.4167748
493.6922986,438.2181594
647.9459491,175.9446385
514.8768651,605.7923677
582.6148058,756.2277296
532.1724148,477.9407677
602.8931305,491.4075205
603.2548243,639.8888481
498.0839325,296.0394188
478.2031203,532.4281172
589.8634668,598.9402516
781.6544538,568.4904787
724.6075715,513.5160518
727.4783958,494.2444243
826.2752143,397.8093763
397.4248645,426.2195963
468.822243,271.6120048
693.3752922,235.3128742
765.5181097,301.9950009
220.0185296,705.1444892
783.1002401,259.4942632
833.7222045,469.3311238
816.0357038,156.2477585
276.0993972,340.3685144
419.5701726,397.9504933
718.6283591,194.8544055
790.5983744,550.4997066
839.3025561,354.7524653
609.8806781,494.2191009
728.4114081,547.344506
194.9621741,702.041147
136.8737295,697.4465066
566.1656051,333.6257984
842.7941501,599.6883557
399.9182953,288.1871769
345.5405523,475.7392666
939.2410379,877.3268563
232.1069867,424.7561286
435.7098274,580.0903872
480.7387667,523.77819
839.5731223,166.231319
494.840883,744.5256293
427.0963058,517.2249812
595.5125497,559.6374216
514.6920783,392.0474593
387.1036344,596.2980366
605.0459154,530.3248381
602.5733677,251.1343217
762.4675322,266.1750289
680.2767922,617.1327746
352.7766744,262.7695617
856.6066598,364.3510984
650.7383045,540.6746677
842.9093366,577.0006678
415.0975681,453.3202945
532.5894473,506.9420537
512.4777977,346.0307259
551.2278959,284.1654249
626.3339086,527.5136128
793.7231214,363.8039304
702.9866025,166.3355584
829.59871,443.2865469
393.6394992,298.9159165
557.7973174,286.9557145
600.6627007,663.5435241
648.3070885,855.8595989
707.245867,498.5853926
178.4460097,702.0729893
739.9783125,572.7245958
403.5712015,445.358339
533.3296281,469.6943633
566.8785361,640.6775908
468.8471559,607.0377245
653.6278547,580.219553
566.1039446,505.5615763
565.7938443,636.4942248
639.3527264,454.6133519
831.6946282,395.6824036
370.251513,459.34842
522.5022754,562.9809176
949.821389,624.3939714
423.3518078,569.9139138
526.163301,481.5215551
791.0645734,427.1810684
427.5678979,888.8216896
755.6890701,679.0428721
621.1842519,970.1382845
753.2467684,910.9911057
378.2505866,569.7073781
636.3895162,595.5727694
513.1822346,989.0291843
450.8433341,276.4788712
644.4941737,626.5400828
452.6607463,624.1230826
454.4628932,412.8067287
418.4467707,610.691139
687.6603392,616.0444559
485.0964243,588.0542858
789.5931552,258.7598654
924.9698345,861.5804803
300.9915493,674.465093
538.2354741,549.7785764
380.4078957,328.2301088
704.8146211,800.2474918
280.9675667,855.3405957
911.6196439,456.8352245
575.1090014,975.8966913
608.7249928,919.6568495
238.5319045,612.6348309
546.6219333,370.9655889
946.1841377,883.0909671
642.7917832,582.7080101
696.0927442,558.420752
475.0472435,538.190849
864.4435524,783.8663817
444.6526843,542.9657616
603.9052858,623.8279362
956.426929,716.1485052
772.9490707,596.4764909
556.9772146,667.9306051
636.7712691,641.2660869
721.8156355,515.7039719
367.6183723,345.9483415
729.6217728,339.3009015
708.6706354,263.5752493
791.0137589,548.8042963
664.3869554,419.9945045
369.2520914,779.2093731
891.3358812,677.9208516
384.4060618,327.6554444
338.09515,316.274587
772.9393632,469.2408206
519.1320399,548.113901
434.7369814,455.3406459
609.3790497,592.211242
698.800294,571.4902083
842.5009481,723.1461679
671.956248,525.4259832
745.8938719,778.6855434
765.3745198,131.6439168
493.4646221,580.0860622
716.0051357,395.4851866
497.4007681,677.512753
246.44024,626.0973213
791.2713069,440.8082233
649.1009901,412.3097268
578.2746156,336.1570253
507.6853255,809.8287204
463.470347,408.8729606
257.4475708,423.4341749
845.400805,471.9622024
616.6451332,635.6297628
457.4630159,534.4436421
132.2990915,498.1452637
764.6527952,467.8105323
475.3149184,411.3297218
776.5066547,306.122246
807.5636449,643.5633444
885.9168567,536.233994
883.0443546,644.4510404
759.6790867,530.5216999
593.2909585,278.6886462
712.3839586,162.3339898
774.8170877,431.9947809
380.8840719,946.6247464
800.4861084,289.0771921
406.8024611,883.5285261
623.4282093,477.5113991
440.2572454,648.9368657
392.8160706,585.8835196
739.2167691,482.7259809
602.7630832,514.0772606
574.743922,191.409052
958.4723473,909.4817133
587.0055708,514.1623821
574.0246841,379.6258794
423.2469429,576.788846
745.9553526,531.9451141
719.6349116,295.0815822
227.2398658,672.3815377
823.5482795,300.8472601
567.6588352,538.0430669
507.5831123,196.9939772
485.0966041,793.1857895
408.6204276,449.2755174
285.3814319,601.8261515
734.5539099,433.2989957
501.2661753,712.6969044
668.7063374,160.7809919
295.0079776,379.80191
711.61876,191.5629561
574.8007288,653.4524856
488.1443653,827.3261678
475.8200672,521.1473831
552.0399841,390.3479956
553.1654532,258.235597
664.9963848,655.201823
446.7300565,580.2992421
666.9714538,671.5332057
678.5076777,639.2627849
809.8055649,331.6385847
620.2521235,595.1292975
759.7471589,478.2382125
568.0904138,366.8679712
493.1018797,276.4337405
606.1313412,736.2354733
620.0475772,623.7965536
680.4279923,538.4964842
706.3766875,253.0662504
793.1119991,414.7329533
512.9743326,551.2960965
757.4767307,423.2382115
575.0706508,543.8482759
730.0352848,553.9989454
861.0364644,526.1653329
666.6768735,645.5008308
706.499604,201.3063627
981.3125795,605.5041998
729.5192749,508.4557711
422.5969758,437.2351666
609.4880192,595.0728632
725.7394674,542.6568461
731.4189162,432.3157522
575.0906051,917.7486354
809.7032767,772.3905826
585.1763987,831.9786425
968.107402,905.2001253
476.6296536,595.9440948
508.0430344,553.2892232
634.1908904,281.7040252
517.182453,543.8520159
436.6425999,545.1883237
557.0572414,348.3701682
395.9602176,456.8843459
541.841251,314.4662664
868.9193927,534.9177862
565.2362481,400.357172
391.4942046,776.7864808
425.5120081,326.298995
807.2075839,375.3215798
488.6599407,357.3153881
589.6622012,477.9774364
686.4854338,629.3149946
714.9811607,184.4408705
753.4483636,306.6393687
610.8447303,500.3293184
730.6265276,914.0509677
471.5255083,760.6741492
432.9552682,443.5716226
321.4160856,307.8200173
554.6441671,318.4345511
551.8519015,374.5519968
367.5420907,781.0721849
598.6617301,575.7209197
333.0934725,317.6590133
674.0437471,355.3186676
468.6019819,243.0182323
637.220525,568.6870689
482.7610398,720.9431416
458.8554259,980.9354305
668.9243663,659.8282221
649.6840385,573.6481666
492.3350482,377.9686421
786.8462512,250.4071532
632.0363078,430.6310813
860.3485362,411.0168991
425.1781485,271.4709086
781.3892656,427.8546025
766.7516946,475.6947
293.7243423,626.9059759
682.5555946,562.1964999
560.1081636,595.3776627
648.8944514,476.9806536
888.8547346,526.5665365
818.9386167,231.5109671
716.386529,205.6446566
573.5940493,628.7740947
924.3450349,596.4599639
862.6570454,583.0483709
494.017065,558.263087
521.337362,484.2151689
520.5596096,558.8697189
923.4539686,862.2658403
671.7598811,447.0216145
863.0258549,732.4208002
813.7340708,557.2733246
946.6210045,905.1056852
707.0374257,208.8355021
631.8140992,602.8014553
466.840987,664.1454967
660.0085195,565.097903
588.5366122,277.2335987
705.2632028,476.2845333
640.4935508,573.2842166
398.9448352,460.0744184
618.4872036,525.6439687
719.0273698,911.7230589
587.7228612,601.0957444
448.0588885,273.1643549
662.0192126,867.1026196
523.3932369,579.3805814
445.1402758,519.5021598
304.6819821,417.8684511
427.1181477,357.1624242
774.6728985,962.4867698
712.7401695,516.767594
347.0994278,657.871388
443.1215081,415.7603038
773.7560354,442.9663487
747.9633342,264.5193587
311.3047498,652.5241511
669.0575746,481.7070507
489.611574,223.3094846
169.3995613,709.1666383
678.4557097,434.2239454
450.820938,228.1449476
554.9100443,433.5284937
598.176206,289.6608199
725.4635231,302.8175081
413.1067394,424.4773211
690.6529116,396.8553215
489.8751592,499.9171037
825.2058178,293.9385634
859.6475299,719.1204668
699.089631,441.0082401
571.77821,595.6952073
765.9916793,159.2573499
560.1658692,272.7373891
479.1624237,782.7199572
604.7401146,671.1609818
673.1878853,429.7953901
610.5035901,874.9769254
608.1428433,662.3364448
776.102266,667.8125131
355.6796622,984.6509832
723.0345842,530.8919598
391.5754599,238.2569216
452.446927,983.8429973
528.7353355,806.8071568
395.1362647,462.3648019
631.0034043,460.5526577
479.4775874,439.0211308
567.18964,507.8315256
462.229916,611.331807
660.199733,399.0719288
384.7465578,314.4853007
617.4308703,401.5859391
371.59982,865.9917564
480.8420885,447.0063202
455.6998937,650.3112212
544.8672153,458.8057441
763.1265327,434.6141589
335.4531258,567.6104926
549.1916907,284.4014835
751.7920836,535.520114
684.4764635,533.425673
643.2515405,483.1913495
523.4566801,495.3371516
371.6831126,338.8937222
606.2057054,505.7156894
253.9245023,592.4097753
570.7438833,354.8632027
648.4481767,490.8063
580.301398,527.8412492
470.9931994,665.4776048
462.6055867,366.3774464
713.8570397,622.9283307
645.5943255,506.4131886
341.0025421,994.6000898
608.049214,563.0142851
790.6111529,619.593819
396.1037925,568.7632479
781.7319339,850.7967273
523.5688555,557.4743443
553.6710515,198.7329512
401.9879524,418.4045872
732.2286823,519.9713938
391.7193793,486.801848
581.8931561,178.3823863
647.8191076,613.0088934
666.3176815,375.8051679
508.5338767,726.1788261
730.2162515,477.4755662
492.3749568,547.8761081
780.4362092,487.5576829
460.6813772,479.8439046
658.1810253,576.6615398
706.1120236,277.845078
691.6903093,139.6170505
386.4955832,358.104089
613.7545194,594.0072561
696.4681453,194.1752719
879.9812681,592.1875901
677.6631264,442.9959553
592.6848548,811.9228898
627.3130914,892.7512999
717.4346679,191.0147433
592.282803,549.2586539
739.2316749,450.104042
458.471351,391.6891298
717.4649439,204.5190006
552.5208192,754.3897188
494.3975894,559.4121441
585.3164382,638.8731355
425.6527067,567.1223914
475.8041877,354.6333912
253.3292746,457.2739117
472.8652462,810.894808
372.8832755,621.929375
546.5646622,392.4778725
430.8937307,575.5927987
461.5438903,258.6592824
696.7746502,227.8339844
531.6167062,543.4322376
783.0070452,318.6299921
454.0190754,396.9456038
814.4602596,307.9085236
715.494474,539.8446388
441.7880171,635.8507361
260.637289,462.6462003
526.7056469,575.8540971
171.9960742,624.5150721
666.3549834,377.1056218
397.8381068,458.148946
804.4720802,244.7821327
472.6510224,513.9543629
546.2598651,444.5205584
572.5709881,460.8337008
688.7085081,385.2248871
658.9804248,584.348783
443.6371434,363.5215083
621.0877463,968.6689874
511.825179,668.366785
642.2376325,549.3581504
541.3460643,474.0661918
299.5435759,670.2945976
547.3382499,547.0765842
776.8693222,314.6707753
490.0536391,425.681914
649.3242174,474.1040933
412.1750005,234.5764914
454.7475413,533.7223447
514.0027719,435.6994062
604.5580993,305.3750821
481.1772065,297.3647573
408.1913507,441.5426002
446.1677863,437.6749194
780.6666122,686.0515876
452.3958728,414.4089107
643.5890405,567.5321197
591.6794708,530.3916357
588.645327,555.9422194
330.2285656,512.1649094
433.3033595,535.3685082
618.3189255,832.7982454
469.9970585,524.6625639
468.2344756,909.0602217
393.811867,327.7321666
409.7360245,465.3578664
386.1298147,570.0972782
505.2883404,625.6717137
186.5487347,738.5079926
504.6273475,698.9964121
874.6233799,451.1837106
790.3290516,641.4036938
551.4794516,375.0418739
428.7633419,437.7049438
546.5003201,456.6152123
183.9552928,746.9215059
466.2633765,396.9573879
823.7762107,506.4053117
468.8937458,770.3039142
747.3181608,747.6253569
818.4441491,589.7791146
853.1422257,402.019173
795.4916816,345.8378757
666.0630398,559.0547966
655.8564718,244.8196998
864.5687161,614.8827998
545.3261038,853.2297113
255.6010511,428.0630604
216.6707202,796.1821969
541.38434,475.0692427
748.1339642,429.5998655
358.9221275,711.7695937
923.0529206,435.9399779
373.6221231,778.7734021
456.8524479,582.6160772
811.1834137,638.0697044
485.9214408,222.9281928
726.9066878,341.1600987
463.7764773,403.7981796
511.6276286,988.1187976
524.4913813,547.5695118
506.2581153,218.1925398
555.4659927,502.4746985
262.5440011,729.7025734
701.8084912,549.3616188
636.1824681,600.3252002
783.1274,190.8137027
486.3687792,927.976821
228.5102581,771.1564876
799.6132436,278.6188189
790.1052251,650.9293238
332.6041583,419.0652925
608.2094174,596.5504343
933.7445482,613.6954234
604.0919002,536.7658678
397.4341676,430.0482057
793.2363389,257.3613148
878.7127933,511.0984248
502.1268908,983.0711368
485.250261,376.2567257
627.1975303,530.206161
690.3807874,545.3127256
378.1141575,505.0672697
760.7655761,387.4219586
926.8513791,870.03014
650.3367472,126.1333528
812.0623907,382.0903504
875.8050117,688.1058915
458.2682728,355.7164865
901.478961,536.4768641
668.935512,850.5465862
475.3704818,604.1799686
383.2242053,346.2111234
744.7454223,361.262779
646.2268701,523.855748
633.8262904,509.4803636
606.3661486,893.1379614
740.5390696,663.5722949
392.7168236,950.0266198
843.4647457,235.6709947
588.078248,604.0189398
792.6133969,358.213134
513.9178613,547.928677
523.1176971,496.8066576
716.4725182,211.1108629
697.1717284,195.2746226
382.1252369,851.3912617
604.7417775,557.4931279
788.4197328,446.4671127
297.022281,539.9821621
419.4003665,273.4313992
579.1560794,616.6338295
526.3345902,674.3492366
752.2261491,440.5015225
612.0368186,495.8199248
471.5885919,733.6149671
808.5671413,685.7662612
586.9755645,415.3416329
731.1805434,393.2069633
795.871457,321.8347321
518.1388202,580.1602353
216.7349424,518.75556
621.4878356,864.3819691
498.7531048,235.3393885
638.1976254,413.8836812
645.6287062,471.5432807
424.4071524,542.9501748
466.2194831,432.0640858
591.5837891,512.2643851
490.1896787,389.4752596
429.507208,461.7978892
787.4637102,526.9254301
818.4625454,308.8034489
387.7511597,481.5789714
658.3924627,529.1040733
478.6714166,530.0690138
750.829874,368.2756524
809.3257784,544.4451504
726.7048679,310.8394916
627.275385,544.2711256
799.5268499,424.7587194
701.9586427,434.8760423
531.6066242,779.6603877
431.3566339,541.7919035
224.9124809,411.204505
475.7842484,300.3809721
468.6942929,395.8608161
436.4458885,359.8350188
842.9076888,615.7652723
734.3480153,509.720998
549.3087798,457.4152168
744.5619538,812.1980408
837.3327303,401.532409
643.1361593,496.2986655
665.6598795,564.8710794
731.0611324,435.1438806
482.2864666,293.7056388
389.1695013,664.1475234
796.6915299,456.7237558
582.2677931,690.9539318
920.9312655,861.7808106
663.4565947,494.8364305
598.0271332,591.3764283
472.6579135,447.2602014
555.5658989,679.0656046
567.9789875,665.0078276
370.4278657,453.6887992
568.9334072,454.2827695
721.878884,272.549261
583.3552114,976.0883714
485.5096367,675.86847
517.6631534,487.5559905
726.581457,316.3579535
638.7733782,535.2983467
774.096921,514.5768951
772.9066903,671.6938585
282.5316405,810.900324
849.061501,244.6556413
969.8472741,915.6221432
728.5745028,521.7264769
456.9133594,253.8984105
641.9707665,595.9010326
394.4023009,434.2731295
230.2853949,397.9167498
867.4847371,723.4543312
632.8971281,544.5157507
248.0917262,701.7810813
473.9039473,870.8032541
486.7818117,700.0690186
437.6379618,396.317096
596.2068746,226.5388376
561.0524413,451.7448148
663.6609912,477.5656604
959.7113251,462.6790245
627.3928785,711.0988176
397.4611328,293.4034093
440.9672102,354.9630126
628.1196966,431.9782747
459.1093636,613.8892556
670.7658675,320.2545096
482.2483557,405.9339486
500.6214664,596.431005
638.5397693,267.685654
626.1325082,968.213794
607.7833067,592.3073328
764.6358071,355.8773691
609.4659227,495.2875287
499.928999,382.8184174
653.4975526,499.6138504
663.4258843,520.0548229
670.0730706,410.5932555
365.5416444,626.3324607
698.6626964,237.5951717
718.7939257,533.3962962
694.0375885,476.8279196
507.6635736,414.325795
281.5504354,858.0883455
570.3403036,719.252307
573.0307604,372.1394052
583.011105,475.8442164
875.4481267,877.527291
702.6740904,260.7630211
778.361968,285.189098
444.9583204,750.8258554
329.5046837,575.2472562
573.4877163,372.3289332
581.4561244,348.442043
509.3578146,216.7675376
777.7498421,428.6839837
402.5733677,873.288013
693.2092463,411.8057881
690.799977,476.5165595
566.5660389,636.5505964
632.8557365,636.1844108
811.3035289,757.0012616
518.1100723,223.2582529
611.7974123,530.1051602
693.6022047,299.6872337
452.8552406,413.7571689
443.1508104,260.7514668
411.2413441,873.2124191
843.6425515,241.784785
445.8501657,539.2202053
518.6748143,232.909058
616.8250213,590.793093
978.319333,914.316633
860.0689816,576.9250739
550.5907073,394.6073107
771.0317073,360.7636876
783.8726594,536.2553893
791.9901253,909.3431871
452.7674538,399.8326946
452.9599556,796.1921633
734.7197611,345.106027
331.8789731,260.0002495
707.3749556,562.0492192
470.8802151,397.145537
428.2545977,454.7147289
939.337918,871.0214277
815.9101506,475.189048
483.2312836,636.2391945
432.1736358,412.3855506
264.6303916,347.0027704
406.0559434,259.9679267
538.0657129,398.5837858
706.5842749,210.1662939
550.9528355,680.731074
506.3699462,688.8117274
581.4644237,691.4926587
591.0322151,342.5441906
631.378296,972.533179
480.5406471,427.7604757
870.3429926,528.7136509
670.3408653,164.7730956
577.7647179,188.1862388
389.331128,702.364939
872.3946728,680.0621993
859.8660232,665.1827091
355.340095,268.6077203
489.6475726,593.509899
581.0495635,916.3515892
462.6766701,357.1699669
796.546397,607.2786306
837.4722754,746.0013408
508.3092862,208.840057
467.7371917,203.7112027
571.0468228,518.6622272
424.6005381,920.8931802
453.2656666,628.5493396
327.1827369,657.6643926
819.5973326,387.1155295
491.6220573,369.7641091
692.1540066,612.9632821
575.1872006,390.4657324
589.6595646,370.0646253
550.0666678,893.7677019
972.9874063,607.7470079
739.939108,457.4266875
561.5029406,522.5229086
625.6678822,473.4686696
325.5198805,612.4245134
636.1533456,790.9270602
477.1385776,707.0068413
410.5621796,910.5084369
320.6253449,568.0867887
613.5425576,506.2213622
200.5564577,541.1652553
646.6177013,593.1085073
711.5532345,553.0765448
514.191933,942.4629219
782.6290225,670.7099464
910.0231669,588.9150496
772.6826541,957.4323184
731.377929,527.0237357
681.2395411,564.4943216
677.5750849,202.8104689
444.2988854,768.6434384
413.1581831,597.4484936
784.6841633,257.2658091
749.6939183,233.7040689
500.4784457,449.7187594
604.3400553,823.9220588
818.9705855,334.3277272
702.5676226,321.0704352
658.1190052,925.3705435
832.3308281,538.2788539
554.963076,482.9515509
776.483105,653.0516372
512.9743176,403.3791535
480.3980009,652.9051713
662.0504473,392.056381
860.6763436,779.8812565
417.6007813,401.6541366
431.8335142,548.6486372
705.1064149,754.8667463
532.6357226,754.1896812
714.5111116,405.8821945
537.3189256,445.7013115
302.9390688,660.9995938
481.160533,786.7434644
729.6604979,436.8438666
558.9029222,761.9116917
577.3670106,369.8318678
969.6955197,593.5789741
860.1301178,810.9961432
969.3556978,903.0943808
945.9864525,984.0162908
509.0193559,422.6858618
693.4202343,565.5715874
225.6336064,520.4481078
602.6791464,571.4499667
679.8742461,393.9701111
428.1048208,888.6201267
503.8471083,607.7603173
335.1567778,672.74344
549.7206289,863.5850151
435.1004429,262.6261672
550.1179617,453.601066
519.7438961,774.0057397
572.2705803,485.8001761
765.8802829,531.5526441
177.4702875,702.0283809
645.5904605,476.9842056
772.8081623,595.5880846
657.320939,475.5552754
547.1571484,443.320583
550.3009208,692.8738255
711.3855407,403.1297854
569.6986957,510.963764
376.4300884,295.9057191
538.2341408,334.9246435
572.4676662,575.3017056
283.5195271,641.2183862
567.5353344,626.3169365
620.9795558,466.6842913
779.5227917,476.0957574
405.0888501,853.8127123
517.6134175,546.6850962
457.7746142,634.2345553
721.4463016,525.6402914
552.15953,367.649213
670.6636692,390.3570008
217.2242716,801.7332323
442.0525162,629.3324619
884.2319936,583.9652764
436.4577532,579.026974
868.3700659,499.7069742
652.2146065,253.321803
594.2755492,217.8916893
763.1106831,364.5640903
396.4093536,741.0814041
770.0649735,635.5190463
550.5304849,552.1579468
552.4531515,756.8546077
452.8406345,308.4260642
546.0883961,566.3912112
715.2468731,351.6149617
194.3288056,370.8621225
172.9507485,517.0121565
701.8279062,544.6396721
714.1646832,165.8318495
617.341091,633.8380736
719.595093,589.8754353
548.6509777,550.8676891
575.1275175,595.3403462
670.6034169,363.184198
659.1599684,912.7103976
781.3940894,609.926863
665.6166302,501.287155
446.5984361,762.6119281
714.3061907,430.3789344
643.1357698,640.0864203
736.4045193,180.8965846
561.3027836,325.2116165
733.134984,407.6470977
661.5613878,624.9199113
658.6855,624.2181705
522.1001488,483.4432458
656.8954874,416.2265082
774.7393678,511.5421892
276.1466013,343.3046431
500.5865764,622.5748277
577.577759,594.0692064
283.2943823,668.4795491
420.7133789,436.4530263
520.2352178,223.9338554
865.1152266,507.9531069
924.8012568,457.4842292
373.6225875,579.2925766
619.4224929,439.6976945
798.7135633,328.2680102
534.7321052,306.524766
672.4631945,397.1681859
436.3173242,567.936938
792.957728,314.2610261
909.5747349,476.9056029
774.9542059,417.6665748
628.2091912,466.744194
694.4999225,552.3492717
849.0487824,634.1933108
877.7312136,511.6962396
650.4514843,878.938148
482.0762575,438.5514789
587.186912,392.7575576
954.4140038,868.7787866
438.3627575,331.5331543
779.6383677,448.8129276
554.5644099,278.0174105
548.3196498,835.5078639
752.9386606,519.4373889
387.351415,482.0374869
610.4811191,534.9261019
162.3245864,696.949045
512.0444513,703.5781402
458.1926203,558.1300559
615.7444942,635.0579191
726.6505779,474.9261199
464.1584999,947.594973
834.7147051,618.2821451
464.5298112,516.368438
743.2062913,495.9890187
749.7559234,18.81352996
339.0426935,408.2361789
710.6290908,489.1236977
784.8510332,474.2009154
489.0278215,610.4947995
911.0903912,457.7729194
594.1571868,575.8002119
657.7874377,391.8342167
648.3249305,858.1647961
872.3407873,436.5057624
809.6906031,395.3770191
780.2169818,539.8832715
99.07590872,623.3035424
958.9341719,900.859366
641.6461949,570.7868587
505.3966508,678.1889615
710.9755043,540.4428087
404.7476949,272.1390938
458.8645941,383.83156
520.473995,607.7276185
775.5635304,294.6641023
384.8796463,447.9080778
580.81573,482.9121033
258.1326077,428.7714245
412.0424664,981.7487861
457.4553607,477.1107805
383.4838655,347.8708261
751.0732652,466.6978514
535.6063183,464.1038595
339.728869,626.6090534
764.6794009,303.6959481
763.9209586,314.6072163
705.0515407,573.9165689
866.0231912,416.2406324
410.8965635,431.1819476
937.7071801,877.5484982
787.177654,288.4010881
518.8443957,424.2039251
219.1701283,513.9080831
810.2155264,445.7500986
571.5301148,667.6244476
497.1762375,669.6990603
367.1145268,493.3298588
501.2932454,564.8295216
505.7521725,210.6247676
685.5060113,527.6457873
634.7453706,533.7754778
637.3380185,572.5835833
468.6897088,342.4641463
808.4767029,381.594226
733.6893594,435.0088854
420.1712278,811.8492598
516.9302981,367.8021351
509.0468005,331.0487514
745.4580087,440.8036684
513.6925967,532.1675918
793.4877747,459.0988012
636.5954557,563.7095905
539.2039756,310.6928377
691.6561683,619.4663457
804.7886521,629.5739321
461.3300859,499.5404921
628.5280702,563.6496043
493.2549973,626.2433484
278.0127757,597.2807996
442.9189393,560.424242
762.1043254,304.3646138
917.3305371,850.2921618
648.3729586,535.1819889
674.2914078,309.8635191
691.1495064,572.5941138
183.5310847,383.1157159
440.0631256,766.0467093
214.9074781,368.0561625
427.3545429,358.6282529
560.644667,450.2002163
729.0389042,482.8864456
867.187715,430.1814666
666.2869561,516.3132782
800.5168487,369.4621094
541.6071328,369.9037218
607.8100473,646.9054615
581.2996661,726.1148074
370.1806544,570.5790276
473.2229252,737.7556887
581.5820072,395.0317274
767.1614464,945.8254105
566.0946116,685.0683232
578.1454522,723.9946879
722.830682,208.9245099
713.650501,532.484447
439.3694448,498.8496161
496.2165447,709.2338956
362.3323464,454.6389469
699.9431558,545.1002352
527.5526401,528.8772288
459.0274642,649.1034524
775.0746057,306.093517
764.9397203,475.5607496
385.1990046,797.4032124
779.7477567,234.4855823
472.8613513,217.6953916
673.6710725,437.7291807
893.3541994,462.5170345
822.0385257,505.8077059
646.0378438,567.9634105
484.6579246,491.9810983
773.9328825,924.6723547
571.4499082,522.5284664
697.7493238,196.3566104
738.0240367,567.8449424
471.2784917,769.3707532
760.8626809,567.5255382
939.3841783,865.4594857
927.558153,436.8636531
618.8861244,548.4776002
689.658059,785.9531755
614.2811355,521.72608
299.7749376,415.4166
473.5347033,421.8255576
787.4381232,679.9269117
205.9518127,360.5950116
797.7713978,357.0869557
791.82748,671.2553594
494.097706,861.6270736
563.5483889,213.1358319
705.047406,537.3317358
539.4337195,506.9003078
512.5747527,405.9140158
468.2767961,436.1217753
420.7845671,437.4428932
549.8970415,333.0125014
679.8606886,382.2529463
557.6346421,441.566273
492.8850492,210.0209981
692.1310861,441.7329641
757.2673156,326.3436869
421.2285947,546.2892622
586.2780336,695.7589942
524.1203396,487.7175418
650.0122505,490.3521723
492.1073417,589.8619378
569.2854084,350.5181392
607.7951265,494.2592798
576.2044792,583.9594888
692.0079149,526.3489062
751.6409285,537.0770399
498.8507789,585.5357206
458.7333783,913.6368308
620.9076784,602.4021112
388.9488508,324.7769201
577.7535573,472.3315429
291.2239455,674.6583402
601.0251735,835.5803238
677.0447685,526.20664
627.3253905,716.9649949
806.4649911,602.516714
445.59858,506.5374444
654.6952587,387.9801795
732.3552242,583.4087688
527.5285961,327.0592385
572.5148404,727.6110993
254.6171794,661.334752
355.3638394,506.3423167
461.200488,396.0759601
577.1947327,395.6343686
384.9734254,597.6242317
435.9140441,579.4390424
758.1411242,303.2675615
608.679122,247.1056538
765.0581127,130.0070928
373.2974766,441.6974027
712.5623337,384.0450951
410.3286007,358.7828256
577.1449968,730.4082004
704.0349212,903.3463606
834.9459471,812.6320269
545.9701086,768.2401871
504.6567246,618.9823397
635.6217709,602.8983819
867.5503076,455.016436
701.0447607,465.7672604
627.8770094,595.5257373
489.9773724,744.5181702
773.0079747,350.9783262
424.4195414,261.7294869
430.1946119,561.7165265
843.4265,369.6496317
782.628663,399.1801798
440.5182539,482.3686543
479.470921,380.732522
519.988396,605.6913668
724.7272372,397.034319
517.0570047,432.5883124
285.0249215,621.3551076
448.8541833,357.9632854
715.9466361,951.5079517
177.7394455,690.6615015
480.3892073,430.3850563
868.1825376,431.9517605
497.3283664,447.5542196
583.7895315,237.0444308
443.6903249,565.7252826
843.2166355,424.0167162
556.6537815,360.5858183
955.5740783,878.234297
509.0233857,672.4100787
500.1611697,420.1361857
780.9860155,203.932761
583.1405231,531.1831573
682.1758641,631.5271097
584.3536743,523.1514164
417.0877826,442.5159401
493.8668985,787.9959042
493.5921976,475.0824059
599.9241977,632.3588102
417.7121777,947.2477173
639.3380603,451.1288642
381.2624541,329.0382201
585.6143891,784.9795431
465.4076646,695.2131006
845.8331327,567.3683329
456.1665571,530.7844191
152.6563945,439.2216908
274.2945687,630.7029311
597.8427509,286.1461197
134.2901,668.4378032
654.1596092,761.5107179
947.5195912,503.6646449
381.4613078,789.5965818
709.8344252,398.0168731
402.9010254,417.7779181
371.9875202,439.9633179
451.2547787,916.39789
670.7979262,889.0692608
671.7015613,350.2803463
944.9090114,470.6248499
953.6300194,874.5649405
945.6986735,955.9271048
602.0013751,178.7514761
529.7165107,737.2918035
408.1424388,982.5126025
517.9987208,493.6640768
376.6179912,408.027909
794.3141695,254.0467359
465.9095027,436.8150958
777.6080349,307.6664893
501.1119491,203.4738903
666.5224226,355.5778558
321.9858761,311.5776294
452.3230367,538.340449
328.7059883,591.7951619
565.1133016,470.3207191
173.0812004,550.1639216
584.6419327,690.7371163
493.2401065,413.3730146
843.5331775,964.2003995
871.2752109,811.5584593
689.6318279,913.6236259
479.8769276,402.5035132
490.21976,560.3597218
535.8458745,482.3041341
423.624681,479.0525919
226.5530012,772.1873064
810.990792,421.64796
558.3740739,444.8506812
445.8194253,437.6097097
642.7370437,469.2674812
488.3701992,503.4690367
825.3170195,381.182847
615.1481279,551.5627856
509.6329649,506.2568818
873.4408193,728.7266845
485.0962745,356.0205964
501.4698527,459.2287609
644.6036226,613.1347161
604.4444558,511.1247511
838.8183203,366.1223116
550.4738729,554.7601082
671.6114824,397.7178403
415.0552027,828.6784385
631.7032272,466.8030937
853.1511991,403.2395199
564.0421074,395.5121187
404.7531928,318.696748
373.7397514,828.5825984
464.3149133,622.2433259
450.7851192,801.1861896
957.8822729,871.4965119
400.451518,946.5590352
627.1281548,888.1267185
768.3996302,356.1010586
379.2603749,458.6666537
933.5640759,869.1437812
684.6282478,726.5381585
600.9584495,410.5638787
561.9333058,413.7365258
165.9574484,756.1573801
576.5882845,370.0125369
511.1162179,480.1223569
539.4949156,621.142847
483.227149,521.8922278
736.9564978,292.5612202
549.0022,847.9155494
599.1680624,280.8881205
698.4615357,108.8460556
873.1795111,600.6786196
613.9825405,521.7908091
651.0576179,575.8462619
654.9639823,386.6663535
573.2986001,503.7208493
755.4138898,384.9157208
415.0811343,432.7222419
558.6492992,484.994008
908.7223038,586.251711
474.2125495,283.5614046
745.8198972,444.0678723
490.8513308,299.1263593
284.3296677,678.2922607
474.1335713,639.3001222
833.2209956,578.8749503
705.6542438,462.4547708
884.3742952,859.9307858
200.495681,765.1104352
586.6227243,508.0184211
466.2904466,833.7346658
496.5017021,650.3998946
760.8525091,274.3894238
737.3368725,868.3516328
283.3776749,678.8068761
556.8368156,449.148441
811.7954048,290.487088
478.6503238,719.9151225
782.6506246,136.2150935
480.3919787,592.8000724
489.2881409,515.6529073
563.7564856,367.2680257
168.1715493,554.3973702
841.2497909,356.400154
565.4024888,391.3992277
484.7928556,807.8132999
458.4147091,409.5894106
727.7527072,305.8167153
808.7508795,816.9153282
685.3051053,384.8738704
529.1963962,514.5637111
249.078594,702.2307587
615.4146943,911.1050398
434.3855494,639.4451255
665.3741828,468.8206245
541.3848793,316.3324421
736.317916,356.3999451
414.5829365,437.0040388
755.7740855,364.873758
499.6555415,623.2101469
907.1704093,862.4178222
585.8087785,409.4167439
716.3925663,192.930709
564.8147364,739.0082748
533.5926291,483.2841182
750.7492479,302.4653632
614.4141191,742.3118845
624.2309645,662.290353
735.7938465,906.7372021
484.9367452,509.4870496
290.0471824,740.5777997
870.6960874,616.9341577
633.6947599,605.551587
345.7863405,510.3649254
553.1200618,672.135241
694.7047535,472.2338642
684.8407489,476.1166095
464.9718015,515.0357658
471.3766601,734.4782172
568.4971096,507.4092192
258.4537188,684.7162619
329.6221623,336.902664
486.6422966,391.8717838
404.8580127,808.4528815
851.1627224,147.7645642
496.8518157,572.5452431
714.0552193,397.5896148
935.2509763,888.8337036
648.4381096,354.5583405
551.3440711,473.1041764
956.7195468,903.1339955
723.234846,215.0415178
421.6949736,364.0407412
540.1547101,426.0044732
628.2322016,525.2069739
281.9612808,629.1361433
581.0074828,465.9890068
556.5476284,439.1520934
916.7414515,859.0940708
880.3225582,582.8651736
450.0658963,355.5805302
803.9453442,329.8955573
640.8516492,590.3284557
449.6554105,645.1707289
540.0351342,455.2245805
702.5762815,767.7824865
427.4268248,297.5252221
444.4724367,732.8674688
435.8329087,595.6298096
462.8571874,835.2345933
687.7945213,539.5370396
494.4634895,354.2000111
604.7423168,573.4229309
864.6701054,508.0043595
699.3424002,268.8571929
734.9667328,524.0686354
782.7986788,623.5345866
983.6514845,590.5484888
782.2371127,463.7353965
482.0041405,697.1788355
281.0693605,859.7623396
419.1890489,363.2985918
641.4512662,470.8565627
466.5822854,603.0563394
586.0108531,334.7690888
422.0062123,249.6708749
652.1880008,852.1685128
718.1634485,527.776729
642.3273668,473.9512757
594.1866688,620.2196524
452.4884385,382.2265574
618.0516551,641.4397356
574.4921865,412.3303908
545.5379457,483.50225
581.2346949,315.0869808
712.4266237,463.9018787
565.6565762,195.3325821
615.3459779,556.2601611
197.8425261,723.181165
517.9845491,560.8587505
567.6324542,421.4053406
393.0719558,994.4780279
682.0857253,436.8963729
789.81054,671.2656182
572.5160838,397.0615646
657.8471207,876.8807309
603.1324321,823.9504535
720.7165923,523.8381553
592.8553949,549.4951723
396.8539805,445.3596344
917.6291921,515.2125486
297.4431934,408.2855928
866.3948171,810.3690562
648.6820552,584.3946032
694.0008259,190.6156499
728.7838879,662.5195376
561.9339949,506.3335622
895.9366305,613.6774547
518.6374674,425.9564383
488.9018788,694.6087043
571.2393247,366.0870428
767.8056609,469.3868268
604.336445,510.0025635
796.7349739,249.6831814
223.8471442,697.7764413
521.7433687,236.2312214
564.8621503,323.8437382
474.6681422,413.6539951
591.1729887,703.9397082
870.8652644,440.4513564
459.6696414,582.7280682
600.6961226,345.6060794
372.7545315,591.3600267
774.4209533,455.477417
482.738389,582.9224019
893.2243019,425.9558115
767.9098216,496.8059263
608.0331397,746.593556
570.1387684,979.6927898
456.1392024,787.2325057
629.8308208,602.2320144
578.5614509,460.7637065
769.4917824,463.6322436
681.3644951,880.5445087
440.7135572,494.8566558
500.2681319,455.5967417
412.5771721,351.8321532
748.386209,365.1207442
806.8121237,170.4053872
724.4967294,168.5133867
627.4226901,595.9704629
656.9731174,545.7708232
728.0593769,528.1789147
227.2223533,770.152183
757.5506754,276.6197375
948.3696104,552.8061784
607.0266921,745.7687923
691.7155967,450.3805302
519.400344,507.0613993
646.2235743,590.9518654
711.456699,436.5598566
597.7158944,546.0041657
612.835574,526.8001088
683.6080779,849.5544836
778.4146701,576.8918945
539.7387563,544.1527619
646.7623548,498.7168149
719.8842952,477.2036745
966.5259955,469.7714616
405.2888872,571.0742954
201.0735461,443.3927295
800.010876,283.528664
574.7688648,356.4195226
661.0908743,494.8880801
568.0758376,640.0427313
449.6732225,930.9668559
206.8764358,675.9374615
421.8142198,414.6762057
576.5626675,527.1690942
858.4536139,415.1342406
699.5060792,574.4498843
591.4424014,568.5470175
500.6006882,474.2603792
581.3756032,992.6220484
546.7335095,798.711021
547.9262869,664.9535454
562.3161523,694.6054867
606.0126492,881.0390243
545.0386992,533.6201947
530.0892003,467.3230998
577.8240115,418.5671414
904.7799258,956.3389225
417.5825947,347.3571718
769.7318329,153.7402879
630.6472684,650.8176671
599.6211234,346.4310729
417.3315334,865.2034734
204.3545866,661.7722691
873.2149105,526.721339
598.9861369,315.054658
401.9916826,296.1114608
552.1489985,754.561508
552.0737355,503.1736604
467.5728086,536.1911408
594.1761823,277.3622003
743.5213203,292.8536296
564.5049358,488.3363339
582.860549,587.1460094
455.5397801,386.776485
642.7684732,564.0960013
306.5278276,641.8888489
722.2159645,296.7188032
416.8994304,872.4924172
833.1279955,417.4873683
496.7894511,301.6667168
570.1937625,627.3590798
545.8857973,431.5037546
503.7742872,493.1263737
656.9379427,876.3750789
273.3842822,364.6605154
722.383104,349.6530504
776.6388443,565.6742389
558.4225065,529.3125312
838.7220843,204.019178
396.0398699,914.350084
825.8111275,355.6363795
410.1990776,875.674947
785.5200408,605.5310066
513.3227085,199.8268067
782.1121887,299.1650965
167.0793672,445.2725906
335.8871613,521.6230733
747.563185,346.7179246
919.1189917,603.8838193
551.4827174,415.8329308
537.8263815,538.5295801
773.4931543,594.6476525
441.9444305,343.785912
877.4713586,446.3336846
821.2254788,586.1222527
818.7361377,196.9862674
830.435756,252.2584525
631.5657494,438.2475361
967.9082487,516.9450455
709.4057528,606.3552688
715.2604906,412.9728975
366.8888278,412.4120231
693.3424995,575.3912148
626.8099949,244.9621331
712.387569,276.8389975
771.1592229,258.3517668
401.5774815,886.7735076
512.7934108,433.9051262
516.7740795,500.0319989
597.5285759,394.014406
442.7305571,437.3559957
388.6358742,235.0171218
826.5695998,278.6431812
539.3283453,448.0130694
555.0821575,478.3551971
454.2557253,511.4417525
737.6436021,358.1465035
418.8066968,348.179282
623.9653419,960.0561677
250.2067747,371.1175289
486.8678758,398.5739866
422.7182744,505.6768477
615.5078892,550.4880688
384.7395169,664.4017598
688.6657232,534.6073454
741.4521576,249.8960061
568.3305393,402.2639862
451.2730552,325.7164746
101.1286676,626.0744843
439.9600585,569.0004766
638.2740119,459.2746438
478.6058911,786.7629792
588.0714768,689.461944
748.4860553,661.4630402
505.6162527,551.6682786
436.1588435,585.648422
569.9788196,360.8098422
958.9380969,925.3648604
858.5964997,482.2129952
669.5069953,687.5789487
696.716615,555.3623943
437.1217273,579.971146
928.6829181,853.0317839
822.6024737,294.7602349
494.2805902,510.9468818
467.0449341,439.718839
767.7940958,599.8910261
705.9715647,558.0393139
467.9832495,912.7084963
798.6198741,447.7605045
471.0583205,676.4356126
437.2816012,579.9321372
472.1910254,353.1750634
638.9561726,507.6057258
573.3918849,371.3087285
618.4871587,691.6812048
890.6339311,537.6982975
466.1611783,741.1897178
564.762319,533.9262269
832.0773998,326.6098119
458.6286483,428.84986
418.0202106,438.9538108
894.7414711,851.6882677
455.0039807,774.5291723
440.4717389,650.5626368
652.8307172,563.9686742
639.8499205,495.7348659
639.6595159,857.7612732
658.1287727,128.6876464
828.4611065,379.8624395
783.1501857,456.8053672
637.9338454,891.3461469
467.0006961,502.7427875
395.2111831,415.5088046
706.7441188,491.9128381
434.1142342,637.8981868
481.563124,675.6160514
608.8432504,649.8903982
500.8923322,207.3251904
342.1664068,573.1079979
676.6172646,225.3634751
493.9499215,769.4996264
786.7561124,851.7599963
278.3862892,719.5136264
453.4201474,613.9631363
481.7367802,341.4536781
486.6288289,621.0616953
712.790969,604.8981111
781.8694117,673.9156475
608.7035105,622.0885025
700.1900225,512.0691112
580.5376434,525.0952754
665.145173,509.5044959
477.3938785,375.7531213
624.6095714,470.4032289
677.8117199,427.5138865
650.6037929,404.3336262
482.4248282,519.554478
817.1166953,379.9665535
686.8665275,559.8137865
271.7804197,636.4074318
478.7826932,525.4016001
785.2613842,474.7706697
645.3388748,867.6964436
213.1257349,711.2041435
797.8199952,276.461383
487.423929,375.4771972
243.0465148,515.9874596
507.9773741,360.8918714
676.0120448,432.8538314
542.3662792,463.4245378
301.2469401,316.4910055
589.0449818,560.9870596
241.2670936,701.2769964
627.1462664,961.4257384
503.7326408,191.9349292
903.8533702,898.4624866
743.2962204,614.6653576
380.1479358,299.1372868
808.7364531,435.7683976
457.7196351,693.898418
452.4850378,585.2424546
669.0849144,168.7254175
853.1494913,567.7000436
715.2087173,514.4923586
260.2180544,671.4044787
629.0257287,910.7046928
868.5975326,436.341495
712.4407205,551.8700296
331.9064477,616.1665387
675.0821035,422.1458185
479.0860072,357.6652973
458.6024471,500.9519132
514.3513425,398.9052585
297.6011498,676.5526808
498.797208,462.7455505
505.014853,421.0366478
551.9678371,659.84477
508.8733091,447.0688764
648.3567046,919.4944834
521.221037,355.5199589
456.7068356,411.6754314
664.8826214,500.3664676
499.219229,622.8307773
798.7398994,619.3366367
662.1081829,303.2336717
584.9219068,521.2154134
587.5588676,798.9785249
537.5395612,469.3334013
519.1047001,451.7325293
430.984993,350.7106133
957.613774,873.4098242
481.5455367,485.6783232
597.6924796,551.3508384
871.5367288,790.5024554
611.6501071,395.8952074
505.2730601,751.2462605
614.8212793,644.1528852
561.3000871,187.2884302
546.843288,308.7019466
771.7722477,662.9572219
224.7825384,773.8585843
496.525012,577.4425727
296.1600974,301.9236066
761.7668254,527.2112371
465.5542357,283.871532
623.6400362,598.9609574
422.7013313,355.8373783
427.9044241,462.5201268
458.6561678,605.9307267
927.3900846,972.243841
560.0483457,486.1608457
792.3222322,620.5812204
686.664468,400.7662108
514.0824991,578.4797223
538.6509485,306.9321751
651.6591225,868.01777
640.3047791,561.2265449
740.5517732,581.1642264
568.9441783,351.6453622
485.1566767,378.0163428
555.6584346,418.7665731
478.6371858,269.6863861
595.8876511,572.3599982
508.8345391,307.3555262
659.8254555,363.611122
877.426806,431.6498235
417.6679547,455.3897255
760.785066,366.6775029
416.9243882,433.9931311
442.4650993,648.8319786
103.1060436,599.1616428
414.1329316,717.7100068
535.5422159,358.247776
466.2659832,690.6103325
756.4550028,647.1661122
808.2172673,200.1172312
610.108055,487.9264593
559.3752334,204.341173
686.5518881,466.2075564
500.7464353,552.7698858
459.5796374,268.8236791
542.5886226,552.2906645
498.5806322,792.8289644
295.5914305,694.5500344
349.3133489,654.241897
599.006226,660.934405
386.9228774,658.4971378
592.3682529,687.9854803
677.4887212,555.981458
312.2895953,323.5782192
521.5350922,396.8158321
560.3226421,398.4551215
889.4506963,436.747546
646.5930131,503.7939151
597.8437995,569.5558142
695.6669481,201.8585871
961.7753944,671.7815291
690.9173357,566.09642
524.7518056,431.6027914
599.9971387,325.6499485
526.4838129,334.5773042
662.3119502,625.3211776
608.2673777,546.0806999
268.2918667,818.918275
523.3846379,750.5546742
671.8315637,301.2456222
433.8266349,656.833904
223.7934385,649.6445403
718.3789756,297.5173451
764.6303541,309.679904
486.3294249,247.5599278
615.4050318,639.996138
633.6020594,513.3962883
438.3059058,783.3696514
457.2466648,400.3370721
715.5396557,953.1512528
516.4605786,547.3116817
425.8928921,583.2052419
450.4258223,618.7479734
691.2336829,490.7563428
459.8546978,357.5555002
579.9745044,599.0449924
520.2843694,473.7922944
697.4722709,555.1166199
740.6094489,433.678031
578.394611,614.4252455
498.4268704,342.1882431
640.7412565,476.5794082
291.7081513,858.4349117
600.2364852,570.5358818
428.6999736,582.5757521
981.9767483,905.3649987
756.1231655,324.1038666
297.2874692,573.6626042
430.5308684,531.6687512
940.0556428,600.5646855
468.2212327,298.2766484
615.8952748,745.0407462
293.9427607,334.7827116
699.2473477,471.4209473
626.9721758,596.9188346
474.3763933,771.9373115
578.866203,218.9727996
500.1259651,471.7920429
368.4103265,589.1475772
513.5202439,390.4134769
654.8547431,567.1780108
483.4482639,581.3125101
745.0379502,680.4996747
919.4642067,867.7977161
695.6202983,444.3977653
625.1882305,429.9687673
947.0541861,639.5816041
625.6426996,536.2136225
492.5585002,222.4918875
422.168618,796.4645982
447.3071875,527.084098
586.5013807,475.6291351
685.4913452,718.2780478
466.4230857,619.9728961
544.7278799,957.1065415
853.915409,601.6661464
373.7341037,775.5591554
738.3605928,583.735277
626.117213,752.2614716
742.6231081,287.1372403
956.3404155,960.1923747
401.7160379,418.3950387
715.1361509,456.2605601
383.6761876,437.2619943
419.8464614,416.250745
832.8564106,388.991964
706.4559054,575.7098251
348.9648082,570.7284186
449.0141621,693.7537281
548.8431201,282.2397226
867.3650414,595.4951488
448.5243684,722.0678782
695.2355193,793.0677184
671.2491145,644.6760462
660.1175789,485.776378
559.8553944,205.4211342
680.0201281,432.2896557
830.3433851,351.9746284
617.737555,529.564511
398.6358735,435.0067125
872.1762844,551.117872
641.7463408,607.7961294
278.3607771,361.1181518
706.0865565,288.9403583
671.4118797,530.213641
488.9328589,672.5510495
595.184173,191.7670471
860.549607,771.6221696
423.7645857,270.1325742
437.3240565,417.4536874
462.0714203,486.1138764
656.5151727,416.2123631
603.9524001,546.5880442
442.0850392,566.7482244
520.5503965,452.2727815
680.7428864,434.8836059
600.1574321,680.6075078
848.6966014,531.0575435
713.4088625,409.2544823
463.426109,410.7740708
334.1068262,271.7091194
493.2093512,296.146061
458.567572,898.2413252
544.1765157,784.2087274
442.3377934,566.6519038
502.5888503,508.1641139
687.9954872,552.1895174
572.9020613,483.7664736
783.1166739,541.7480055
480.3789605,657.7192808
646.3183871,873.781463
540.7727683,466.03326
220.7147122,391.376537
658.8281611,315.9996867
862.3160699,734.0254894
583.7078119,587.7564231
534.2747747,369.9179505
745.6083249,346.7087522
739.5000839,583.7553768
703.5427756,858.6278455
417.3398476,383.7013078
537.4005254,549.9816646
531.1206057,547.9142185
367.4645357,603.0248314
842.556886,357.8213326
431.1206432,815.6496207
785.1028136,544.1939855
701.0303044,512.3943657
629.3672434,906.8562552
750.9241924,498.9601446
471.6812475,710.8627172
657.0049963,301.5889499
569.3862884,375.3899027
470.5397939,383.4263238
466.9438743,906.8945327
628.1328496,467.4374518
463.384193,531.1932282
328.7891461,545.1764768
609.7098982,706.9131742
626.6565627,772.7656272
661.5546914,298.3960358
445.1927382,437.3162556
464.4211413,503.7815251
456.4162852,577.958003
807.5289646,166.5312711
858.8883685,664.4353153
414.0703123,867.0489433
373.0552238,942.3168322
788.8923436,290.8766956
669.8875197,305.2863041
581.4245751,605.3964293
703.7095706,516.1669795
495.4661919,689.5901904
448.526256,382.4518766
546.8854586,334.7310411
824.8978748,227.9163689
823.8657053,419.0942304
489.5320265,604.5485779
674.1108156,254.3728888
482.9068019,388.1284214
643.2833895,573.8107416
352.0766568,292.8927219
418.8068166,385.3202675
825.1687855,544.0804065
410.2875086,428.5323362
360.3276606,256.4352996
440.2899632,568.9481166
579.7712913,891.4327101
636.1877862,641.2781844
423.7920153,374.5224111
788.5011828,290.8497843
174.2346385,734.8017167
769.813987,927.4276263
712.7758984,426.5256911
639.2120427,871.4560406
377.3773623,962.4534023
496.6244688,382.0629586
550.2947188,559.0972738
646.2062117,533.3740234
732.6320374,428.4440597
857.1901876,524.290131
417.2107141,769.750854
519.2236318,575.5305559
545.2754241,775.19017
592.9308377,407.1126331
495.0671963,585.2511464
467.9175592,347.9632396
792.8190817,411.5293207
543.9480602,568.9751115
551.6287492,366.7993767
582.5941774,595.025476
345.4945167,277.9762078
491.2594647,983.4667409
614.4952995,856.00759
362.2139091,531.3408641
615.1856695,741.4360353
214.8605287,519.3166224
326.7441922,665.6701834
429.2642362,493.347138
826.1848208,306.8350605
461.3258014,387.0873854
603.7713285,641.6880172
892.5646123,530.6214263
749.0185889,556.4265597
390.9754084,297.503785
616.0708035,557.0523722
578.2765781,310.8782497
564.6112687,968.1863604
458.4298545,535.7210919
577.6163192,990.0137651
213.1330905,652.9117947
824.1311481,312.1625108
501.5695043,434.8100805
424.128167,555.5470123
528.7674092,514.3884535
432.3772683,410.5110382
536.3239532,753.6951447
570.1795308,476.0750725
402.4972509,753.5490131
624.5764941,481.456826
871.4790681,354.7339533
589.5647518,297.5115784
249.3286217,738.185099
478.845657,328.0386376
818.4193411,613.9973395
473.7826187,493.1289436
557.2450394,558.3322038
552.9120998,399.7914919
897.5000751,844.0646254
625.9181496,563.2017029
566.791693,507.1080971
443.1950184,562.7193893
530.4224007,604.3063973
574.6307429,172.2989339
763.8437781,555.3753276
963.7548677,926.2971438
918.2128697,662.9472764
481.3954152,871.8904654
638.3675214,869.9968352
482.6095251,241.4352727
610.4235183,563.3840017
621.184926,547.7649528
807.8465252,436.991795
855.092232,673.822837
612.1527092,247.794315
564.7872918,504.4312192
443.3988007,776.9396536
518.088515,494.2751173
777.1598127,481.3331971
533.0746118,413.7117457
385.893015,859.1208567
423.2373253,399.8677545
227.6744705,775.5999402
781.4421175,691.168428
267.2215264,428.4879994
501.9264492,694.3147279
231.2636938,567.4116667
629.472318,449.6061625
278.8911684,670.7352906
752.1490435,301.7566857
464.1047941,772.2659717
430.2499805,393.617402
587.3295581,365.6995455
646.7202141,352.354959
601.9411227,504.0425519
92.1268316,619.6624971
563.4864437,363.4871588
233.0583653,551.3456149
449.5526429,410.2467937
837.7005811,385.1506512
743.3827189,535.110114
952.6544769,569.0450432
767.8730441,370.9420833
843.7784413,524.8817612
354.3868588,505.7954203
410.0892093,420.3483627
477.1145036,357.903132
653.6558386,495.5980321
686.2193168,403.2263986
670.6305769,504.5758047
841.6250871,720.9051565
772.5067509,439.1136488
629.3091333,396.6344944
727.5233978,542.5150813
632.2350117,444.5700768
811.6435156,581.5590993
635.7076102,601.5872721
587.9949554,278.3680719
828.7520315,729.4906471
734.7668904,403.9870599
365.7078551,595.5175261
633.9122046,427.9588628
229.8068517,721.4853787
458.9289961,408.1793267
900.1784724,555.6396974
821.8272381,391.957762
512.3609183,381.5545486
444.1041365,599.1980607
594.2427865,683.8255781
718.4301347,619.6416659
350.3578475,657.7693006
650.8825686,609.7064747
593.7252187,546.4541356
776.5419642,502.8539845
788.2650572,325.2815482
560.4112379,263.230856
573.7809034,351.2944919
433.8155792,935.4635042
469.3968273,306.879439
288.9100583,637.2617603
774.1584617,466.4329801
726.2649001,407.9031101
716.3164494,162.3172956
635.6441221,508.4824525
445.0044908,603.5395305
222.8054021,521.3130086
235.3239698,519.0699079
502.6977149,543.4129317
461.7740237,892.9103856
509.1849674,299.0862849
896.2865944,564.3925686
488.8483978,377.2574574
500.0885583,440.0651127
690.2924612,555.9763599
760.8764782,869.3112454
572.7002414,542.9276721
942.981596,726.5113308
504.3703238,545.3806306
579.0421213,506.3501728
232.5317641,715.3836024
556.650276,701.2477241
583.8770787,387.4755513
404.122341,882.0724339
584.2608539,393.8790975
631.7688426,453.3801135
480.0497898,424.0030308
504.1509017,670.6792533
717.3590903,564.1575546
346.0252974,603.1086367
535.9138119,508.8566822
873.0946156,618.5186217
754.9076175,65.68546934
418.5201761,415.4852781
856.1826913,356.8583352
642.3040869,625.9041159
724.0039097,459.632827
640.6757459,475.6616251
850.0632447,527.1547401
759.3468749,640.4765293
600.1180179,544.0209635
608.5842193,510.4892229
701.6330074,421.2219344
640.9416831,660.3067956
424.9696622,582.607051
574.7645803,239.3475595
764.0314412,375.4172109
531.8956466,357.2281145
499.9796937,448.8370182
932.522169,857.1350011
685.3202358,431.905794
741.8117091,420.1769287
398.0996697,441.8914648
577.1461353,487.0616421
922.1301401,670.574408
602.7602069,713.6067061
153.5389817,711.9888328
653.2427761,581.2620723
742.2328462,322.9362766
480.3448345,408.4086367
448.4128073,528.2769068
594.1740251,566.1154543
563.9650018,783.4434066
348.2465591,795.6888514
469.8810181,296.2040206
694.380841,203.0483245
470.7531489,371.6790301
476.9317093,272.8889113
607.6173656,596.6209928
474.6253873,231.3680114
699.9388413,275.0686619
598.4436562,495.6371245
405.6917779,985.2159528
773.1758334,306.0538396
332.1356522,546.8505127
642.6691513,545.6941846
486.5914971,570.6281491
491.1716929,621.5846474
712.8286454,392.3107009
751.5866834,317.776771
664.9219158,491.6329442
337.5575979,504.6684062
420.3364348,483.3289564
415.01462,396.5061853
782.9905814,447.9152444
948.0941306,507.8544671
792.361182,624.3627977
462.1277027,772.0071388
810.7203457,372.743509
827.865744,734.2373948
547.2248162,476.3096686
838.9987027,237.1820586
829.3378813,794.3944358
752.6967974,314.5060274
552.4962809,809.1203563
939.9288163,867.4807146
684.4471763,531.5598107
556.7206553,564.5552063
467.0681242,430.4240024
468.298563,907.4504971
667.9690628,415.9835545
614.7646523,534.5042343
546.3407608,408.7439411
482.2239821,431.758764
970.5252851,587.2836372
887.3862526,495.15245
411.5939445,358.6751178
490.6664691,716.7831558
425.9629268,331.0127513
758.1499928,261.7040382
545.2566533,706.0380355
656.7483321,529.6335861
663.9418941,500.6716223
714.8657045,211.2230838
233.1382873,531.638079
781.0824611,427.9223821
604.9014716,366.5016603
477.4685722,612.4663429
619.090446,896.1474275
681.4402973,620.7166752
437.0410114,279.7188382
716.9662967,546.0851293
718.122656,621.0938719
927.3340718,465.5770219
625.156022,471.1782026
567.2557348,756.1520103
599.0945522,561.472946
570.1102152,519.7187036
751.3105294,423.994715
749.6356135,543.836847
844.3831817,159.8630835
783.5916666,572.800545
407.707834,727.8407854
618.6680655,592.294692
506.6599124,671.6399942
782.9671516,652.8053196
666.6599903,472.5472928
567.2641989,349.3450542
566.5965396,483.2480554
551.7950498,257.245751
473.9512413,370.2170041
331.6375144,319.6237244
216.1233857,696.4486374
656.2486363,293.5384672
412.1786109,393.0883072
452.8980405,688.9669269
309.8497355,409.9644552
653.1861041,571.3401905
327.2413264,861.6881881
517.8709954,499.4209584
652.9972276,480.9360259
524.1165644,757.2636048
860.5858453,581.9062087
824.8399444,379.611191
711.9044867,465.5231994
438.5495817,325.3996612
719.029542,492.8442858
466.574106,912.482007
683.0768327,546.272965
847.6135576,263.8803413
612.7482066,264.3162078
560.2902538,841.0543445
377.3922531,730.1956055
876.4159691,690.3152696
569.3239687,724.2364506
571.395768,796.8130866
563.5496922,478.6924865
439.5510707,634.002153
773.3713763,559.7882751
693.0542561,194.2845258
415.9055516,422.7430482
310.2150545,712.8400899
449.0909081,428.3483868
42.93805463,615.8160235
740.4330363,313.3426162
892.5727917,523.4904191
695.8967369,498.1469143
264.9858534,707.6887747
515.1194324,397.5523402
681.3580534,333.4634532
772.1766963,299.8690311
772.6181023,306.0388587
645.770019,307.4566524
582.9493246,524.8977868
525.6894469,467.6892227
577.4495243,390.4725229
725.8353588,313.1219981
770.6587631,658.8317736
521.5892024,486.7326058
757.4994114,301.4007381
491.2023134,262.1136203
715.3624641,544.3203306
549.9211154,764.9724313
320.73,480.2690108
739.7262024,569.9809413
688.3266503,397.5248021
708.0474088,532.5057169
554.2348647,668.6189111
834.930472,737.1981991
667.3507648,169.2602582
185.0348762,504.8311693
812.7932835,376.760539
607.9047402,541.4471341
663.0558463,493.0978744
773.2547966,666.1911506
790.8731951,540.1264968
584.181696,371.0943576
478.4978204,436.3462379
703.6360603,564.7848087
384.7093458,347.2576544
713.3942563,728.0446466
564.9144929,422.9619113
444.9979892,288.8625496
402.5166359,927.1120247
545.2175986,445.676406
811.4463098,638.0174698
571.9834904,798.555529
452.3428861,625.8232985
351.5785788,641.9589268
422.2930176,685.8072759
667.3391847,412.3161412
741.3300649,625.0518559
674.8271921,527.5755004
877.1904857,723.7507313
835.7192951,460.9806891
618.4447184,798.8025151
398.938783,231.1722152
700.0535934,542.0971417
337.4332133,520.8106787
611.8817236,720.6638117
272.8444081,371.0851434
486.6655316,512.2012856
538.7696405,541.3164013
720.4314199,450.1606016
516.1416996,562.9982804
921.816804,865.4057885
514.1479497,200.3324796
647.4800796,490.4685719
512.3514506,803.0930666
718.9808398,778.3428217
731.9879127,448.753798
364.8533866,297.4232183
633.9601728,197.837023
637.3370298,267.1025694
565.0131257,374.5961454
634.503013,716.4413324
527.8259028,717.0060722
470.0254619,599.3448609
706.6126483,497.3017164
762.4692699,358.9947937
417.9819799,950.0912445
839.6202515,744.5107947
570.0167207,451.0774236
739.3860359,293.1649479
264.0868472,510.3108104
933.6243582,892.7149237
431.2279948,930.2832301
267.5404653,350.9645153
537.0681639,717.8304598
736.3995308,587.148642
447.0012818,514.5963473
667.5415289,436.3536552
633.9174029,716.3761019
638.3299199,869.4443601
425.649426,791.4853229
351.3408054,580.7393292
573.9895245,641.965195
395.0293326,408.7245934
973.6213441,898.8369043
670.1938299,849.1900741
196.2810141,764.9152866
659.6276055,901.8897461
484.8025032,743.2691152
459.4316581,777.3879938
575.8061427,484.5373729
599.5595977,264.8582987
300.3427057,702.197036
670.6438498,573.9213745
834.1740071,388.2995837
460.4867331,785.3185667
208.7921962,669.0373939
619.8408437,439.853876
419.0433467,644.083058
308.4936685,685.2735008
445.1306882,495.7455218
578.3362462,323.4461074
509.2393473,819.1240376
660.5160353,325.1728167
761.3244307,368.4621299
776.6333314,303.8252392
596.6397266,555.6139562
490.6888203,428.4891277
693.757944,199.7847474
636.6491016,536.6970226
671.4212726,360.8458423
647.1412314,930.6797117
725.9639081,492.64546
544.2380863,389.7476945
817.8396933,224.922009
564.5712403,523.6466215
342.0548756,502.0945559
488.3294068,366.8183901
671.5934457,555.933841
580.6749564,505.4415412
517.6255668,400.7863107
463.2490073,616.8244023
735.7283959,461.2668094
750.1295717,133.9309155
426.1050786,429.2313607
551.6983195,333.5895476
798.9118028,441.2624973
337.1340939,300.3867597
911.0221841,429.9937145
736.6966128,461.4687902
634.0467612,953.4137422
433.4972545,266.891855
635.2163035,314.5074273
262.4916885,565.5805091
462.6491805,406.7753647
460.8713173,607.762741
339.7390709,599.0516158
701.4014359,476.8600125
472.9734967,541.9751634
610.2070174,525.4671232
411.1592349,418.373142
164.2265347,539.3691993
599.2860953,784.1128037
224.1166918,542.5929109
734.4674713,430.5415721
503.8016119,698.5621126
645.7254365,861.1420648
634.5331542,452.4943816
501.45649,459.5624565
572.7233267,447.5290216
584.4662841,405.2155554
461.7247522,379.8333762
767.2562442,482.5946004
743.9991443,780.0320474
808.926528,625.4150119
877.7385542,514.8691791
814.4900862,586.3347222
738.9508919,427.10046
602.9153169,667.9999309
528.1565266,593.4251536
705.2752623,478.8173481
687.9858546,427.5916116
337.884147,993.7890324
220.0276229,401.5570847
552.22928,751.4916796
910.1527199,446.0705475
635.3665748,580.5328771
433.0106818,427.1910557
555.8752351,484.069309
773.579503,437.5011035
477.6947357,521.6081133
678.5855623,335.2872144
601.262108,581.5308926
872.1444354,723.8143322
446.3522585,384.7576797
652.3842927,640.8650295
687.5809566,559.8158341
798.9934775,318.5118792
684.9459133,626.0142056
636.330702,542.8447653
356.020413,267.1859568
602.0144532,588.2906579
704.9992581,232.7099814
643.8873509,289.1224273
713.6153563,395.5728363
424.5024145,423.4287634
558.5494229,663.2646539
868.2391646,851.398491
674.1091527,13.91605408
875.2192068,552.9611898
492.0345056,616.2516811
399.8477363,930.6632265
427.2725087,566.1705095
478.6200329,356.2161837
694.0585764,494.3912871
953.6664374,863.5320492
647.1581596,803.24532
705.4685731,276.2594022
620.1054775,759.9182934
712.6648466,407.4953666
788.0242277,884.8362302
730.9185612,432.7857801
757.8564612,538.1466585
558.5648231,551.9233507
447.0733389,312.9472837
642.5466841,704.3979103
668.7298421,423.1737958
331.4914676,509.6224417
774.9609922,642.8986067
760.8692874,526.0753222
725.514008,314.0602362
674.7943545,497.6320481
218.0200009,654.8610234
442.5400477,383.6396291
920.9737208,872.5327423
426.3426424,840.6883052
628.106963,840.8719621
815.8840543,621.50266
603.2941186,589.7175823
504.7106551,343.0453087
453.9870317,780.206323
317.2969205,716.3934855
357.2231675,304.2844441
371.3638292,332.018393
823.2617738,496.8094156
802.324164,151.0833846
334.6605425,665.4646924
46.73937444,602.524194
166.1186406,555.4779999
650.598265,504.1342968
402.208588,914.9189608
460.7036235,351.1303498
498.0128491,443.5831769
871.1462272,788.3788466
704.7849294,184.3486033
532.2904327,567.611976
430.6752972,403.5190378
799.763425,627.4345693
482.6088061,589.2998098
806.4762566,462.4473744
327.1915456,870.650729
600.1612971,186.1203388
345.3217294,670.4526178
923.5386544,857.4372305
637.9940229,197.4706285
496.7000913,582.1933738
676.8767151,850.3118647
776.1705629,918.6917
639.0228816,471.1248188
630.8780609,299.0767782
802.826077,155.1075186
385.8388598,856.4065162
510.8920618,221.8536641
842.9743079,165.2012941
390.4376915,660.9549854
548.6749768,552.4130398
860.6649134,413.7781672
637.3477559,869.0645518
214.1723458,516.6479768
906.9007869,958.0483735
610.6000358,271.0508169
851.3586848,478.8125425
433.5002357,587.2759482
439.4777103,487.0141922
553.6133009,219.215398
511.1362171,409.7592985
225.6426847,767.7236286
829.9413184,346.1401888
455.551495,652.0087626
406.2561903,412.0534847
650.022722,495.9423001
710.7424197,411.9137675
578.6483689,364.5169956
780.9841279,455.1225141
743.523867,512.0564286
862.6688951,582.0973039
470.2946799,541.7070745
254.69424,661.60539
496.7270116,607.6501441
728.464215,346.2415658
957.6498475,911.6852828
621.6869439,745.1770995
719.9270201,392.986972
509.1036822,376.7966854
635.5109587,525.936399
707.8053958,259.6607245
554.6702784,479.2221037
694.0972566,71.65536369
714.649668,569.2802661
870.7277267,407.5409152
799.2554897,483.5115477
274.8233571,547.1663023
435.5739974,303.9076236
424.5490944,922.0674979
671.5046252,361.2148903
353.2892986,276.972948
723.3959334,523.188691
495.3340622,338.9703817
355.5645806,280.8407542
598.6870475,796.145967
430.113042,551.4156511
484.881811,726.3052757
629.0933814,555.5222113
698.1175491,973.3005055
779.5086199,475.4870152
399.8453394,308.8027176
348.776486,657.4349991
693.2802697,470.033951
575.4363893,483.3737737
945.4898577,466.3181476
775.4224723,421.0763879
596.8777099,527.9646692
809.6540951,772.5073374
447.0862523,547.2114539
786.3062273,572.52577
457.3335378,857.4157308
665.3324016,498.2594277
228.9009695,500.3021982
391.1558957,343.2187485
625.0755907,479.1325318
262.7999911,466.1139311
535.0385801,356.0009353
434.8507598,411.5847312
924.7001671,866.8571169
205.3127964,529.5637379
764.1774579,289.816312
484.0559106,516.4877001
431.1103664,493.0196479
389.9346849,444.3387402
208.1343792,688.5636966
746.6931815,390.5100274
644.0768566,677.673573
609.6091681,698.6278865
671.0845067,437.3384866
804.7481742,593.317216
642.9123328,313.1059098
809.6429945,372.1949201
696.5868972,239.1569659
676.0278344,177.5258221
723.129337,501.6364165
464.5434137,673.8590043
557.6974562,704.4442737
618.4621259,267.0431682
441.4672955,486.6349898
712.9945416,475.0632044
434.7863128,416.8380502
487.3364418,371.9002542
766.9690044,490.1885317
710.2872764,270.2071652
681.6021637,427.17643
729.8866164,442.0730323
598.6754075,496.5624294
410.6531872,989.5022419
428.6630312,494.2819287
411.6887423,457.4837068
719.7173054,909.3881089
303.1363195,656.9830652
522.4579325,376.2568929
466.1338535,386.1526783
382.9893081,934.4553552
558.5083309,306.0764885
599.8853378,532.7855691
490.4771132,682.5280702
674.8008261,555.5980769
545.8789661,487.2651273
509.471533,454.1426763
565.672246,507.7920781
656.2220456,215.385744
566.251804,506.2024951
495.7187663,628.6367595
680.9523913,623.5007594
741.1683184,292.2080515
435.7301262,533.325299
756.7926675,168.6954348
493.0927415,326.6116923
788.9644756,249.3969566
648.547184,207.9145014
404.7528482,362.2548188
705.9469664,511.1706549
465.6313413,264.4860539
490.5256057,580.746245
591.2765951,380.0226744
473.9492039,371.4168751
613.385545,555.2555849
598.2628993,766.1154919
616.8780829,396.3467443
504.7998501,406.6107421
617.9437192,773.8622616
585.4837875,642.5378535
703.8191393,556.2068609
754.7316843,56.45573792
639.4497413,873.4198532
701.1859687,574.1200959
653.3136946,214.3553639
607.7825577,790.474207
551.9012329,766.1210287
699.386773,551.676866
645.2411408,586.7606224
786.4670899,528.8361933
579.886388,530.9376546
392.2379808,842.6922549
551.1788941,453.088331
366.8460579,781.3749576
873.7719374,790.8743032
889.8669048,552.8199683
810.5433189,243.9421582
840.5145537,411.1921985
710.6582133,573.8271223
729.6111066,455.5268936
718.9535899,509.1313318
491.1361137,537.0310316
432.5987578,491.4469054
423.1021546,361.576124
829.7227801,240.7508112
490.0283966,675.0409901
99.32175681,624.3140315
356.5204085,411.0816701
498.7978222,546.4937085
722.8965971,483.7168089
541.5871935,659.9885197
579.5632695,756.1620603
462.9767033,541.7364721
757.0016331,317.7831227
420.6946231,758.5707656
510.6996648,528.6292398
423.609161,580.1656886
790.2657582,400.3163872
619.0240366,625.4478988
422.3806097,549.0883273
785.0493026,294.3870499
834.7368166,720.0885414
446.842112,540.1260789
699.9130596,519.8041177
343.9085711,559.1425508
463.837254,553.0350496
268.0315472,640.4626558
729.0341553,508.1475451
490.7771015,509.3178721
631.5523566,563.8245484
595.840417,286.164569
490.1347296,327.333324
466.0968063,848.6963525
690.8789702,647.5967344
697.9597725,652.8980256
919.3610796,597.2399521
572.7962976,743.355762
543.9975264,765.2603276
509.6172352,611.8738143
510.0728728,413.4922349
541.90023,331.8738076
396.6909456,745.7257092
643.9893994,484.8077811
791.4337575,545.8173329
605.8268587,687.0309449
336.8859837,541.9900608
429.6482512,521.8378202
742.122843,526.4498653
585.7654844,387.0842932
435.1265692,458.6683461
529.8359667,545.3255962
503.9831929,207.1792469
385.8091081,826.4022002
719.5212981,470.365223
288.7805802,854.6263396
672.0557797,562.048655
459.297596,547.2288585
568.071688,565.6083606
647.4893826,209.2956891
708.5868184,187.6534248
305.3077854,668.5989784
725.2635908,522.1533382
586.819211,371.2709106
455.6381283,244.6000637
546.2147732,760.6807307
581.2323579,239.1493814
599.7966371,579.253526
651.2637522,918.4424155
880.8091609,852.6971271
510.3508245,284.0767723
508.4130724,661.2899974
494.0914141,708.0698158
672.0991488,380.0043087
587.2178472,390.2966176
552.429452,698.0029306
893.1076323,845.269281
504.2700131,264.0605089
419.5885988,756.0577582
533.4206508,779.1073066
576.9237021,521.6658848
351.5640626,590.1339131
416.5113107,391.1021172
612.3462597,705.5127641
519.1772366,796.215648
387.8584364,482.2391334
610.7123759,507.2837517
789.5712085,401.5007549
787.8891468,396.2049587
620.5474528,840.8860236
824.4455628,195.696532
476.2186435,897.1906781
808.5473069,432.0132093
614.007723,479.1810055
702.8651691,756.2968674
664.3831803,523.0368554
560.5055713,407.1573042
583.0191945,520.7754935
483.4682631,664.3482297
850.8603672,438.7122362
720.9480289,491.934129
326.6175155,562.5118716
914.6638697,855.3205376
557.6213692,467.8605731
774.6945306,685.028019
474.9093462,504.1615842
487.3692944,567.5421279
436.1741538,484.7216776
752.5235008,653.120963
664.8711612,523.7906427
621.6911984,798.9737402
853.4174359,146.5547896
904.7777536,844.3484265
410.7396558,354.6505033
501.8277863,309.0416805
496.609578,672.7101561
531.8583147,544.747359
476.8627382,617.6356268
542.4283142,785.1363306
611.5676235,563.7940852
786.7092228,254.9056819
891.4455548,515.3811828
460.7073087,889.1789953
350.9701831,656.0339413
625.3594298,664.0488627
736.2380839,694.5500971
832.5594334,188.3913746
579.6751303,643.1986632
680.2641635,381.5266344
464.7374885,496.3600098
928.8515557,448.2223003
743.0323805,617.719829
472.3859541,396.5344129
603.9832603,377.3731675
203.2626742,524.0766377
491.505957,696.7362412
564.2267444,621.5036629
667.5942759,557.1780486
627.3775083,474.6247052
776.2064716,336.2869432
227.8847245,537.6826062
525.9615561,453.3181424
635.4210446,610.0753973
271.3962998,661.6514609
697.5206885,570.4310574
556.1100125,760.8944539
577.785631,328.5309802
878.3995171,435.9672653
425.0496142,653.4740063
634.6633513,508.769137
536.6988,348.6272461
700.7588693,280.8454344
436.0252607,444.4015053
657.2121492,362.5458283
693.0200102,159.8897022
82.57006599,615.1023733
787.8850721,523.0129947
748.0775769,350.4490432
594.3045668,575.6477495
508.024758,672.6146085
662.4729327,503.9833596
756.7366098,308.1335922
917.0705173,464.3202153
814.7925912,606.7574545
271.8450763,681.4217828
474.1311594,467.968657
815.551423,451.2907916
546.2053803,465.1160828
654.6480396,260.3779266
648.5393941,507.6867522
644.9265463,484.4540274
294.9667208,331.3499571
529.4606705,487.7442232
544.6782788,416.4127768
880.4714213,821.5793989
439.1230425,484.086045
542.9062431,176.4169021
180.4420966,704.3352078
583.5353991,475.7631065
468.612019,297.2898947
803.044016,382.1345618
240.2786678,387.0261247
585.3295463,458.8426008
581.806343,397.6277252
755.3691275,299.8297507
522.6178214,574.2931387
546.5304612,663.4700822
462.5696181,773.1883097
548.5399409,550.6525033
807.1646193,557.538572
486.1682776,582.3780545
639.6698825,515.535066
475.4341797,299.5717326
905.189378,728.6339994
629.9873391,477.8938819
795.682146,420.6563589
486.9927099,788.8913936
530.2379285,387.5797072
499.3495909,376.4691534
476.7663674,358.6895555
530.1795937,453.2024741
617.0403837,604.0451407
619.0635856,855.304909
378.3399614,512.4420245
297.8832212,663.9853245
570.9731778,388.5659594
813.8546503,417.7519888
532.8171238,411.7311344
711.6061463,537.9744097
655.6128559,627.2480708
331.1923482,585.7447218
495.1440172,390.7148915
593.326987,412.7414563
594.3312624,502.6723334
674.2629745,527.8509858
513.9926749,503.2368016
649.7470773,308.8048279
342.2564857,399.115973
662.5816775,361.6786292
564.4625854,746.6156826
588.8195824,476.4970446
433.1139137,634.8502969
718.9607956,563.1675205
818.8230856,546.720156
802.6742327,459.7131638
889.7797921,516.4277138
688.504576,615.8104031
810.3537532,450.8230619
393.5644459,407.5576512
448.4088224,885.9954417
89.50646945,636.3521258
723.819827,532.4210968
578.095911,747.5103571
618.2401721,797.2511261
773.196267,70.85099238
159.4109174,537.2865633
609.1957909,489.9530789
714.7057856,351.5446957
695.5065799,398.88706
913.9710727,445.7019383
634.4483934,642.1091327
767.2492781,474.8711273
790.2578334,234.6617592
546.8990611,890.4993402
954.9178792,931.0300597
592.2164835,502.7451485
435.6182204,656.3088834
779.3385891,595.5256747
747.8593232,65.02476412
781.6190544,329.1739674
508.2740516,450.0226604
819.9873997,599.6517915
700.986381,150.2572628
408.9051206,958.9442389
756.5740243,927.8718295
633.3628628,930.1467306
604.123899,377.1023415
877.5202556,523.5970195
402.6216954,419.2564712
458.2299822,548.8231426
606.6843983,490.7764845
679.5154436,616.5899734
397.8552897,284.1501515
493.6728836,252.5828712
800.5334773,440.9569875
653.3485997,579.5911914
478.7038948,331.5309814
719.7104443,270.6751247
469.1011984,765.2066722
687.4519279,468.4246025
627.2132001,576.2285357
565.6116791,488.4743169
586.9928222,356.7742375
555.4923137,364.3698402
336.0777306,516.3170391
624.1115234,575.8270605
173.736186,756.3371507
778.672278,774.4673474
421.9407917,594.4206827
405.7613332,447.2437579
835.3251982,72.5602344
358.3058369,989.8664008
437.2227121,929.9292256
478.6822477,755.140393
625.2495165,888.5207347
529.80238,558.8823806
284.5000731,652.4209355
385.7917904,559.0264646
412.0100481,447.6670881
630.2942484,452.2545202
464.1325683,798.9875719
773.4425945,353.9480104
611.7635409,562.9191136
484.9364006,754.6242314
829.731379,394.6477821
538.9761793,727.8847251
604.2470702,507.2826025
753.3287428,630.5934264
651.2180761,515.6757234
689.097257,558.3283385
468.3967465,438.3582944
748.3733706,849.2611967
593.1037897,574.7575671
564.5664915,334.4046375
798.9149937,552.4325755
436.9537189,776.7052038
191.0015197,521.4160362
320.5831892,670.1284706
707.9444615,262.0086078
502.125168,537.2912227
763.3426591,261.8997927
929.7694375,447.3818871
715.3676774,521.5302837
492.8143254,421.0435845
755.9477566,278.4021498
641.4212,470.3267365
561.8220442,570.2743118
397.3611217,231.3629134
855.8396485,721.8573727
475.0666734,227.0711292
566.4887385,424.0688046
792.4607287,603.060539
598.8791748,575.3214712
774.1858464,947.6476882
593.8642245,292.1395406
712.7882125,518.3871179
799.5786082,422.26834
625.6969447,829.9963179
496.5151997,244.5563955
808.5911404,247.1833162
700.4385072,626.8702265
420.1577901,366.3742496
666.8142015,652.177773
437.5985327,673.8969684
393.3874491,389.0366978
501.8341382,742.3663339
632.4455503,442.2051023
545.9072946,286.1253304
749.7209435,262.8650257
223.6226886,501.4265587
375.5508867,953.4849066
638.532264,890.3412364
560.8976459,300.1714695
786.5476261,610.6445248
545.4911011,318.9483726
682.200043,386.1300712
620.7941248,569.8114504
438.632335,292.8270526
250.4001754,667.298608
366.6124491,338.1202947
586.2105606,196.8401149
640.5675404,628.4897503
347.4047492,586.2303992
490.8054749,845.2811488
437.6288985,411.1506406
517.1869173,391.189349
572.426709,453.4805294
464.9100661,412.1745436
924.1459715,737.2193437
952.8286424,904.0641896
537.8637583,456.0312711
966.68933,582.6221991
651.6876757,535.4076633
567.8833208,345.7951478
439.9872934,387.1865894
343.2223357,657.4140426
584.9384904,990.4868853
389.1584006,465.4631713
634.5673401,514.9122622
575.6419993,727.7966158
683.7350542,331.9165564
505.0372191,608.8628647
595.2879292,270.1120146
705.881381,428.3702835
590.3057117,342.3243038
932.6661783,677.6593652
745.130396,552.5896554
582.0221698,399.3762685
493.7999049,447.8330062
313.2442696,326.457642
710.7602168,425.0527585
481.9237392,633.0812776
631.5185003,902.4490325
688.3116996,71.78329671
509.8370618,417.0973428
752.2357367,451.6579382
625.9022551,476.9764748
252.3283249,499.5019011
701.4306033,321.1701407
778.2401301,193.1900226
737.4046002,260.2650372
595.521598,197.4237427
508.740011,425.3556775
481.7014707,522.5810353
802.3028165,820.341146
478.5620127,905.9388273
560.5272483,390.9358649
646.7157199,488.6971707
808.0099046,703.3212712
797.2676123,652.7898164
439.3415658,627.8091751
357.8552178,983.2076363
500.2864832,622.0821299
655.3256311,251.7156303
625.0706321,590.8645291
503.0036506,582.1063509
725.7415347,538.0158213
457.4161563,535.9312422
777.9812938,447.088057
530.111132,461.8490164
584.9149408,605.0238084
568.7699229,474.2673996
860.8869422,362.1718076
797.9700418,354.5010914
497.7100744,726.1787008
600.7179495,414.0725615
645.1101496,482.2941678
264.9867971,462.2588492
353.9037915,592.7465214
700.3269011,565.9772206
506.9645896,446.9625058
539.0341096,629.128329
487.129933,502.6494547
635.4828699,314.5416096
575.5987051,409.7963224
429.0252043,457.6811119
597.1751365,277.1602613
375.5531638,330.5653305
537.7170374,571.2251698
361.5574254,953.2427469
483.8107816,406.6057275
699.1806837,571.694759
870.8036937,794.5938676
443.5790034,575.7782733
608.4637446,649.2823664
564.8699553,462.1847805
585.5269019,309.1711388
400.941746,719.9998888
644.0879124,491.9247058
418.4632345,446.6137667
481.3047371,227.6069101
725.338704,552.0216144
808.3568124,370.0896352
354.5037681,332.5737306
288.855214,671.3912947
552.2248757,448.9531671
788.5687907,472.2333836
379.9549695,662.1307031
727.9198168,469.6071733
725.934471,410.5499217
814.982831,354.1484659
592.3153261,574.6548739
216.1887914,648.160722
563.1198962,401.312961
546.677242,283.2185575
505.5060997,539.3170483
785.9729519,258.2724746
599.0308393,415.9700362
555.8780964,557.5892813
798.1916361,810.5565784
509.7761203,837.4592447
750.3476156,579.5935315
691.4512325,551.9974403
533.5587278,396.6969043
784.2304881,299.0039841
801.5705305,482.9285885
589.2283605,416.244456
776.0490695,155.9495824
477.6919343,425.3986771
352.0259322,386.9373467
417.5850965,297.0837769
578.335647,530.4887503
775.5347825,466.9634749
489.3695909,804.4448358
532.34685,335.4593171
414.3726076,713.0846106
716.9021344,205.6908737
450.7502591,865.3268933
594.3070237,381.4763429
573.5888659,425.3777832
616.0610062,531.0391987
691.7644637,543.640215
724.2850522,313.8287324
537.2412807,545.7764645
473.1408909,519.8299634
657.666154,408.3466655
691.481119,515.3066336
885.8500878,561.4049992
801.4019827,446.7263009
480.668732,486.0246178
626.2772816,839.0198479
704.4104571,563.8344521
448.3976168,801.4788915
546.5471348,450.7400924
801.5341124,437.1614949
191.8415169,482.8614775
646.7294123,575.864356
954.5177301,903.520072
322.1870967,600.3274149
440.2825328,480.6122758
210.8881893,534.1232559
797.2438679,386.78455
597.0285654,534.860934
417.2594313,839.5861965
341.3504537,506.7898629
653.0845351,247.037122
192.528726,740.6373889
638.4804758,291.7161685
466.2471974,631.9049332
438.4008834,905.1719395
460.0083697,365.4302447
430.1670774,638.3035901
171.3425416,701.9631712
443.0103964,539.1188283
550.7254436,288.9905662
658.7232813,466.1050721
716.0652232,472.5220112
681.8048974,552.0712164
605.830529,536.6312487
707.7924524,578.7019911
625.7989932,461.0941009
611.2896867,228.4836159
238.82632,814.3553514
602.8504206,327.9383889
189.1942944,726.764418
737.8911729,345.8095019
930.5164345,632.8183912
413.8878775,425.1850166
83.06170224,612.7054521
794.4693095,460.5448225
967.195827,914.9544804
531.7877707,396.4507539
416.5961313,951.6192533
648.1118003,534.3264067
436.7103276,645.3372111
770.9427819,588.7290944
807.640376,503.777806
965.6101811,929.2565691
626.1046591,536.1467204
446.0234024,523.934664
745.801471,548.6429123
370.672755,857.7855101
553.874684,198.6615987
451.1921595,381.3322381
802.1081424,350.2315801
448.195767,272.5301013
342.9954232,296.1864906
587.9275123,463.6834753
599.3143788,791.2899236
279.9380938,717.5418949
617.2900219,543.1035356
400.5062125,312.9610528
394.1785043,655.7026903
491.0947371,285.1363619
458.3650481,495.7392954
544.0051815,770.8663974
828.1751401,314.3364111
386.5737375,481.6166012
791.9097689,369.1183012
717.4513564,350.9936414
894.1966834,856.8583874
763.6279962,709.0256257
228.9849063,667.7814439
575.7845855,526.5238295
319.8899279,673.7771213
895.7618059,849.4546528
462.8624756,394.6564112
420.6654856,332.7674792
759.4090148,569.292489
307.4054713,455.3274827
580.5501673,363.7128959
690.0191685,558.7091497
785.4234153,292.742725
766.4219247,359.8354158
584.484186,843.6935716
222.6344874,807.5827781
660.5525133,364.9026751
440.8118455,567.881047
460.0793183,344.0775274
541.2964932,476.6134025
574.0827942,503.0723879
776.2234897,146.7671546
546.3236379,710.2234072
924.5077701,456.7910758
495.5552371,703.6662913
490.4028539,471.2038184
588.6015535,237.7007066
544.0880547,651.0342527
943.6857783,886.7431698
648.288917,478.7780259
204.8293846,740.9858565
567.4761307,353.8135585
462.8082904,343.9600413
652.4132804,575.3686077
489.5248058,296.3699595
727.4886126,307.3211349
486.8941819,672.2094142
442.5764208,499.3425647
544.54164,470.3775921
980.3729308,589.4324021
757.6031228,313.338124
308.5214577,385.5190306
370.6113791,350.5385525
727.0201815,305.5447192
282.6040122,859.8354681
313.9145806,648.5009365
377.7845674,777.7463859
636.1072201,872.9962723
526.0475453,580.3269682
675.3213901,874.2685822
735.2574929,455.9608379
792.9630462,279.0200644
777.6543852,308.1825464
948.6913507,637.4209714
601.6659425,274.0707091
778.6278753,302.3586792
721.1094309,500.5502499
911.6431486,584.2235035
796.3465246,304.987334
624.7266155,469.528508
370.4691824,600.6118011
626.0978579,470.2921572
741.6637148,354.7411826
392.6536051,339.9811843
692.2085812,527.2749424
656.4509805,136.5536156
795.8092572,249.062467
432.5044244,319.9531577
903.8415954,583.8482709
514.2743118,494.2454272
772.9040237,306.7426888
491.7338881,741.8117485
480.0571154,590.8017431
726.16796,445.8603136
498.5827894,469.9976375
605.756809,505.9593743
265.1051596,722.4128565
490.6592784,825.905052
684.1752318,564.1860538
402.898239,373.8720274
517.2239945,427.4109843
517.0188939,555.6060165
221.9928196,786.8979326
563.227892,742.4330061
501.648857,441.9179582
436.8860062,263.4332965
493.7705727,559.2996934
712.74754,454.3609125
274.0689446,363.0326131
779.4948227,285.9213646
273.957698,428.6026858
784.3059758,298.5014453
668.7757429,736.9889263
895.7482783,846.0916211
752.870843,320.218217
801.2640406,457.9710767
834.4529476,433.1000236
459.2080564,476.2361223
492.2712754,583.789789
749.0147838,543.9423609
473.5277073,273.3403438
595.5708545,522.4056314
650.6941115,825.1108977
724.8470827,348.0554024
653.6878074,586.102717
707.0057266,581.0854984
570.299616,510.4441758
963.7470178,561.0183586
582.2754033,239.2569011
373.7546422,575.2178377
489.8757434,548.1961391
760.2298217,300.1205721
496.422604,703.0237429
478.9486942,982.660719
461.6205765,437.7542533
575.8077007,978.7925784
711.832939,575.3493644
863.9436169,791.1053683
431.5421848,461.1149529
776.7550944,482.1550356
482.0289186,492.2529273
595.8832917,310.6135455
738.7065419,366.3879351
470.867856,424.4473593
557.0134379,480.6034586
730.9934646,185.3154661
552.9767415,669.9001427
751.8311982,906.1816138
467.7684863,330.276473
742.8952024,365.2561572
425.9572641,551.9607298
448.3875948,495.1521157
765.250285,299.4369672
488.4237252,258.9750511
738.3337175,612.0383742
484.774759,610.8499531
400.0848956,586.4512472
473.0714105,403.9645364
707.1849556,296.6348517
493.4270805,669.9294985
498.1367693,617.0297471
663.9488601,522.3800156
800.9205633,362.685044
455.470779,245.8250072
450.0093142,866.89389
629.6130765,707.0426534
810.3093655,386.9822685
496.2684078,633.7164715
700.1249315,511.5165943
758.8641522,543.5858701
375.881166,930.9416997
778.3155429,539.91269
379.0155755,578.4880381
645.3691508,567.5479155
843.3096956,229.2363794
828.2242019,380.1431901
585.5994684,259.6148625
877.6201768,507.1970631
400.2046512,494.4241949
564.5123962,269.4194254
744.0271882,619.6275835
620.0615691,458.058998
659.9087631,666.3280471
402.4830492,229.9026633
445.0811171,748.973407
305.5437612,662.4291508
537.8650466,518.743358
551.7800991,584.8448447
772.5665987,356.0861195
554.1855183,747.3852866
289.7842863,663.2842315
406.6987198,438.2989141
471.6128007,217.2660021
288.7443119,384.6153718
529.9976683,544.6279716
738.2283283,579.4971482
504.6284111,788.0758859
443.6253387,296.7716855
375.3549543,337.6784107
701.0480565,561.665629
850.3993515,424.4136367
198.4983957,488.2480574
487.3156036,502.3684951
506.9430624,401.4075474
483.7388893,512.3055877
208.7145213,518.9983883
486.1993626,840.7750773
705.364667,477.1511056
367.3303686,781.0639527
503.1582663,666.8348064
494.6495496,722.7799405
503.8258956,414.7471194
576.8277358,391.0264188
827.3007023,338.608751
641.4351919,469.5654483
478.099439,802.6457293
590.6457134,349.0170626
515.1121368,431.9814715
551.6572574,343.2296969
529.5276491,375.8141731
213.657115,654.9208425
795.1304672,525.2659573
934.1405328,856.8799917
611.7755854,647.5030046
637.7462273,397.1944286
712.7551052,183.4147737
523.0841253,561.8692396
789.9560025,585.9162603
587.7955175,343.6702227
725.9699004,474.6743072
423.7025956,804.1221094
481.9816695,378.095238
894.3013834,894.4572198
774.519751,546.6703033
646.1968338,911.3085668
458.3691528,385.8153889
526.5650082,411.6669694
822.5049794,662.2409599
620.3026234,943.9521309
223.2956452,774.2235371
717.238316,349.6537816
417.2784718,382.4353078
558.2238476,391.0155958
675.4761406,391.7938498
357.6712399,816.9008487
567.277322,860.1148815
664.0065807,676.9867295
632.3843392,317.7610171
629.6564007,597.9048779
654.3608448,255.0238993
384.5247088,858.4850361
816.4902179,598.8306424
495.5772288,507.8752356
594.4587031,497.1113317
773.0022521,642.8289884
625.632333,536.2581473
552.4334518,282.071151
687.3372358,413.4094744
805.7792351,633.7489614
739.2382664,349.5646694
720.2020356,360.6182247
382.9543731,346.9804766
747.1919635,547.6246924
752.8772997,540.9721752
610.8242667,634.1903857
783.6916777,622.3648654
376.6098716,571.4578228
749.3953082,579.6312449
877.2195182,933.6854169
623.8653458,726.9907401
484.4840887,425.4973169
807.9622211,684.2362675
597.7089284,460.7353535
773.5991277,465.9449626
642.5128727,633.4337777
702.8913553,562.5707714
526.1759298,316.6973949
451.5542877,623.6030348
420.4710812,579.6681435
143.5256796,665.9489909
657.7048641,913.8758564
551.0699695,448.1328538
532.2757067,182.8015393
630.6793121,442.4111365
510.9060088,536.4653725
828.1671854,406.5677216
485.4210559,578.6242033
744.5748222,317.4459587
777.7238207,662.6351014
446.0564048,980.432244
147.6700872,718.5552047
325.3809945,431.259213
961.6955024,461.1430133
445.1240817,504.1921101
874.5586333,409.0748579
587.2978291,325.1340168
506.4348725,636.0537198
516.9714051,402.5196642
466.6535785,247.4885753
811.237524,752.2002318
597.3843118,558.0703831
749.7450025,429.2332203
553.2770744,661.5831172
442.2788444,866.7274288
479.975201,358.3935106
647.2795331,613.0116932
837.3079822,208.1296453
472.4550001,349.5169061
791.8366032,941.217001
518.4293257,775.0958134
872.2371958,724.8554726
771.9778277,559.6025706
607.323085,925.4533458
635.8361595,625.7630616
500.1987413,624.0021073
280.3897166,567.5206072
613.20714,528.8735933
667.568584,861.7765273
334.5621793,399.4703326
161.0839907,436.8443472
445.4100181,235.1250803
951.0851899,904.303257
649.1475801,269.385849
423.6368154,643.2672786
763.2601155,874.4449471
707.1808658,429.8529318
405.1412376,977.054691
243.3092611,699.2195375
485.3531933,678.4082424
591.4591648,599.0535171
871.9839173,811.2025744
832.5173976,456.1615651
616.6316655,478.4374771
503.6803882,790.8555405
504.8248379,414.7964706
790.0698407,882.5963053
444.6516657,800.4250686
849.7097754,545.5208492
835.112742,472.1938107
648.4183651,533.5315421
789.8791515,571.8835349
651.5396965,873.6110946
757.7461584,764.6854961
682.6325355,443.8432635
705.0397958,207.4558188
430.1631824,360.0760712
871.3857834,610.4754727
828.2007871,180.40209
411.0068513,349.5371313
732.256831,567.1411123
756.2217984,321.1041161
452.9593864,531.589271
455.8655651,499.9566557
302.4117036,451.1551905
294.5441904,630.2447708
775.6248314,666.523112
863.3878633,534.9659256
384.564917,249.3337109
516.6173065,397.7701585
645.0275611,491.4138513
689.7292173,468.8528637
967.3784416,564.1793677
739.207601,530.1541354
777.4593516,430.0522382
713.0799614,572.8272473
706.8818513,731.5995257
484.7053984,316.5158901
715.6285961,510.5512986
627.193141,461.8905325
572.2651723,318.289109
613.5503476,283.9778817
683.6674164,436.4715174
545.2311412,456.5585482
862.136032,523.463863
589.2535879,733.3582444
787.666324,386.2110557
709.9075609,255.2885617
331.8135974,548.8781352
514.4816146,632.9201443
458.8896718,434.3948571
488.0610427,411.7156938
670.652179,472.5725116
672.1508322,835.7675535
708.2332742,548.5243188
411.1735115,316.2079565
628.9788691,471.5098088
476.0295722,671.8526309
365.8813165,608.37585
235.1263745,637.4141182
405.5677378,989.764397
208.4852569,483.0868176
595.1859107,264.949354
553.6310081,473.8315957
463.0958447,235.4217102
859.6182276,732.200579
515.5165705,549.2935049
470.4685158,707.8506393
721.5477209,195.4968913
554.3984538,754.1454071
467.7944029,664.8980095
420.2958971,796.0624125
780.4390855,495.7007463
518.6130189,497.7646823
786.9257387,470.8672185
860.1015945,414.7254107
444.6953793,628.0603818
937.8984685,647.9188757
697.7806784,430.046179
551.1687971,452.6853931
717.1549635,477.4908187
391.0280955,701.3375468
595.4765211,623.5633156
704.6343734,538.0337691
604.0909415,563.7275801
938.6558622,485.5864112
167.7865456,714.9757336
517.7028971,735.9212717
570.7662345,366.8293385
691.5875418,552.8988008
591.9426365,690.3293102
309.9472148,684.4968138
646.7354645,576.8605328
541.9348054,459.3077396
568.5578563,643.5780955
146.2004517,500.4604899
337.8807464,993.2283043
405.6049348,598.5191152
449.7835852,492.561801
788.9159681,586.0619113
704.5031127,383.2758672
635.2735597,463.3012641
486.8878001,615.446474
487.2702721,294.0864083
454.1208691,236.9428032
415.6044846,800.0506718
479.7216528,411.1134078
622.5131139,571.3148671
694.1805342,535.9777101
477.4794332,518.7931689
672.0284399,439.4768883
544.7334228,704.2343741
813.1821223,434.4396952
686.7034178,426.7119807
912.9968935,722.703281
819.6619892,308.004907
451.8792488,838.5230967
527.1729545,558.0423644
921.0786306,456.9676915
548.3111708,397.3520727
536.2579333,363.7277723
211.7779374,535.5562394
637.5250674,565.5913321
859.9351441,508.4018232
501.9140751,436.873515
682.7329061,561.804594
352.01212,984.6064793
550.2551249,796.6601855
504.5017344,441.6815025
178.6484438,545.4367097
589.1217579,168.9508412
418.2323072,945.8041196
474.9958897,299.2224083
555.9192784,476.4466696
806.9319242,462.7420194
699.5255841,542.2528427
725.9491821,531.8891813
668.2852152,412.459473
239.7003832,520.5078015
615.4057658,650.7256924
734.9266295,463.3017656
529.8753509,360.3752084
643.4242828,595.677761
602.6726597,902.9419602
571.0335649,556.0863034
581.8808719,484.288778
528.2641629,413.2838188
584.060682,192.5090921
553.7712423,348.1676441
577.0352932,356.9067671
666.9710793,572.672403
251.5946906,668.1197153
805.6020885,324.4011651
425.9323962,597.3270168
601.9880572,624.3006803
569.4778503,476.2804381
473.0031285,376.843404
854.9248977,403.1341104
531.728567,404.9726645
675.4063905,427.2796874
697.0896042,502.4629771
476.4312194,772.7051813
973.4958958,597.2609295
917.0285265,706.9538128
636.2264514,513.790994
536.9817103,813.3600521
399.0475128,328.8821639
618.0462021,549.129718
413.3932002,881.3562973
774.2413798,692.1323029
646.023732,487.8172681
399.6436843,673.4121894
467.7378808,238.9016222
545.6996772,737.5577613
955.6497308,868.6860388
216.1905592,644.8219271
752.4087487,354.6283349
911.19987,462.30141
363.9922667,354.1509732
700.7802317,278.7129248
546.0542251,370.1262621
610.632424,502.4890108
695.842357,471.5270044
702.1749788,294.9522702
890.3167449,536.7888928
680.9305644,412.7539509
606.6486544,497.8859084
721.8776556,454.42046
687.3751818,436.7501995
811.1387713,639.4204289
557.0007942,322.2997038
472.8404532,623.5724671
448.0172871,456.9873735
546.1564384,409.4416702
407.8851604,267.0635397
353.6165967,497.0716125
745.9171518,620.8785608
219.3762476,701.5873118
422.499077,455.1917563
424.9251546,609.080495
490.063032,621.1064917
329.6191512,602.3018417
713.2915038,519.6173894
488.2597765,618.6759106
725.2281315,524.2012695
841.283887,395.207382
838.1874835,571.1855551
504.313532,791.730742
636.9983164,463.0487411
589.9916565,332.2288358
618.3648563,547.8443077
375.0901257,945.3844667
252.8055347,665.9605452
537.7986522,616.5252233
410.6920921,893.7880734
574.7023655,590.3966532
456.0712649,756.6724343
477.842625,233.7531485
526.3741992,543.2261198
658.9132214,674.5845222
656.2367266,847.6045445
566.638111,512.0957508
536.2937671,476.0507103
638.8508883,844.7234711
474.9350082,225.332594
911.1708974,859.4360822
516.239943,535.7680195
418.6571445,245.0653905
466.9094038,400.8251732
578.0174272,546.6917195
408.4343824,505.5907651
627.0208481,737.2458371
673.465118,530.5513483
729.7784109,890.6947185
493.6171704,306.4961414
423.2456995,407.088459
793.4052162,544.3662762
796.2043279,539.5018961
696.018425,521.8555382
196.651067,659.1278394
332.4451083,829.6645445
699.6170412,468.8228183
538.1271487,744.9888459
827.8298203,399.4222768
477.2209115,321.8876354
611.9469495,600.4141662
961.703547,549.3227145
447.9531398,683.3641166
718.6580059,617.3708391
438.6026733,233.5994325
477.7248768,358.7547234
595.4660496,559.9006631
649.4336064,308.2951852
626.5853445,730.549798
154.3117306,507.9840298
258.8868704,411.6112664
576.2369873,393.332598
255.8801713,416.6942587
577.4905414,479.8991897
565.989567,571.6909564
524.6269565,640.0421462
560.2282787,179.0332714
350.722058,488.7482143
648.6182374,666.3440309
545.879056,476.7209222
297.3758103,572.3824173
876.5396197,595.0669712
447.8360208,633.577402
655.8192148,263.601095
623.253879,829.6032419
586.9639395,844.6469578
273.2627139,718.2862591
669.7041112,566.6684935
777.8069635,402.4617047
971.2243739,912.6434747
601.3703285,282.2458863
925.0652315,853.9217155
573.2275018,527.1177998
549.8625709,462.0805202
556.4142853,349.0222651
486.4912163,526.059819
658.167273,415.4346523
528.0257752,627.8437962
339.1136421,276.3872308
782.8857615,597.9718427
687.4513586,199.5399551
659.0848552,250.7039712
649.7810085,569.2277599
677.9958775,387.159511
829.5854521,456.8497875
775.8853007,419.6909587
414.0584925,430.7318314
551.0205482,563.5904329
627.1718235,601.9790108
830.7743346,603.5470522
705.4881229,233.3826379
430.924531,463.4344833
526.9600939,440.912985
625.0120426,721.3842316
678.2147903,164.1861248
474.6052682,743.6465625
323.1965704,330.9129205
736.8441426,291.8869757
413.04424,813.4551609
820.164846,348.4077562
427.6628156,638.6850491
693.8485472,527.3159779
602.7885054,678.2723279
363.999802,508.3951998
785.8956516,337.7946432
622.0052835,443.5537165
692.1665454,205.191678
982.3468912,952.3863291
913.190489,979.6101965
699.7044385,390.1019079
551.0926652,453.0867848
505.1418293,693.119579
466.0032069,231.985341
889.7551189,450.539804
596.4606475,540.7123393
562.7272074,448.525094
698.6070731,541.4555544
555.8054701,194.7198491
542.7741884,861.2127904
389.3096457,346.4123312
464.0254414,671.6470772
589.5142519,526.9273733
865.5706695,667.6366705
491.5227803,369.4975872
470.604855,346.4751172
692.6832443,466.8641247
874.1726109,725.8506256
518.9575148,562.2807857
395.9889805,324.1360222
416.725175,604.0809109
182.6144912,748.3643304
326.799441,457.7914314
515.5641342,708.7859524
433.78388,413.2328169
904.7354781,729.9026529
847.7624207,366.3093742
439.6248656,228.2845393
557.7708615,754.4277039
609.4644546,623.196357
723.9638213,453.1639876
496.7714144,256.4184173
506.7524031,498.3633954
531.6390873,569.1010387
565.3809166,347.0352812
429.3553188,279.4405739
806.6094499,319.0653154
450.5112422,866.4588593
493.9696211,732.1486578
600.0462304,411.6721928
865.3593669,725.7063327
621.5701844,565.7983692
720.3861782,383.2754494
560.6002043,406.9647883
680.2876682,560.393152
696.9376701,549.3739671
668.8063634,478.512089
554.0658975,475.2458375
662.1258601,421.0072084
711.9076327,430.7906267
269.1580201,584.1019222
510.5934967,441.029907
417.4911676,359.9181346
740.2087005,358.1553834
506.6756571,983.2038754
393.9403414,267.8634188
502.0744434,324.4813766
871.1741212,356.6921873
561.3185733,676.5211937
766.3792297,866.9713017
630.1224948,686.1050968
589.5416666,599.052159
863.9890983,598.8155153
526.3294069,482.3469456
563.0718532,644.3405328
601.7661333,784.0806272
766.9614691,366.1263232
429.5431916,388.0044373
421.1394147,267.9738637
553.5964177,385.3071879
467.5585619,217.7770656
493.4914375,543.5007903
720.4240494,622.0601287
455.5735765,769.356817
567.4346342,470.8647322
481.6574874,382.4325707
816.2331343,407.6030326
764.8782845,595.430336
631.5338255,318.4313961
788.7828947,483.4925761
433.8563416,766.3055005
595.8229645,395.9525192
481.4241032,624.0427249
577.3840137,567.0059918
566.0665827,488.7830444
600.3873856,274.9421914
593.2572219,763.2479786
485.6595634,265.1229192
424.5901415,384.2922275
476.8925198,378.6838176
404.2399993,420.0860822
839.4893353,421.5883916
553.9679987,314.7919388
859.5754877,249.3462681
824.8594493,382.3085657
450.6241667,517.4982519
712.4076431,584.6012433
771.3899106,362.5833537
495.4018648,559.0318343
442.8194675,325.5093956
602.8894153,570.0386919
751.3990503,483.5236871
698.3797112,146.6852299
315.7275735,700.8106248
757.5728618,311.93809
789.1383115,291.4124138
532.6678112,366.284218
425.6848553,579.1632854
90.79840405,615.8364577
492.0986529,682.9360017
504.7528407,732.2197596
482.9573468,525.5439917
351.3266935,272.8736379
777.5785529,301.8087531
191.9332437,438.6474026
511.5406358,560.6463018
322.7549846,519.3266724
410.7209599,328.3609878
438.7477013,715.5667996
443.7995641,632.3162076
666.8458707,492.5806682
556.7148129,450.9800583
806.1609581,269.2005832
795.3415301,582.8034323
569.2992655,475.6382449
452.0966186,497.7807705
500.0336991,600.9059238
592.0666916,813.7134715
915.0743106,496.2900572
514.0061875,394.6439376
836.0237177,610.5599674
818.4925068,635.4357634
324.6615919,380.8449727
605.5100771,726.0047804
486.7688085,578.4519544
447.4756004,322.6655342
715.9067425,525.4818116
669.1151604,500.0762312
462.5794304,633.2603588
764.3626342,711.6394041
542.7994758,767.7559513
786.229646,254.070722
789.3102299,881.1181075
401.2529548,957.8414826
880.3601747,613.0010373
852.252178,146.3800543
628.7699184,746.4922
508.5756429,673.1757964
264.8691538,712.7221024
701.4047617,164.3481775
779.5161402,703.7423449
863.0848189,528.5350503
651.1213458,474.5571345
293.9413076,667.5915398
521.1237224,430.9122916
451.3357793,863.1154677
533.1442271,173.549159
512.793276,411.7868792
652.0135656,540.7153898
415.8784515,613.5989774
582.181834,382.7210938
398.135084,657.3738637
462.002629,411.5179336
784.0488472,677.0745046
798.310418,811.5812545
193.5068751,440.2904738
441.2864037,420.5738909
786.5669812,684.7635655
465.8537446,401.3627301
678.7188455,692.2841803
581.2923556,458.6169055
561.1097724,445.035738
697.2450888,422.4806633
178.6043556,726.6667601
457.6164331,269.897602
447.5753119,545.5270129
704.2807693,288.3197066
958.1228478,870.65566
469.060376,344.0789064
442.4222096,217.93308
444.753804,539.3453594
860.8897885,483.2737549
533.9462033,437.7034604
893.3690902,527.4579098
773.5772259,284.4747374
619.89801,811.5806694
613.0104885,555.0988393
764.182866,877.3525557
788.7311064,533.1649596
535.8190441,978.0042954
757.8685206,568.9599425
531.0836783,411.0181319
459.9179912,578.6590542
401.7573846,491.0729264
525.3786725,550.6643919
364.8539709,296.1023302
797.488158,164.5216173
443.9836468,901.9158216
730.3854733,433.4200337
465.1928715,212.9628099
939.433315,890.7564598
255.5368738,661.4677831
485.5502343,411.0232926
547.9635589,477.5955177
565.5483108,692.3247144
537.7698144,459.1569279
494.7995363,285.0800948
624.6508732,739.8143385
985.8244034,916.5208085
374.8405175,419.6375122
475.7728781,482.3480948
524.1237552,463.2178559
724.562974,523.1625319
774.6753104,681.9988709
74.04909516,613.4622899
506.2370824,217.3300209
495.5220249,312.7149859
561.23967,425.2145814
344.7302319,372.2424745
597.8307363,186.8239809
573.1959374,507.2179778
559.8070517,783.0873755
669.1478333,500.359301
575.3153753,346.431658
562.3805693,397.94387
642.4039931,541.8865317
677.2684452,548.328627
446.0806436,535.2696594
485.2745297,263.4794719
969.997845,560.8956281
771.1796716,311.9696606
420.3171996,567.158496
624.8161102,467.4074065
398.2854452,309.9236516
483.3708138,343.8979239
793.3038868,333.4252802
469.9105151,826.452032
624.1232383,915.3438999
529.6730667,556.1191903
374.3875913,866.2380113
910.5349971,509.7182818
662.2823334,372.8281081
629.1331252,822.5922072
741.879287,625.4147194
594.3941364,323.5693184
773.4930195,479.0126638
862.4046357,738.9225056
887.2681598,938.7737163
714.6306425,476.7752044
480.1156749,235.7673362
493.0596192,421.3325047
446.0503227,248.4026393
627.6236261,447.5378806
525.2637107,749.6495527
908.1686175,730.2412376
712.8664717,532.4652455
779.6358359,460.2576575
533.1239133,492.1719218
701.313724,153.0179668
692.5435045,244.1210304
925.8111949,662.802482
228.7858279,716.5792527
498.9991627,234.0166408
773.2592758,479.381273
424.1122875,650.5679021
521.2420998,468.7955101
347.1425422,605.8352837
794.7990195,312.5032477
436.4701123,216.7668481
551.543539,192.6882777
680.6813008,367.0122641
580.3016227,716.7863734
638.0097825,91.84836809
703.6803283,491.2408502
484.4678496,596.5116135
657.2120144,356.0823586
643.1152612,539.2864388
446.9123565,491.4680708
708.6110272,458.2343601
659.2028731,505.3421492
563.0376522,732.8106584
887.5729869,935.9097759
309.9054037,382.4107575
189.9643317,731.2066587
487.9607021,319.9547247
627.1486783,674.8054328
430.2109708,655.8203226
798.9691189,334.0225099
437.8569496,390.7751912
451.3440637,459.1140746
471.0239997,723.2887266
960.2720523,459.8311305
839.1765085,353.0831305
561.1702644,412.0909891
737.3657403,563.0647228
627.9345053,850.3684661
536.2567948,487.7350508
525.8973339,798.0576704
813.3096079,628.4401692
777.2024028,627.3769859
907.0446314,460.190839
733.8464019,428.8126271
537.6357372,760.0350273
559.2930493,319.4116727
446.4709355,234.9064889
588.2548704,665.422069
913.5926156,859.4115737
394.6691519,654.742806
511.7688516,430.8880547
854.2188878,399.5915378
791.0779362,59.69223656
739.1176719,346.3410623
277.2824671,677.9380264
487.6337635,715.9779069
552.2077228,606.7057631
691.0368667,442.8701952
526.8671537,564.2900842
488.6560457,313.2446658
701.4708864,431.783168
499.3000797,625.8060193
578.2140787,480.6154517
578.3120674,235.6418687
558.848048,453.2012831
637.9351338,343.9362432
551.9552233,786.8288993
570.210391,521.8806944
774.0299873,591.8225746
865.3844146,668.5540148
812.0240101,481.0923119
791.2315931,451.3395578
459.9830074,432.8511361
616.1706199,896.0448387
472.8709689,440.7697786
723.6270854,394.9907755
586.9110576,353.9188008
212.2222796,801.2287713
520.7366214,576.9403473
586.5428173,368.8240949
657.1023258,473.3717639
816.7663569,381.3765539
687.463508,328.7659106
463.544007,430.6306425
951.7024691,868.2230521
805.3005572,276.4710778
563.991203,589.0563547
465.6075519,551.7593549
508.2546516,212.370553
429.9382773,881.837608
681.804418,532.4384596
94.51764467,617.6492914
525.2987805,325.7512837
333.747829,540.4161691
547.3787128,487.3855803
266.7803451,715.4778127
964.2057565,593.8765651
334.181475,590.9310551
835.6345344,256.7120177
405.8399818,824.23812
520.0303269,487.3659192
510.936929,344.181725
792.9884534,671.4218206
540.1242094,542.4920563
454.2377035,510.4397672
473.0408049,704.5760721
743.6044481,704.7410499
261.2684254,686.1030492
579.1489486,531.0632893
704.3334114,379.9858595
562.0841314,713.2236801
782.5930988,438.0983541
384.3110692,345.6232124
775.8193557,629.3221612
745.5754873,523.1586666
396.4461012,370.203653
467.1412749,385.2035126
940.4128124,885.0241285
720.1778717,908.5386068
619.0720647,530.408894
631.9982868,511.5613698
414.3299726,887.1928053
816.0766011,590.9498804
487.375077,407.5955944
476.1219431,520.9165061
424.8535469,479.062412
583.4292609,526.0243203
465.2368248,622.625558
813.7353141,219.1568744
466.2437369,427.1902199
491.9823279,421.5262533
633.9036956,724.8924965
477.7717064,528.7900179
927.4939008,597.9204438
284.0378439,299.7842021
495.3168345,584.1965922
737.383777,747.2688452
797.4761884,376.2405121
374.1483497,956.4498062
870.6253936,791.3558019
396.2290311,667.3476459
696.1079796,193.2272136
539.1631832,331.6827543
658.6834926,354.5860876
472.1629815,406.4746604
243.0280286,415.1781594
437.237588,364.9875877
565.9630961,478.084768
557.6941304,446.9521216
544.3402696,557.5872755
701.4251054,533.6161622
542.9460019,427.65492
430.2453964,539.895369
810.3860216,448.6100483
713.7436958,507.5304244
632.045491,530.6747682
304.9347363,656.1348377
961.3175546,901.0980782
578.4452607,392.4240709
303.4158143,386.6855759
351.4756166,404.6295248
819.789385,342.3914984
663.4618979,846.3654349
924.0698696,466.6193532
389.4517075,564.4264793
507.8970926,487.5517282
736.8952418,442.4121812
605.8147843,576.0305874
405.2175192,846.0927702
557.3687499,281.3647301
746.7098999,476.6549394
411.4786681,333.7051533
567.1088492,485.0909763
448.2234364,327.4998897
339.4171209,473.4547334
484.0874,423.0179904
461.4195356,399.5744258
645.3031159,314.7164493
725.8135319,569.1690691
942.6460885,480.9740319
440.8039506,525.8553936
888.732657,527.8911855
416.5974946,655.4549728
542.8191304,802.3424342
475.942055,509.8585631
639.2458392,627.405506
642.920707,596.3851639
500.1868766,457.6183259
605.2494131,545.9525161
445.4933557,231.6117173
824.1759254,230.5353081
439.0028674,579.2277221
407.3096323,505.1768788
644.4026117,519.8387806
552.6188379,383.3185325
576.9507872,395.9270078
632.6720283,826.7427072
496.5357382,746.4596683
762.8883397,351.6466159
796.7409661,606.4365041
419.0556608,594.8525376
485.706453,313.3863888
585.4950979,297.1541264
339.7554148,664.0548592
573.9328375,378.8596393
664.2131794,501.655618
403.3026127,838.9490596
744.8428118,228.9318098
755.5795313,471.0294384
735.718284,534.3036533
512.6948379,535.0327023
814.385521,471.1705554
689.720184,397.1812655
591.0184928,890.2442472
721.1237224,471.3804341
458.6400186,214.5152645
717.180146,200.0142663
835.1175209,388.7596036
908.8762454,868.173471
633.728856,467.1171491
522.454502,477.8225503
644.9607622,602.3698093
676.2067188,565.3011793
440.4606382,880.9165863
895.2685966,545.3745087
596.5875639,670.2804107
879.82081,544.6064509
855.3044035,722.9553652
579.0762023,481.1070003
569.1609039,376.3638485
651.5158622,259.2921779
827.9674778,574.6770005
569.0398749,576.0159826
333.7068868,347.2983347
724.2114371,245.2172888
548.5009162,452.3952403
876.4399831,694.7017655
445.3518331,776.1362016
568.9310402,648.5951051
692.7249056,617.8549913
420.0838454,398.5999786
907.5296462,458.9626569
534.0943323,346.6591502
226.8613637,544.7478396
805.9958259,482.2424764
372.8067242,587.414955
793.4580381,542.9789247
679.3781157,388.8353856
967.2335185,927.2723223
785.4792633,335.4313402
491.4588727,974.3795264
537.7024762,555.9433268
717.599021,153.1805418
652.6508891,858.9734297
749.8183779,885.9508333
627.1957476,391.9177085
725.5307115,400.3515306
609.6322982,932.2932181
765.4308922,306.1581625
707.062818,194.4859634
465.9337115,374.0378619
585.5889819,376.5854068
892.7072284,869.6993904
809.2897049,431.5578279
563.9710091,488.5831112
574.2015761,508.1244365
549.1506436,405.0490733
691.0750674,195.0218697
558.4822195,398.8159165
637.5258314,567.4627313
954.5139549,564.7283745
654.3756757,412.4648218
659.8306987,792.1514605
481.9570562,492.1344801
429.9771672,730.8314888
549.2579203,679.7953222
816.3480811,637.105537
479.4450194,264.7527847
545.8413645,472.2710343
575.8650617,628.4125894
548.7377159,337.1598046
871.3586683,436.128921
486.4548432,274.649594
224.3373423,499.7550092
872.0829547,787.3935137
587.1272589,528.1292082
897.042415,514.3637361
636.8374538,197.1136989
519.5831084,483.9597834
858.1507943,829.2735161
379.2864263,295.4476006
526.9498172,545.1205858
909.0016187,473.4584734
690.4643646,396.9209281
517.7113313,572.5449297
701.1939684,707.2008198
763.0108668,523.6187282
563.7439318,519.7308639
780.1888181,489.1795051
579.6232821,590.4183201
548.9326147,476.4935136
602.909849,198.6395975
414.9105192,713.2173283
487.5230862,510.4164706
751.619566,527.033326
768.4893196,552.8868286
896.6847511,849.6466046
620.4871106,440.6816693
477.7783129,750.8451195
646.8179931,535.7657211
578.3059103,389.7285766
833.4741843,250.4394968
356.0114396,455.9441019
694.8125994,409.2913181
319.0843414,666.4985826
492.962784,715.2066315
852.9427728,354.4363623
589.442779,346.8504333
459.9604315,453.8367486
360.8444794,942.4784879
597.8023779,581.0436898
410.903934,602.7722457
634.1448847,465.9783509
716.8166246,415.0508741
490.9312977,206.9327413
464.7948795,499.8565533
327.2472438,328.3503947
496.4219449,663.7280168
642.1392244,500.7033391
527.263333,478.9708552
751.8970982,317.7878657
611.8117338,481.155077
596.9969711,549.1900385
690.0527103,625.2824404
654.4902929,536.9794029
636.0045125,480.4214523
608.5587671,86.17612748
462.1052017,756.0186867
675.4166223,706.1194379
447.0067797,372.7431955
625.2712085,890.3295359
592.8157111,545.6044246
480.5318983,605.2170556
657.8393308,561.8882321
469.725174,426.5733709
224.1469378,649.1904334
337.6213558,545.6808125
480.2661409,808.6569099
395.8304099,920.604469
494.1661228,428.3428081
786.9030729,427.5529998
565.5919046,396.300548
297.7363505,413.3943055
589.5069713,312.1894012
901.6906531,605.6473017
491.675014,584.5987152
746.4032752,527.6412533
636.3789997,597.2867752
568.5471601,714.6971559
645.4704951,500.2310337
516.5772781,735.5336908
566.7302572,483.5783872
720.4287233,416.018886
536.2576337,476.5199443
653.298699,499.6665864
770.2475431,637.6727631
498.3710673,570.6143591
865.5118703,435.3487238
459.645073,363.2100228
488.0281152,331.0853156
659.7139992,467.9095065
420.7717736,579.7392661
694.671781,479.4335703
909.9707195,548.1101401
640.5859367,625.6288395
835.4628557,520.8468251
398.1369866,456.763872
467.7693402,493.107026
763.309387,537.996975
678.0887428,308.3341104
481.348226,397.8515401
930.7655035,881.1371835
610.6453523,548.3044946
731.6851829,561.1978367
434.8758674,370.2040917
483.6179652,408.1652651
383.193345,339.048671
224.37409,665.1751455
493.1494883,581.4259219
565.5623927,560.8356419
526.1052509,345.8001832
503.0217472,186.2484181
914.3683157,432.8500914
563.1415883,737.0779759
728.3076518,310.0334279
752.7719105,490.9776296
692.1712493,569.0400287
463.9728292,411.1083724
541.4915418,213.8150699
701.5184351,963.8856337
360.3464764,786.1248602
457.8822205,774.9830493
477.6574487,516.6134601
444.5050497,399.9315852
780.6236026,277.4896737
529.1703897,459.5104726
554.8681284,394.7491172
658.3668458,793.7542693
707.8288405,527.2858281
458.6056679,778.2403165
450.0895358,351.533413
889.3280944,525.9033658
590.4343958,556.7481786
688.9023582,546.6661872
717.1629931,605.3451558
485.2153261,279.1780637
907.1169282,645.1528229
684.528042,571.1078509
819.7939691,687.4291398
875.8524255,340.9532496
685.7694318,561.7276838
467.4859056,321.2815258
780.1014807,303.8807541
688.2938127,577.5416722
179.3634571,728.6302803
582.974642,887.7762451
615.6633138,526.1046154
500.8353007,508.9148089
718.3413741,812.0349435
792.1405015,447.0644051
980.7705482,568.3230354
738.1410508,463.3028939
662.2300059,324.4602738
497.6905695,452.9270723
851.2464645,624.1321506
845.4345115,250.2488614
310.7478427,661.1964347
661.4204644,428.4911753
494.1561756,368.7499427
406.0651266,841.8547668
486.994163,712.6236715
334.7016944,509.2146356
354.3666498,508.679586
585.8504249,460.157367
497.0124836,625.0426208
561.9624582,389.6484069
492.4165731,738.0087132
831.5728352,752.6846138
482.0923618,282.9787379
684.9405652,718.2605388
433.7897075,886.0983648
553.9551153,961.7195477
749.4220787,543.8665371
791.1658429,592.7914223
703.2252449,433.4135149
916.8933108,459.6787517
501.5261052,457.8678611
617.3550381,647.7525189
385.0799381,484.2099246
702.809396,319.2379822
925.6153824,657.5918074
880.5893493,440.7308952
748.0696222,556.4981002
673.0052557,434.4901539
858.1661944,410.9728131
631.5488512,454.8939563
736.654592,322.6499474
820.3787403,332.7850091
590.8340206,688.9383024
509.0721029,506.732175
223.8107711,517.7404951
490.6720869,571.7727558
917.9358768,466.8382372
580.8121795,627.7374465
705.6045978,461.8161922
592.63816,286.0571746
459.2429314,552.5910344
575.109271,629.784145
158.6834701,711.3109111
507.5239685,208.6112276
639.1377535,957.7144898
778.8326163,639.6557981
495.5506381,429.2389243
511.0940764,418.0153767
686.7957887,196.976886
588.5054673,449.2938204
507.3332044,379.2153362
355.6587941,529.3176293
303.7842044,669.3152194
700.7685468,279.7359085
812.5047105,580.0245507
635.971555,765.3780435
762.0219915,713.4442355
553.0420124,324.8903736
857.5228188,293.9711787
785.4027719,509.8431225
633.1968018,703.998211
374.9795233,601.0083454
727.2747183,534.5701126
331.7174963,512.5053329
346.2747708,805.5898603
666.7451855,588.6377256
527.5124918,492.0318495
528.5266545,515.3828335
790.2593315,934.2831481
418.3751481,578.0166938
470.4942376,392.153997
777.5185253,559.7335541
490.395798,339.3055608
428.0306064,570.5981246
820.7238953,511.0229145
658.5835264,520.1786399
505.0964528,422.7355265
622.062345,457.1361795
471.8656148,412.7473275
582.1551384,635.4787421
661.8581702,519.7183275
766.1546542,355.2383517
591.1242265,172.1508383
478.2327371,673.4130042
398.5860777,273.8141744
689.6610552,432.2978461
540.751286,200.0901319
542.2470329,426.1459246
510.4709097,442.937557
769.8465401,490.0734066
409.1893193,789.8526359
495.8274213,664.3805525
629.7214618,736.2396521
568.665897,448.0576359
745.3363056,267.7895173
864.1945434,521.3089552
430.8095991,416.974299
374.6314619,328.9246829
540.0503396,301.8321751
317.2275898,448.5962584
705.9338883,155.1125331
386.5229379,328.1358357
603.0333947,545.8571984
708.1468806,547.3830551
476.9636181,210.2307305
366.7223324,335.7662059
717.9149188,468.3502831
698.1085607,134.3734471
671.6987,387.9398126
514.5630646,986.2426765
824.2323727,644.6884572
523.5197787,394.5164016
965.3785047,562.7482437
952.2539233,505.5574603
559.0300483,396.4553505
565.8982747,561.9492212
443.7490492,598.1773754
476.629384,522.8305078
304.8603272,704.3714796
482.6543473,448.5214584
972.5901933,601.5258442
566.7282947,489.1562294
495.2602374,335.2608464
805.7732129,440.4260331
391.471389,662.3571715
558.0764376,411.9696585
675.0314838,356.6237809
736.8318884,438.5875208
494.7676124,379.7819146
553.7087579,290.6148748
665.8850842,328.5063254
560.1636371,481.0612846
737.9008954,526.3152462
859.9775694,466.472762
708.3347833,432.5178165
583.7000968,475.9654843
397.478061,298.3524512
475.1226113,537.9427973
524.8986313,487.0641285
823.6964835,382.9490457
617.5293084,88.51862021
444.8928997,256.148636
645.6277924,832.8497905
435.006484,782.9015456
454.442175,637.5038573
659.487581,913.6995123
682.8007536,471.3777806
774.6924633,443.3366922
558.6051361,577.0003126
419.2086436,331.798736
720.6101245,320.788222
673.136966,563.9742946
677.4460263,423.4229758
611.4623092,599.3501261
650.232916,487.4723734
443.0361931,527.3536495
801.0566179,160.0207275
248.1161447,664.1475443
473.550448,387.2781881
481.9200839,760.8327335
482.3689802,508.3881795
494.636067,623.0853062
356.1039303,410.9496001
354.6657842,304.8847035
361.6207787,720.3204422
798.0329307,283.3295665
497.6267668,247.0649108
659.6279201,888.5099117
493.4070962,337.6639313
513.4330713,501.726469
450.2969734,840.167735
727.367299,400.0157456
551.1181624,761.5642897
387.0724895,335.6889613
736.2626822,506.3758931
675.9517325,958.6002009
539.7721482,294.089229
344.3991287,972.2479153
563.4149409,404.8978854
372.5505993,349.9581632
327.1862873,551.0796571
751.1584005,304.6370278
571.0408905,394.6532145
647.8989247,513.8653343
678.4683983,519.9546787
483.3735552,525.0210605
687.7119777,425.3576206
381.5910405,328.8642997
599.9569455,611.4528242
405.9580896,411.4123988
648.341649,473.7286935
638.516759,720.9656024
285.5584737,762.8019785
777.8939114,502.6215196
580.5130302,591.8960374
552.8139314,466.2493023
458.3928073,431.4056162
440.631448,482.18763
521.5042319,482.2110938
546.0834225,738.0232344
760.2612662,551.9465011
521.4223924,546.8997804
400.3303991,613.6103228
535.8862624,363.4813294
732.820794,509.5910383
483.8994373,609.2843354
763.8875517,693.2503745
549.9118873,286.3450501
646.4789651,602.1788814
529.4030697,483.4107349
584.9392994,327.9423169
523.5034498,542.5802075
532.7280036,507.094934
212.755652,704.8917154
512.6721422,374.665513
780.8558632,437.7815198
844.693282,493.9985664
192.7513241,733.3929699
973.6907047,903.2615107
944.3276259,966.1720264
585.8087186,609.4440062
685.7601437,385.8232868
492.3081579,712.462559
681.3573043,640.1345597
517.4885684,610.0061551
978.3306284,643.8245384
556.51921,661.6068735
625.624603,477.0563938
615.7263226,746.1500423
794.1563179,328.4770949
352.3877458,406.084823
530.1355955,784.9405552
282.4472094,674.8092355
535.3224043,365.0663784
551.0355888,458.3491717
441.3874185,432.6464182
551.4940728,672.0105465
102.962229,604.3995212
606.2322212,730.6996904
527.5937321,395.2222375
668.4341982,438.8414855
257.4138792,726.2278013
669.7564837,561.8046149
798.9593665,383.6088943
556.4979224,211.8183704
590.1187676,555.7320482
227.41502,658.0792191
337.6825519,580.9579624
600.5489823,780.1486351
864.063747,261.7873838
865.3573894,738.370908
272.5705761,363.327885
588.5711127,845.8149656
465.3324466,415.5094732
598.5021259,668.9105265
670.3004325,743.4548197
701.5985818,527.4131761
514.7525703,447.7097116
489.277175,373.7663463
663.9314825,477.641714
754.5190783,555.8432453
773.3248313,648.3074595
532.8851361,782.76724
777.8343032,683.9838908
643.2750902,597.9300341
497.582364,589.4233133
525.5789943,485.1190994
608.4396107,493.9015354
645.7161335,488.0474974
497.237913,535.9557298
549.9394818,331.526928
510.417129,791.3280131
412.1709857,311.8082348
423.1821814,565.2580544
556.5127683,506.9110681
785.0541413,429.3621562
462.278019,624.0680065
488.1853075,298.9867884
953.8147463,474.4701953
816.5462157,317.1616144
744.5544485,319.0869406
519.8325519,399.6185745
950.0243174,507.4990628
537.9654472,466.9814018
469.9297054,612.0362431
442.4581183,561.6845798
593.8490041,523.2589361
261.1349924,722.3870735
470.7447447,520.328595
270.6155962,300.7808804
824.7835721,393.5078556
525.864646,900.6101442
526.7937483,559.3350249
392.0893724,593.3486821
586.8185069,904.7543133
430.1007579,886.7142736
702.5051232,415.2088734
750.767,425.6096631
719.7055306,345.427834
350.1319387,368.244625
685.2614965,718.2885365
772.4420193,638.5272797
520.1455434,466.2608148
721.293963,527.4821258
809.2338119,331.0283172
699.1474565,388.9464572
656.4580813,649.455054
580.1290002,390.9111474
772.3426674,327.4524816
698.0163246,101.54468
733.2678777,454.2780057
455.03171,577.7940281
649.0842417,533.5991546
839.4789387,593.2353957
550.089034,913.6563874
594.8444559,766.2301155
711.5445757,5.128143947
433.4549341,427.4555718
504.2218203,448.0465413
727.9652682,72.8023314
528.067032,492.7597702
839.408095,593.5897553
425.2874176,568.2892292
648.8166417,803.8229095
468.1898032,506.6750512
558.2763399,247.8395292
426.8716404,608.2530569
600.0968052,286.4070421
693.3306648,497.7137013
503.0954972,455.3786518
717.4705017,516.747536
634.8314646,695.4709725
739.1010433,171.7709255
623.5750949,565.2842135
795.7347882,651.0432789
468.3865446,267.0685333
508.9252771,485.6521223
701.8946901,426.4634693
717.9247611,206.3319387
500.721807,600.2617665
355.7977101,378.5683582
750.101393,304.6532832
582.1472286,466.9471777
533.0598858,462.1739366
788.5583491,250.6334544
582.7684178,639.5703423
446.8365542,373.6690646
638.2365452,604.3938798
603.6815792,538.6491347
921.2378753,535.1203729
736.1282605,775.7622854
558.3944477,482.3530048
707.7011451,504.1079496
768.1534676,444.7626763
639.6075928,520.5394348
467.0553007,617.1212621
449.6777766,642.6158712
758.1873397,908.8836269
446.1856732,514.28856
764.0202506,262.8103883
426.972835,969.1535993
381.5965235,728.420715
866.4694958,513.7062903
798.8622766,256.1445826
370.3820997,345.2193134
583.0712225,728.9997044
689.644097,192.0944537
689.7484375,199.555521
621.2489984,548.5527971
506.6539501,438.1719004
789.0772053,531.7493806
527.2417309,489.6155597
623.0616019,467.0699499
335.9399832,571.5706287
490.5907118,374.8546441
598.7904892,667.8733977
276.3620835,670.0477159
496.6764368,609.3692062
710.8915824,558.0622136
300.8690372,328.3509588
429.885006,534.2526932
225.5942221,662.2475833
812.10173,84.17495663
602.6753862,942.950647
526.8410274,329.1251803
600.6119611,315.1222914
939.9426285,677.7621629
774.1592107,468.5200038
549.8408339,546.1852527
382.5465838,873.4377801
407.0466913,986.3675381
751.8326813,440.9514924
531.0150068,473.6146549
776.7528923,711.7540905
477.4785194,782.2838608
608.7637778,641.9145901
722.5345887,506.4956358
910.6107844,583.4220364
548.4010699,537.2976162
562.8651346,335.2742603
407.0662411,610.2773781
477.2256603,201.7165507
722.6013127,396.2916473
807.4019733,375.6174994
794.1504455,403.9994082
549.7131685,555.2016161
572.4411804,192.0836307
526.5210699,560.398271
465.458539,635.8300721
599.6634738,919.9141363
720.0652319,915.9349032
605.4192192,564.3023698
392.137026,430.9200223
404.0326216,348.9545064
475.5214722,435.4348065
629.1825315,555.2169313
713.411529,479.7379519
579.6985451,380.3584803
308.017792,653.9536037
564.5882884,348.8056795
529.055368,549.0217177
609.5961648,737.627296
424.6278928,482.3660008
556.7266626,394.1993583
760.2982985,55.40398347
563.3344796,558.23908
594.4507784,266.577131
587.674099,635.8016147
571.7876329,355.2282599
636.1082388,888.183111
574.3287921,524.451724
712.2421814,956.6881632
403.7089039,355.3005318
529.2753294,547.6588539
443.0403428,414.0279114
720.5652873,453.8209946
546.8580739,739.6246851
438.0903037,992.0648513
970.4587709,486.1578788
764.5784011,877.3623549
484.5795606,409.6293388
860.6369594,229.8188372
544.594372,344.0520369
478.3642975,401.3459315
688.1319613,405.0781575
617.1388667,534.0260786
861.502214,523.176092
460.0605175,799.2183654
677.0736213,536.5776351
703.3107397,512.415364
686.7038822,618.7029054
460.0457315,435.4316933
266.9147818,288.3518205
688.5022689,426.7842943
726.9858757,434.9127946
500.1778732,355.1051743
776.6912168,499.0605395
181.2475633,546.1740953
595.8051974,195.1138444
869.0217108,432.1316565
403.4873396,986.2283224
594.8003827,350.8179241
858.0404016,592.4239204
347.9582108,358.7227976
529.9764706,566.1093741
427.0152603,484.1855415
631.8845235,753.5719337
899.76147,537.0085707
618.0960129,830.1147233
596.0260427,509.8387348
457.9547869,915.2775201
482.7455348,605.9256704
646.5540633,562.4075695
69.36743517,603.0504264
436.5970437,428.1737142
402.2563614,418.4186697
792.840624,330.4206197
463.861298,487.0559172
198.284052,541.2525706
461.5881133,608.0720117
665.6759388,18.83544761
517.26239,482.5274476
459.749788,404.5332878
634.1340836,564.0933478
837.4110344,446.0651778
463.2284088,641.5379576
722.8875188,472.7724866
761.2418721,502.2695628
743.8678086,303.3384961
612.1856518,527.9201444
459.3448301,786.3852185
660.8484418,610.854696
857.8154515,284.9164124
640.7106659,521.1209733
598.2181969,779.1304779
640.76178,878.4945298
539.8257491,458.0832349
495.7719178,549.1676403
798.1497201,652.1673678
533.5311783,338.1012186
549.2068062,688.2001019
265.9002446,712.8342396
521.6180252,327.8195865
980.413858,951.7888695
540.5160742,536.6306637
385.4147415,486.7425722
829.5910549,546.495777
586.7760217,372.9718578
857.2718323,398.524113
586.3355295,464.1574731
865.3036088,669.0072441
214.380113,532.1333468
596.2047923,542.8795954
558.1698272,401.1536663
360.2409524,482.2286447
593.8671008,704.9406488
494.6533847,446.760128
439.4746093,870.1859872
539.776942,511.3674749
378.0552984,462.1925113
301.2294726,658.4918516
752.1356208,525.7519899
521.1877799,393.4492275
633.9358442,531.2509579
692.6657619,549.8677096
805.3970927,320.1313822
613.5276219,914.8944105
453.7708453,253.8453819
681.9118745,545.7353037
782.4182742,432.041416
659.8769441,564.8250085
448.9830472,518.1151636
270.5339814,597.6306252
690.3010602,620.2120679
416.9886104,396.6880244
662.057683,498.8997823
496.1135824,556.8104214
542.2123376,202.1248165
776.4065987,453.4342286
784.1647678,552.8717224
852.3257332,289.4622448
402.0571182,421.5506364
580.7712523,801.3826545
779.5954031,640.4867882
384.3437121,343.8194675
350.7208895,342.4544934
904.1234121,540.058947
743.0612933,574.8841838
642.7640689,373.0149618
626.3720495,478.3916569
798.3533077,448.6792279
980.8528221,984.5282737
504.256156,259.7103682
724.118437,68.22455227
824.2606262,377.6721376
490.384188,212.9165927
631.7623709,465.9354141
352.224636,270.3390054
471.8366721,746.4033176
541.6989944,285.8960413
420.4592765,683.1129517
491.5880511,755.4727096
671.4995767,746.4353269
559.9711502,411.9901763
418.6007273,829.1223283
376.4471813,818.6350798
720.6570141,205.7474961
829.9816015,403.9690285
727.0246607,493.0847113
500.7189607,201.9553674
438.8916807,349.5657559
345.085394,359.0138489
504.3575603,678.1022311
691.1187361,615.702152
519.7881041,230.2135428
364.9564538,336.9847559
379.3837559,578.243204
829.1095306,574.9754064
317.88683,673.3541671
721.1969331,607.569849
692.8824126,523.6933401
194.8302692,369.938719
481.5442034,686.5012441
540.7414287,514.410392
501.8883233,420.8583397
530.0986081,296.1040017
599.6876526,308.9529861
714.0347107,716.8591467
694.0634452,379.4107354
724.3762697,298.1752087
429.8883167,381.3343483
368.9247933,778.4384528
777.5089676,150.9761783
520.6850579,552.658438
577.665351,320.9089258
611.6358455,653.9210928
303.9152854,643.2744661
564.3497359,581.8656538
936.6042269,493.1584457
474.0560162,364.3928861
618.1338691,549.0593893
656.3847508,495.9050254
385.0394003,752.2616806
694.8776456,894.282192
765.455101,456.8637237
739.9628524,560.6286048
667.536031,407.137455
594.8021354,577.0372947
434.9489432,368.4109191
459.0488416,547.6011451
238.1940001,407.9614666
790.1232019,247.5168865
546.0765014,796.3277435
608.2562471,594.7751886
474.2222569,649.4646652
707.0237783,409.5571296
530.3025552,540.9626476
865.9595082,352.0790976
570.4280754,578.822465
934.3170652,888.9569564
564.4711843,337.6818373
502.9472483,497.2594064
638.038875,476.0142923
654.3501486,319.5998427
751.5798522,543.2462197
527.9034728,917.9239556
647.4374146,860.7128425
476.3804798,427.4144527
644.2610592,573.7349178
196.5947247,371.4899408
436.1487915,854.0956568
911.5735933,731.1232923
400.9825384,616.2516393
744.3498572,424.4110249
589.3069491,613.7207259
667.3554987,412.6586749
687.6850574,429.6055904
470.9799715,322.4913004
521.0840236,493.355224
609.077084,532.2339507
599.5504445,415.8828462
874.0913557,595.2291074
480.6755332,278.9538936
769.221306,768.7745682
833.0020679,390.2030759
605.8612993,568.5006958
652.7797679,499.3152773
511.8877533,396.8415942
594.7794247,864.3690776
479.2828684,854.174531
551.8139105,808.3529044
335.9661544,740.1515861
197.8936702,700.9202131
598.2963212,499.5305466
476.8596671,235.6804387
400.7574536,943.9052869
466.720677,501.9559252
583.0772297,839.7789423
755.1794421,523.7440077
685.9642257,406.5625191
847.0314829,580.734252
504.4044199,456.8701172
702.9181558,310.115478
804.0533999,348.1144484
718.4627027,955.3219145
445.2637916,536.4758194
628.9740603,470.8474739
782.3746204,681.8184943
854.7013109,525.5669122
690.194892,431.3361859
343.9112077,662.7160233
671.3598518,561.8096085
512.2299871,452.1855496
579.5456372,588.7381623
698.272794,495.7147452
570.1221997,767.4884474
694.7445721,552.2775014
310.8324537,665.7969046
331.3043738,441.3245103
226.880509,544.9199213
950.928387,499.6050541
873.4992739,600.0865507
734.9667627,430.0689324
790.7232834,255.6339579
573.9523574,363.1079564
605.9690854,645.3478252
624.1674164,593.6944544
523.5148501,563.4350036
470.6417675,280.3013168
848.4488957,152.9843695
452.1355234,408.5286927
466.0624106,634.9796299
788.8664869,248.4893279
662.0015953,474.3019371
529.1473793,809.2630195
645.5764086,539.0402884
461.4300371,834.7895335
284.5053013,719.4558549
542.8157148,472.1925152
578.1271907,380.7805778
467.433653,279.3521512
421.3938917,941.1629277
621.711692,633.7947189
710.8867437,496.1029946
782.4645495,649.25744
169.1099246,713.408904
411.2761442,435.3345996
775.52118,673.2981716
701.1509738,506.9112771
810.9469585,441.4222099
692.1459619,565.1747088
783.160028,573.5233885
722.9263038,324.305137
711.5596462,525.2460872
656.9861206,538.2997478
500.9289001,582.4248567
475.8378493,270.4799135
441.2460158,484.1903053
412.9779804,230.1003818
505.8742052,462.5939865
523.5877611,758.86002
721.3275047,527.0825936
734.425825,529.7364883
212.1634354,804.5611936
787.4036826,558.1976684
586.5635056,398.5793772
242.9689897,701.4574357
838.1058387,369.2190304
838.6457278,109.6171848
628.9111264,567.4811597
523.9145948,483.5441004
478.3369877,595.6932224
715.6643849,456.1947654
412.0270063,613.5990819
772.4517568,921.20874
973.1372731,561.8469876
658.1584943,538.2620971
558.1674004,728.4403552
224.4701611,520.1373745
543.4800934,402.5539719
165.1290912,542.8782164
659.2803831,357.9057228
555.5364169,558.0793256
265.398841,600.0917532
493.3991864,335.4371069
543.0274369,307.8256587
533.394854,309.83736
548.9554003,476.3640344
488.4824645,765.5248437
952.9997818,504.9324835
364.4956628,342.6875642
580.3769756,353.5220684
558.1057848,444.1571308
438.6647383,561.3050012
962.3114034,657.48107
380.2168619,332.3826981
939.2429104,870.056508
305.0391966,409.9388602
720.4077504,199.7300264
249.7502981,737.6681435
553.3838118,355.5075689
602.0807577,577.0144996
558.6246709,602.8180032
618.7075096,389.3532604
624.9243307,566.0027737
473.6786976,666.4939233
529.7082413,548.7668337
738.7359939,530.1524639
395.6956586,426.5643448
667.7063315,879.2092456
717.7117058,357.8455485
537.7929745,422.1958384
672.7763658,567.2308723
469.504119,855.5237303
567.3881491,384.1534297
890.06462,412.424434
870.3886238,436.3740058
572.2788197,487.4471336
479.6352742,604.6458805
638.6130549,386.2914344
448.5767709,368.8244292
522.7944138,984.0382085
576.2670685,525.6098909
830.1868369,747.3113223
915.5917885,854.4734175
724.3627721,545.2812386
758.1725238,529.09745
237.7122361,388.2903069
616.7722443,830.9412839
836.9297048,554.8756094
204.4154831,520.8444014
769.2640759,620.7334739
595.3046177,561.5738006
600.2291746,546.2305087
711.5628072,565.2406498
807.8408176,553.9263184
642.2854209,466.7096773
626.7013849,567.9134324
588.805935,385.5888997
337.6055811,672.6063346
474.5119086,411.0670862
795.623991,285.0190848
743.6405216,369.4401082
754.7804314,470.5245386
651.9511111,604.0043977
595.4441029,298.8260521
468.5657436,453.7553252
227.6986344,545.1041215
928.8476307,526.1198052
418.9879931,246.4318063
773.8588779,773.0336743
697.1206442,193.1488199
499.6320069,526.7672846
827.3089867,554.8378333
594.9105507,274.4997433
801.1826655,426.0746139
511.8285646,958.4617791
600.6054445,506.7229608
454.1340821,415.5009276
490.4988652,621.9032786
204.3365199,655.7815227
770.6855785,451.5590268
714.0675184,200.4476256
804.4873754,279.6341136
929.1308257,453.3706486
905.6953657,844.6586793
653.9703282,637.183471
698.7769391,572.4976678
552.8098716,470.7413958
681.3423236,520.9640605
729.6845868,443.4706426
557.0597882,415.4933431
516.6337254,375.5766937
310.4888116,711.5152738
459.5601325,475.4749177
196.0232563,372.2534647
581.279637,325.797292
721.176784,414.8922271
489.1343491,605.343735
683.8002951,436.2203107
745.3044267,551.4344973
261.6446205,458.0234994
503.1376079,722.6396801
805.5186011,443.3450497
755.6765163,299.4390148
919.381753,871.9793061
773.4246626,365.169991
574.4625996,429.191934
771.8489338,360.8912237
455.1893967,916.2554984
499.8877872,566.8521713
750.1031008,677.7475999
720.934756,542.8649697
813.9102586,353.4481878
793.273446,566.6289832
478.4558895,742.3027539
731.5310616,913.3013801
572.3705015,802.564891
580.4405536,590.3196593
657.2235795,497.9618157
664.2184975,904.0988316
574.1167405,981.0829619
890.4589117,839.9955488
356.2844776,279.3978251
399.3295543,417.589957
842.2691369,371.0482031
411.2242211,614.293468
515.0756439,630.6604957
637.6796831,983.9793923
870.4422547,436.71585
790.3226848,849.7525782
562.7776774,481.4030034
700.3547951,505.9929925
586.2764307,841.4778627
649.98545,626.9581896
633.1559645,824.642792
438.2518555,360.0509567
428.6841839,560.13551
800.7988153,426.8275654
570.295721,421.510562
363.3228995,489.0616847
171.7076809,551.0356547
579.3022909,903.6130705
562.6045455,409.6386783
657.133231,505.3306576
756.7777767,309.6501302
744.4846235,610.6621592
669.1672482,501.6987011
906.2547447,460.3232642
685.4517663,336.1255383
510.4208143,239.8103374
578.2536876,393.6067671
662.4156016,326.8444915
295.7348256,555.7228967
748.1697681,355.0800599
651.3052187,474.212595
499.6283216,799.4994294
666.8123139,410.1668121
549.2991921,837.2767997
681.8226045,552.1897054
768.9836824,308.7561034
500.7492067,407.8847444
694.061273,142.1271119
632.3649691,595.2491655
743.6450308,209.8163638
611.5434297,488.7845487
469.0352833,302.466972
966.916572,903.6055905
497.1247339,540.1334962
93.14216277,617.2176454
669.4104298,432.3112809
400.1266467,441.710336
504.9778057,990.4379937
643.6159008,614.0991761
453.7229671,398.4710426
499.2017165,418.790413
976.1044232,912.800074
185.223543,539.1794832
281.462259,309.6946341
706.8276961,409.6103463
678.0655077,520.9706002
497.0600773,570.5172654
428.7670871,566.8557441
815.7484491,589.6963123
387.1403071,386.1617045
567.8888187,395.2150082
693.529084,538.1231112
779.9317345,602.0597447
460.8889945,431.8249139
708.4543292,499.8147865
873.7651811,459.4753292
687.1494079,546.0809506
463.2632689,543.8638418
473.1982969,283.4258663
498.8255065,457.9098786
499.7452459,508.9139523
481.5596036,338.2061684
495.0241867,337.0032888
539.8637701,750.510233
419.5726594,928.2081995
709.2071238,471.3640951
275.3239967,423.1538004
332.5028289,512.895421
469.867955,709.3133966
221.9367768,401.0504089
637.9462644,478.2342217
848.8201771,512.9870405
433.3612299,426.4159149
624.390359,744.1171964
544.6015328,479.4163747
467.3399488,276.7863868
705.073023,494.1835605
453.7030128,349.6951306
579.0878573,483.2440438
564.0340029,524.3221404
692.6162807,548.3347907
778.1813609,306.8292729
806.5912634,439.3998945
493.5171294,379.7900841
973.6482044,599.7578069
625.5619537,536.4760492
608.2049981,617.3500706
492.2010759,697.1916434
867.8496217,604.4628295
584.6202556,400.5220871
425.6538902,397.6452551
873.4710503,825.4257053
488.3192798,719.4083214
671.5424215,501.4218367
592.3459466,614.9319839
502.0150749,535.3032567
409.7318599,329.4181329
551.7539128,455.2510322
703.1457274,540.8749562
506.0785268,242.9805398
443.9751977,387.0363
468.2150307,478.132803
633.7952054,538.8373464
535.6050749,515.8743612
618.2351535,289.1495475
208.3570971,677.8042849
337.2144053,372.7775032
405.0895542,731.7869644
501.2564229,271.8725302
815.4567601,752.7219093
643.6949689,764.8239178
474.5496,532.7704002
968.5002406,587.5154962
725.5485385,507.9357233
408.779148,443.2149019
458.1605767,533.2119707
779.5354953,409.1633642
720.8729607,305.0404462
499.0295285,887.8991427
583.8415894,987.0063466
704.8633233,540.4227506
609.0109742,492.6063467
582.9967535,595.0280041
763.305462,348.4450099
831.3918086,246.4587594
808.3039606,680.9651687
447.9200475,569.4709016
639.2090166,408.1072011
648.8794108,312.2008719
756.3915146,368.0480139
875.8892331,816.5675083
897.4935735,856.2842245
486.1031266,901.0090913
473.554268,460.32901
721.976633,517.6181408
605.2070178,341.1439686
894.6258652,852.9300308
860.1088302,716.9378329
495.0676906,226.6719314
585.8164936,242.4929819
850.5092947,761.6049909
852.011738,636.3760074
473.1385689,254.1088742
788.0059962,306.5132952
281.4906025,310.0010215
791.1659777,899.1090676
470.2900359,746.3279952
958.3271994,470.635861
505.7504198,551.9947241
482.1801336,336.9424877
584.7158924,466.3472945
486.4410011,403.5130621
748.6211662,700.2244271
604.354317,589.2038861
783.9204477,481.9981229
519.1106025,439.6092717
562.0779893,481.8039354
700.02134,549.0800115
452.6934492,517.1226223
666.2157829,304.077616
828.3904426,285.2620802
940.5978239,448.6286857
510.4222375,426.1384446
447.0079632,510.3066525
586.5733779,546.8049433
724.4630228,478.6274648
534.1477085,694.0917488
706.7358645,637.7812649
782.2790287,432.6503044
319.3391029,668.7600699
452.3487735,413.5216535
444.8484819,546.7865149
564.6028646,382.871822
659.4489009,545.7297668
874.6210129,718.7291878
538.7678728,536.6332128
830.2047388,459.0117156
160.3230016,715.2053361
75.3545723,608.052079
563.6279513,736.3433065
476.5274853,804.5465052
642.2788444,597.2753463
396.5257685,329.164795
617.116111,519.8171763
438.9895196,956.6425937
375.3884811,865.168121
420.6406177,527.2045719
833.3923148,810.7896493
751.1309109,515.330954
485.5516725,390.4469697
749.4111428,472.5950561
462.3187964,619.9694068
667.2979279,562.2070095
927.8601936,854.2474088
709.6234372,540.1060208
835.9206656,671.2378921
452.3264822,580.4873703
557.7388478,576.1370625
831.3312716,537.2930404
512.451971,553.3422309
943.0588065,560.0784489
644.7794659,543.7129465
690.0700879,478.8802177
667.7055525,843.1636619
712.6021823,811.1153844
491.7085258,214.0753655
602.1934874,333.0486268
534.5084585,815.1161799
891.9424043,424.0703508
188.9375553,501.146811
525.9645972,568.3989219
478.796775,753.3335976
474.2430352,411.418646
749.0666319,602.684408
789.2140839,344.812552
485.4210409,512.5235105
707.2007302,264.6766058
804.9685701,328.0933794
775.1831108,307.9607165
484.3504909,585.47797
671.8403574,429.4654972
541.9440185,989.5502769
499.5466319,479.5164144
894.5553211,533.0072946
760.4112529,361.9515446
698.5428209,65.67604621
560.7488427,529.2611115
507.7318106,358.8491427
455.6285107,531.4829631
609.6820042,594.2537826
622.7552917,626.0149996
584.6512807,301.9845749
550.4203619,388.5368543
554.0835298,762.2652365
489.9784061,564.8437921
478.016416,509.4489392
603.7200346,368.1594199
517.3961526,453.0270493
729.9296409,433.7421333
472.8273601,301.4687267
646.576834,373.4710118
132.6794363,500.3588623
651.6174313,605.5686573
749.1161731,537.5008924
762.6288143,555.4365047
487.3997651,593.3159623
542.5036221,671.5968693
893.5238408,852.8679552
706.9779075,266.2370836
533.9907708,721.9213706
482.0095935,228.9482742
808.1277128,167.399682
662.3764271,696.8316425
238.6804081,512.8595254
446.8995929,883.2485903
772.9872265,474.9768501
582.4322661,587.0809251
944.1702837,880.9887746
433.8653001,382.7910046
716.4852967,415.7039322
541.5368434,463.9444394
187.8294188,482.5384377
327.0441506,598.5171512
559.7641021,856.9321636
352.7392227,523.3165822
425.6168879,650.350627
740.354942,485.7878279
609.8795995,211.2906545
806.4621298,332.4019623
695.446732,510.4971626
582.4656731,280.2741966
424.4395556,937.2638643
903.1391659,533.0532193
586.6842949,312.3030428
521.6239276,353.9112163
665.1470456,517.8030931
368.229135,453.6384242
929.2203353,850.8913555
800.9850852,354.5220688
469.1273247,764.5730245
407.2662932,430.0796091
268.9873751,599.1989801
447.8240662,564.4084061
436.3671201,537.3537789
592.1997801,354.3794892
792.5196777,343.2316818
776.2841166,501.4932937
750.0000637,678.2039215
452.6962206,285.8947459
667.0333839,493.1554161
620.4273526,542.0430893
444.6942108,738.3984879
796.4902344,422.7845434
646.7375168,906.2635177
643.9187504,477.257309
660.3305744,316.5334618
757.4668135,526.5898123
509.1178689,723.8902604
710.7386146,470.7340412
832.8564855,473.5822486
844.154936,716.523696
859.1058731,722.1039201
528.8293843,334.5938521
368.9038053,349.2460382
953.5317011,871.1897485
382.7538116,327.5032119
551.7911548,300.4618731
753.7509435,643.1514013
755.0754761,558.1206745
233.6803185,530.1790408
535.1593545,696.0709393
735.3425683,844.8679103
629.9630404,436.608393
573.9675927,686.5541473
674.6047589,175.758725
497.8060706,835.8911824
763.2540183,151.9329284
221.2769225,651.0877619
487.7467928,824.7351219
746.431364,389.5487851
823.2813836,224.9762912
729.5780592,306.3770047
499.1131657,662.5875679
771.6997561,683.5083677
567.868445,470.680741
552.1314711,311.0606947
624.100258,677.0358928
959.6207369,912.2879032
533.8249646,768.8362886
526.0203104,399.5010675
621.7200662,991.2617963
577.4432923,551.1708797
692.2734626,652.7938071
672.5577826,260.5490055
277.036649,676.2980057
881.106962,534.637349
548.6030845,454.1487564
426.6389754,458.7030926
649.2638452,173.6239172
792.6084832,678.5799062
437.0344948,648.7135314
402.7947224,883.1130937
823.8932548,304.5680572
566.5382497,376.740669
689.9728932,543.1802578
562.7363906,526.9685341
807.1713756,350.2202765
575.1585874,587.2569975
782.2908334,627.9701622
760.7593891,359.853301
478.9763336,259.1981765
689.2564268,525.5137374
758.2242371,528.0868146
561.6095432,416.8505029
705.3253727,462.5582581
834.3940435,359.834204
559.5470169,522.7435476
879.2850257,628.4766499
770.7911474,433.9044367
507.3968724,668.7627443
440.2479124,574.6665953
424.12971,639.3611322
731.0174487,545.0017625
283.3844162,710.9205513
734.6270606,880.663917
690.3178385,172.9613315
704.6556161,473.5749775
512.0970934,680.7670114
723.6412422,490.9683109
466.5015395,943.8707911
374.6363007,428.0140643
432.2839835,410.4998391
749.1551678,359.9784551
538.6495553,481.6429066
549.5428231,750.3405958
404.5083784,601.0975621
503.2358962,539.6689633
636.3774717,313.9264529
451.5460932,565.9391311
443.4062461,545.8083903
381.6691948,346.7043018
963.3787326,562.233085
800.8336753,172.8704433
480.6785143,430.7416515
720.5953985,513.1710735
710.5272521,645.4557837
618.5585117,520.8267879
687.3143153,725.5857543
876.0685969,528.9324722
646.1340048,572.7954051
257.4053852,671.0833612
264.1876673,459.6266633
600.5690864,632.5749361
811.7783119,757.0494846
611.0049638,530.7165141
872.0994184,588.9336033
655.3392635,578.0944816
451.9988246,413.169822
556.1190608,420.6949289
551.400833,785.2464203
646.4213045,409.3341923
567.5886357,212.1776401
452.4910751,741.2676936
398.7100429,604.3006933
857.7567722,719.0145768
348.876497,656.5061213
786.6833811,668.6276238
329.7590259,867.8821272
899.41624,497.3045371
484.6961703,711.4854374
635.6000189,544.7120275
635.9060594,546.1961175
624.6236832,448.3720047
471.6827605,682.8951124
551.6316255,799.6507635
429.4211589,577.1519602
594.0555129,498.7251306
236.9493895,749.4352445
461.5457779,635.527571
661.1178245,643.0453651
743.8771865,366.022648
962.2744161,913.8220548
758.465591,541.768983
692.3860724,465.094186
541.4431991,444.5897379
542.2841101,424.9713979
796.006433,409.674762
363.2111286,590.7519321
626.1150258,690.8108507
478.0841736,412.8061646
783.7506416,696.732334
455.1893068,881.5122072
778.3634661,299.2808066
530.7653836,603.2294449
599.2010799,610.8916363
957.5386309,882.7499796
580.8423806,377.7605603
442.8279765,852.530248
855.0338672,531.4304778
843.8258252,578.5791979
681.1087298,314.9567494
830.6223555,744.7355707
632.251026,602.5555765
334.4197579,262.8954053
407.2678212,289.6522744
511.2513287,687.8033904
526.630369,560.709067
710.3979238,519.7672191
518.5101316,583.2336993
741.6586214,660.1128589
323.2741703,381.1934611
522.7890507,353.4941542
687.2698826,552.477748
862.8516295,405.4003615
637.4746873,459.8055146
354.5710463,983.9014165
840.8554093,622.3532485
220.4708865,520.9763043
177.2235256,702.4321336
565.0006318,507.2155333
535.0709834,463.2403795
639.5584412,720.0918218
831.8038824,726.8854769
512.1454511,433.4597738
484.1238331,743.2553461
466.6626119,287.8177319
788.6253128,151.6682243
654.0641822,359.5048961
401.433577,736.8120599
873.427846,827.3654483
491.1189608,718.1205291
928.2736906,864.5005626
348.3599329,292.9103772
539.949205,482.2126191
805.8007025,335.8182316
789.150356,655.3461994
624.9346673,463.0901736
648.0645212,518.983867
509.1986448,414.3442442
738.8147024,312.9372756
809.4445453,208.0366677
334.233428,725.2536257
848.1250582,286.4432929
396.1399709,462.1913621
782.6124688,175.0097433
392.919752,343.1097871
545.5067858,336.1277739
477.3985525,440.1996273
653.6129339,494.3103444
643.1652518,531.9294228
508.1922121,938.9978864
541.8954212,395.94529
496.6871181,290.1092855
695.1448711,486.9258321
552.1929818,551.7489915
581.4921979,483.2190966
413.7705637,694.7699421
814.6392639,616.0300392
699.7271043,635.1342861
550.4887937,414.9730863
474.8442701,502.3310742
809.6609413,199.5114559
624.5823365,875.6110118
825.654085,551.2233023
866.2508227,581.8770409
260.2639552,464.1190702
519.8409261,693.0427314
565.6453557,292.2806785
539.7333183,678.8404943
815.0466787,725.2606042
447.3267523,865.1319119
455.3910518,414.3591415
382.509162,310.1880005
690.0304041,471.3475472
468.225697,601.5930388
968.5035063,919.0391856
946.9069859,883.9327384
720.7044729,542.6001193
695.305584,547.485623
492.1567031,214.4527501
281.2370543,701.1636682
448.1501359,570.7559985
518.0715269,531.0199346
689.3496666,549.8415923
612.4039204,654.6667524
824.1768093,386.0435706
297.7244409,706.0420889
482.0139978,596.4901137
187.5491451,744.9381366
660.4059572,651.2001917
565.735914,563.1513905
668.8321003,550.2528041
549.2209929,475.3576823
736.7088371,321.3698232
211.637029,400.9688393
645.1965433,294.0595388
645.1188834,534.7074478
406.1848972,453.917169
828.3824878,610.4364848
234.7682162,781.1302698
366.9374851,361.135828
208.523143,495.8072004
569.0571626,503.3432766
486.0856741,589.6095402
646.5740326,283.6494304
385.2463136,843.8583823
543.7339262,468.534734
783.4976178,461.0684014
686.7345327,573.2784708
572.6459814,383.1438181
516.5101047,482.2388827
789.9488717,161.1960064
304.8544697,417.9003769
562.2253094,568.1431394
304.9998723,709.8123417
396.8024918,764.528834
605.3083172,293.4483729
312.7535772,324.455113
790.9977596,286.3923955
749.3135436,663.9412385
561.1789832,460.8968629
571.0589272,798.5353873
598.9767141,570.6085297
382.3031925,556.5530928
542.5237712,462.4837088
781.6646706,633.1924956
554.4782859,369.1056604
284.7469698,311.6504444
581.9604344,553.0153885
487.413817,598.7574513
502.8983064,443.9924037
641.0172157,521.9911393
519.1917679,575.6620826
420.5881853,347.8918871
455.9894854,760.1697299
550.3222234,504.6217293
718.1175177,472.5275899
865.8002935,791.638433
585.450815,467.3592461
641.2755128,870.5209365
489.6610702,681.4669971
453.9017017,435.6054256
943.1408557,880.0661023
498.5237205,792.3577037
789.9093077,465.646285
410.2644533,437.6720987
498.7325214,812.6391099
472.9253937,684.9564575
641.5105748,552.2217357
515.5147129,496.5174659
760.6340307,532.9568986
370.6485013,445.6458174
524.106857,336.5055346
630.4510064,688.8934224
420.4269931,316.6364684
618.8805516,590.3671302
877.1932271,432.4212661
601.3151846,495.4465726
598.5288814,568.7806733
746.1332033,681.4159534
685.8733828,666.0161228
426.0782182,640.0147126
515.0132643,638.1547842
940.1549048,528.8183918
858.9442165,618.9370001
787.0432472,323.4338218
806.1794293,674.6669066
769.4627049,486.4520433
643.7705615,313.0118457
807.4575666,684.1958797
509.8300059,528.4939521
580.6858324,287.2776887
615.3386373,930.9350136
817.6375589,817.7139328
661.542602,652.4001671
717.3584761,463.7655463
499.0959529,325.8566932
347.8745137,466.7690159
595.8561168,773.8478449
612.5347767,508.5351886
384.5048744,857.4065584
529.2394656,413.3242484
806.1452433,455.3059412
480.5646461,849.7412328
649.437771,471.634566
608.6374906,284.2857525
468.7448677,421.2792462
441.5764149,488.1452597
884.5225291,587.7970617
843.0174073,728.2755236
232.9718968,547.7662483
758.9442689,486.3158154
491.2928567,421.7551872
606.3741632,575.3033144
697.9409568,195.6532191
530.0888257,714.7756332
926.7867524,599.2079853
639.2712614,895.4710728
486.0269049,407.9228965
724.8083127,456.7186786
629.1924038,657.3717952
561.552287,518.5045204
819.6106953,374.7583444
688.7264849,765.6161707
388.3577877,390.9640298
425.9808587,463.4394351
472.1873101,641.7035413
303.9545798,667.9465889
573.2663017,405.5788994
797.2712825,331.4873968
893.6747113,620.7345604
616.7172053,761.4732134
223.3137269,522.7140455
829.4401245,335.932312
703.3824223,463.795717
165.6892641,533.5267783
702.7860411,425.9999393
652.9948906,467.2460642
538.8408437,817.3913527
539.1636926,504.6488078
484.7835976,307.921436
431.629657,519.8576686
478.0005664,790.1538207
471.1022439,670.9606516
882.3677518,377.0651086
583.2677092,599.8872443
523.5168575,293.8025236
432.1698457,546.513892
535.11236,515.0596892
308.9792376,645.9896006
594.9893491,375.9376976
582.2527525,726.5714006
826.463162,744.435347
459.3872554,443.1053973
605.6827445,297.7487235
602.5147034,702.9600166
732.4558944,250.0456896
647.6516385,478.9117465
515.2162526,481.7684159
640.6328113,292.6548873
424.6062457,736.5335031
581.720983,476.9651295
212.1416535,527.3184643
600.8999799,795.6413179
505.6200428,671.2935533
729.8722349,315.0789366
499.8502306,280.9737017
416.197645,607.5607393
807.680734,443.9403781
499.046187,295.1176241
846.9118621,422.672239
567.6239302,408.2147418
492.0170082,733.6406665
539.5319928,560.8467574
599.7342426,302.1580983
481.1702704,409.8779547
586.1221596,463.38415
451.4499022,526.9276449
380.3070157,408.8896966
678.2550134,332.9996098
720.4132633,548.7399851
889.0907254,845.2597535
696.1218218,571.7100115
433.2150633,595.8262744
486.1902393,331.4756127
715.3594231,506.8480314
435.3804919,327.3652289
866.339059,435.3064765
517.1952465,402.2934883
749.6890795,622.6409567
601.4922714,683.9750736
414.1094868,423.8286507
673.3260223,551.9582225
634.6019755,534.1220649
710.2548432,542.7935545
540.6235757,369.764715
630.819741,550.831083
494.1533593,222.7674147
748.9434307,626.927789
521.23813,937.7054557
713.6079558,528.3048628
352.8383499,397.289809
737.4413927,854.5792657
461.7055919,616.6924368
709.9478889,404.6789806
670.2397607,796.557931
558.4432398,651.7376859
701.224529,495.3875475
493.7743628,334.0473318
635.8080857,570.0487836
788.3594655,561.6787504
872.8699202,431.5119659
283.050287,704.1673467
484.1818233,281.6853461
567.8457043,451.0697138
785.8184261,338.8786369
544.9486353,687.966049
710.2468585,433.2493728
814.5126171,447.4544306
238.4811349,722.088584
486.20525,845.6861969
612.5658317,594.3823425
742.2454,346.6772651
768.7539984,150.6840405
291.7505616,301.3859244
246.655902,693.8829983
475.5356289,328.2480775
864.6977148,415.9536345
654.9016926,898.6360518
777.7626656,593.4882112
960.7861296,567.7269967
655.750828,539.3518992
463.3888221,401.2733044
895.3314556,848.9201047
733.6264405,451.0837962
562.8946316,486.260781
568.7074684,475.0414121
268.2639127,726.0380852
433.4103815,485.8106231
696.2092491,237.9784694
599.6180524,758.9055686
423.6276472,568.7605526
525.9309955,546.5503308
788.08839,438.1460965
784.6294837,425.8953656
569.0802928,490.7018935
531.2170364,472.6329993
506.2415017,661.8880837
525.5596692,800.47793
966.2120152,541.4403854
564.6848838,522.1650806
506.8531333,416.7294649
602.8165493,587.7282373
521.5503275,748.5073697
524.5163691,442.2601367
812.7061259,452.5379871
432.7687287,850.7192529
481.4954113,447.3030755
703.4430641,381.0872995
353.5502023,784.0004366
549.6983376,260.782536
285.5477026,626.5655106
510.1801345,670.4537251
773.1638488,477.4762348
623.3921508,946.3513086
709.839264,424.7541646
384.2182489,326.733984
664.7313165,13.92700246
551.5711334,563.6812584
480.5115845,428.0374654
794.2157314,647.2885501
784.4183609,878.877326
453.0414806,917.9755843
534.9725752,492.1164905
789.2734973,333.6847191
472.9802979,620.6216291
500.7123542,572.162029
473.5006072,536.4677126
620.6976192,724.079684
761.7861355,312.4366172
806.0999118,434.155142
796.4869086,565.6132289
407.9649026,609.6191593
801.2064848,582.6027469
518.2122555,556.59557
346.1910737,291.6258444
604.1170678,278.9521385
205.1826741,514.6733202
385.5768925,331.296824
560.9655084,443.0202757
788.0079137,868.7259043
721.353721,272.0303414
573.9238042,528.0704547
457.2869029,775.2976898
951.4763806,918.8993849
397.2882706,410.9995363
444.3769947,776.896863
771.1147752,347.3195838
629.6013616,318.3156651
630.1749722,440.2870054
805.119186,161.5339226
686.2474206,443.3141268
540.0638971,461.7064577
811.6093597,599.7725997
638.0930452,294.4684314
521.4215086,483.3437284
520.5509807,491.7191522
514.4973144,638.0537833
835.8808918,250.7465528
654.196222,575.5188344
601.2189786,277.1080267
644.8810949,466.6244305
500.4964975,462.6597186
669.7772769,566.0173159
463.6450667,413.3084318
937.8183968,526.0091514
513.299054,552.2446562
814.9607195,588.9534107
752.9871681,553.7628449
594.1236301,562.2327298
699.9192766,560.6170505
744.4150232,303.6170529
476.8803704,784.1330498
519.1083704,497.4126209
608.6447712,562.9638055
480.7627208,744.5194866
523.7201604,574.58793
433.2227634,581.0337653
812.7384092,334.7703007
661.5685335,546.4982843
622.4630185,624.4553784
841.1703783,588.141643
802.099978,817.4372565
379.5590299,456.6809025
555.2142871,669.7991209
803.6578647,676.8539283
604.148707,524.5275687
558.662617,697.1108469
455.3444019,625.9809844
637.4961996,899.0887588
804.9748021,579.0160256
136.2807189,666.1163924
418.5554257,240.4717739
747.6750758,326.8127329
952.5415076,638.2825291
549.148037,469.63047
647.1232995,481.0432323
869.9014518,441.9209669
602.6734537,344.932023
829.6956201,444.7052391
624.422912,627.9086925
546.8739834,449.7914491
449.3628226,893.5816213
799.0411011,349.0367028
606.9813605,243.6130801
881.5260019,444.7129907
762.2290845,55.43910602
499.3236594,216.9133349
593.6390348,912.8197142
704.2029146,334.9887667
495.1640015,240.3395367
898.8620744,623.2009954
914.1924124,855.9792997
813.6499392,353.5986444
952.6726635,537.4560751
618.763103,437.7320223
583.8609295,238.378294
868.0560856,351.7279138
586.4227171,375.0919773
801.7091618,670.1266111
414.1409762,226.767855
587.0693286,385.6530855
609.8317811,729.4080746
677.561033,529.0396576
145.32516,693.5870161
340.4586383,475.6366778
497.839133,315.3914668
727.0937067,541.3949622
794.9738141,273.1280623
623.3139216,562.9936002
280.6208537,327.26147
797.3658706,382.4729167
592.6725257,751.730747
655.4204439,249.8232955
592.6389839,733.2187988
497.8701131,447.221506
593.7815461,558.4485408
462.7957366,691.1178022
725.6508117,343.6913046
645.54429,976.134526
745.5747982,444.6029846
460.4408922,680.9537606
769.4150513,123.1662176
891.3198069,842.7916678
904.8226208,931.7932493
513.5646017,502.3227794
223.2256554,652.3288355
627.5154355,595.1070873
531.6557609,175.7221608
454.3743274,503.5852692
648.5162639,354.2900218
487.7197377,839.8147752
698.0985087,478.5051105
442.6285386,508.8320484
764.8328481,435.179818
447.8670008,742.9270202
335.2494933,442.1737407
696.4020655,459.3309109
787.3973158,253.4420889
801.9855105,258.1247969
326.6020704,401.0097286
275.3468722,580.9897837
376.3338824,561.6839112
793.1112951,655.7367054
716.191046,168.50762
271.782472,712.818026
820.1509739,543.3808806
400.3543233,434.8392901
447.93362,526.7799672
700.7763817,393.4951939
577.3472511,479.7035397
683.3188907,286.2204392
397.2800762,435.4800835
464.798415,382.7042116
546.7371948,310.1426191
433.6035275,320.1423306
723.5993412,458.1716367
437.2250491,366.3240208
572.2367839,322.8815765
174.9318847,525.0235468
581.4687532,584.8023048
800.2003068,347.5803181
669.6340165,555.9947883
797.60294,192.4352533
829.258154,500.3176805
953.6141099,904.9404566
560.2766214,572.0389434
514.2766338,502.1342751
518.0321427,548.3823242
453.7942751,410.0186956
622.0621203,535.3317142
937.6908062,592.0221736
787.2263861,473.2130961
549.6853643,752.2375691
755.3333087,467.113639
861.0359551,579.9992273
752.2606646,625.6433398
507.305655,358.044249
589.8633169,332.6998876
663.3388914,901.3408229
668.2076602,561.1770682
527.9484299,466.6414589
836.9044474,401.3301984
818.6503883,414.6176402
913.6325991,859.6861606
563.7899375,676.8277692
466.4070413,432.3074155
207.0395155,356.4218
626.4578588,448.7868312
801.9348458,317.7598679
711.0907956,581.507387
616.8203923,550.3220463
562.2164858,468.7476423
494.2756916,309.2560514
662.0936366,554.5669864
932.5230379,940.4476895
973.7548969,595.7868477
800.1708248,422.9302153
563.3731298,470.3886241
480.3831251,325.4877287
575.0747106,546.5199512
614.650035,886.9942511
578.2381527,474.1876269
734.7443145,551.2029517
728.4288006,294.6189507
746.7909904,302.098509
651.4560293,270.1264105
486.1545104,676.5970802
662.5309529,676.9133921
323.608779,430.8989822
724.6665804,159.2727278
670.2989943,669.2452877
498.7218701,446.3896175
335.1758782,516.1614844
499.4213634,532.6294503
946.1098335,884.3414221
874.7096537,692.2621582
672.3200091,254.3023721
675.9537849,430.0779376
542.6951652,365.7420018
768.8743833,593.021777
608.2108556,637.2664823
555.0897677,478.9672615
705.8085898,541.0582579
564.8481284,338.8272171
658.3487041,468.8178665
552.9037856,297.0705511
214.1969291,515.2017465
809.608419,749.6526868
581.6276384,472.2000161
588.5869922,478.0687425
606.8885252,663.5506698
617.2800897,89.69500646
504.7707277,797.86014
406.0185966,467.8583166
453.8271727,549.0941149
731.6731534,349.2912525
570.9335089,521.6994403
541.128335,483.10978
620.2613516,233.9327938
930.1847771,431.080696
840.0920234,365.5544795
979.2328404,617.440729
752.2045919,319.6480866
534.5508539,550.7455436
584.4000245,318.0833255
409.2703348,262.4223478
163.5096638,530.9741353
499.8177375,624.8927702
663.507559,881.0012064
509.0847316,442.895832
581.6439074,482.3647681
698.0740901,422.2528786
607.2472827,500.869487
774.1417133,283.7970663
415.7843278,227.4543014
674.8705163,556.9873296
874.5098712,523.9040754
764.9746104,444.4706639
809.9395522,442.6904664
502.1622003,464.8740276
236.4773929,471.4541894
322.2656554,329.0263315
815.9584334,473.8632499
503.4010882,552.7141619
573.3469128,702.8660152
710.7946124,164.5624439
534.0482517,482.2232332
410.9816089,970.6261349
746.6033273,625.2358053
773.0163639,571.1006634
652.5188942,850.3817964
700.2980783,518.6701459
446.7399137,503.4006929
724.1563831,514.6826598
440.8287587,486.554256
480.9715067,379.6661836
448.6389108,431.699321
717.4009314,721.5630411
352.1868697,572.930045
551.4795265,515.6841645
507.12722,203.9127865
527.3840924,482.8678292
687.9156252,529.6899159
214.4905955,406.0270516
532.7039447,567.6644823
593.1687909,616.3217799
864.3806485,935.3203813
331.3107556,618.6542227
516.5423132,374.7271708
501.6334569,193.699122
645.8877522,593.1109519
636.9446855,312.1736264
473.7588743,250.8219169
553.7600218,531.6749149
609.2332726,255.1703861
453.3505921,563.8987843
594.4182253,292.9374766
662.9987549,507.7521708
670.5768711,660.6870636
787.5021057,555.5086303
412.3869473,583.5283443
916.7549791,461.2640723
699.1825413,541.283598
616.3029892,480.103239
641.6956761,591.0911646
309.469196,645.4504767
679.9544377,618.9241294
649.4932595,568.5498799
753.788545,774.3430081
438.6489186,427.2100273
500.9613183,419.7319524
626.909242,447.1272956
559.6430282,576.7350653
579.8104808,463.8855606
547.7962695,446.07832
521.1460886,409.6039736
991.2085528,924.9794734
504.1438608,716.67643
412.9135185,423.6972075
689.6638865,545.2531991
524.343417,547.529124
492.2510515,340.4165076
292.2781515,667.4153837
633.1223778,586.8263962
426.0880905,327.3980322
570.8808518,642.9370723
908.71363,605.2351497
515.2204172,563.5407891
697.1804771,864.3597798
376.0065094,829.067858
759.1065697,357.4420884
214.9396567,516.2992794
416.7284408,614.5701025
446.7114355,398.2083234
463.6771704,256.6692897
723.888828,14.74052527
595.6589859,270.083014
443.8328062,598.226079
406.6588413,303.0553427
628.1540174,441.6489917
228.2026147,800.6078689
469.4634164,274.8786115
817.2987406,450.9991135
566.417026,492.7723065
579.3661086,730.5688323
654.1528379,823.9267181
507.0758662,692.3047398
623.7823677,667.4409996
542.4628147,560.3451379
888.9260876,592.7349671
469.8200317,403.3438638
516.1462687,753.2135415
549.8170296,408.8132878
700.7882764,419.7037457
563.7465984,509.7487868
386.1552819,620.1260689
716.3211383,399.7025886
778.8041231,285.862235
446.7748787,494.0160336
595.9201592,383.2244057
816.8887491,59.92052273
814.9965983,156.3810194
788.7630003,539.4931625
439.782822,317.3662278
231.666899,766.4594882
426.3417885,243.5573145
786.8893956,564.492065
778.0498005,554.0643431
569.4658658,509.5540562
590.1940306,478.4649525
494.3411722,403.0366615
812.0069771,321.5023737
433.1707354,722.7115132
518.7429914,605.0822067
568.8659341,521.1339901
623.7688701,537.9014902
259.7085911,772.5883847
884.6737592,558.0551097
744.1730401,446.243068
492.7488298,701.272358
421.1882667,551.8798915
389.1721229,743.9799239
591.9629953,381.0302593
332.7758669,554.563915
349.9312274,593.4509784
933.0715408,736.4340902
570.7501902,349.4895351
502.2713945,348.3805524
375.2414756,610.5491862
396.1862462,926.6845366
754.8075914,278.2627251
566.1064913,648.6957089
608.5716805,619.513524
639.321222,299.5533251
804.946189,435.4992013
543.8914332,328.8976672
490.1708181,520.0644759
465.2035078,645.5063677
487.3314232,829.441628
440.5285307,860.7646592
800.9431542,595.2664029
261.4003004,707.4868775
444.3632574,525.6882846
828.3951465,553.384332
638.2538329,543.5733756
610.962119,490.2459271
467.80835,774.4808448
658.0756212,538.1252424
696.064206,734.3012255
418.7173669,358.590456
451.5468123,533.726816
938.4669557,602.0065907
450.2585929,456.8449819
735.3467928,667.0395452
499.8656307,678.0889844
714.5916927,858.2777064
918.4594369,955.9466196
419.825833,315.7989386
713.495361,488.5566387
363.3645009,348.9295591
433.2575935,579.1870417
644.4484376,392.0628163
822.3971784,405.1924677
750.3556004,550.079615
391.8451422,306.9504572
526.9125003,475.5823956
817.4730859,384.9289048
445.1772332,522.3650347
633.1489535,566.0671059
383.5433089,566.5896401
483.7295563,224.2464274
892.3789416,845.645621
441.3012196,567.8108646
593.5955159,573.2459391
531.6557609,175.7221608
257.3294181,581.8659045
229.9030727,765.011858
619.4660418,438.27708
812.3301405,368.0347881
692.6410437,547.5480329
459.8347285,752.8736404
435.3809563,786.6629813
573.0750433,641.2852256
683.469177,434.6943286
423.4257674,416.6502772
615.6519884,374.8679326
345.1634734,408.5346892
575.5703766,371.9575869
626.7706257,525.0403246
771.5645554,76.2895771
549.4876792,298.630423
262.3350205,436.2193913
677.826326,534.6466258
928.0866417,601.0534761
707.8892277,142.1007438
472.2909765,955.4010813
717.1474881,811.5634947
205.7609138,711.5025912
449.7437066,421.2939346
369.5705958,778.4309937
913.4242476,858.1478512
558.0656965,417.7652773
718.5344152,424.44387
602.2903226,272.4625515
819.7284286,288.5496016
492.2391568,409.0099198
577.82906,484.9937572
733.9608694,428.9476432
522.8397903,897.9794626
564.8891905,472.0977825
582.613922,475.9163002
772.6592243,781.4163901
836.3655621,544.5886703
459.7150478,236.0779651
633.7462036,447.8787428
458.8431568,376.5231849
257.9133803,746.2293972
599.3705414,667.0383752
462.9266978,554.1924015
795.9609516,251.0966501
575.2884401,412.4997981
873.9476609,712.784366
582.3239857,480.0071273
852.5497994,623.4530379
582.1264653,178.0994418
589.8343892,568.9575189
682.0571122,532.3162724
237.4768745,661.3212337
425.4102743,505.1191283
765.4046909,435.1950496
725.1881631,307.4463935
316.2309696,626.8351666
790.3162131,331.5925346
576.2746338,389.5973424
516.9770378,396.7312329
411.4808254,787.8917902
465.9559878,619.7974922
780.6679305,289.6235662
463.6385202,344.8706578
545.0056069,421.9025306
767.3485102,441.2978288
422.9331425,276.4743581
565.7296221,509.9423056
349.5557215,608.6937708
785.8528218,565.6398058
505.6463639,682.7379071
432.1637485,643.1972842
432.5891252,836.6461189
593.2843969,755.8655348
831.8989798,610.3814295
423.5338231,694.2297944
756.5368273,554.5985988
279.2938643,296.7255101
560.0330055,739.0700161
282.5882675,590.5512676
433.7456943,517.3660565
493.396445,371.8496911
645.4489679,272.5261524
730.9304708,529.9043494
553.1350724,768.7949606
636.8082714,453.5998332
403.966422,655.1230741
518.1516886,472.2505374
436.7123201,540.5433708
796.7929641,524.6370107
540.9736744,434.9269815
558.5325696,477.332903
957.1946293,892.340297
828.7680758,725.5693735
593.2871234,499.073828
805.5168034,604.496009
570.3424009,982.7520878
511.4916639,236.5263888
785.1310372,335.1856703
607.8425703,563.4909364
937.7992065,876.5290039
369.164739,798.7395202
701.6844062,264.4567189
768.3213112,663.5894488
543.4930667,474.3897957
639.9628898,557.9260275
541.7150686,385.1788997
524.7360459,344.6396345
302.2571179,410.2647415
490.3595448,627.5248098
424.312774,478.8643593
640.9631205,399.3385133
402.085222,446.1916065
515.1031634,424.9099491
741.3586331,450.4820116
495.2175874,674.9102573
716.0384977,545.6916146
280.656283,681.567601
416.0664741,649.8454973
634.4991031,635.0461141
458.7679537,774.6072108
946.016294,896.4445798
686.3207661,632.8366943
874.9859575,443.5792697
530.711588,381.9420041
570.33145,502.8547994
472.0634049,441.8523724
692.9768958,185.8431402
164.7792472,699.0836022
970.1223945,599.5651656
417.8795569,567.1930126
569.5311816,524.1004776
419.2115199,438.5074765
482.0910435,706.5371894
504.7275533,942.1672322
460.6685986,919.1842516
386.2318182,566.7832216
393.6379711,323.7581988
797.9449491,567.3348609
352.9972651,507.5664872
599.5372765,730.201414
651.1183197,967.3058937
820.811083,512.5308234
934.0645208,863.0908338
799.803753,201.8872325
362.9194546,497.4921638
222.9777999,519.2898156
417.874838,439.4733572
420.9314827,550.2272718
720.2958896,521.2111302
548.7701641,262.7053967
783.8837001,482.3937061
494.5433365,581.9173452
561.8947605,516.541836
695.2514437,929.8877096
738.6096318,435.9416285
571.9732436,368.6155743
267.7698046,720.0288686
642.6921766,494.2827645
808.4823356,611.2664928
353.1668764,291.0870339
606.992611,293.1206947
696.2941596,468.8665282
451.8915779,688.3570147
490.6848055,568.2198198
693.0383017,945.0019004
832.327068,182.9201955
346.3810139,985.4006336
712.6754679,575.3815619
737.0189223,483.7567579
667.4155713,370.9704153
473.9237667,302.4514061
574.9837328,898.3413023
574.6260389,672.9758423
268.5896228,727.0051151
497.3675709,549.3564371
883.4150368,653.7806862
596.4503408,500.1534966
771.8513457,433.3946895
717.3043958,398.5071681
527.3752388,543.4670259
572.9911065,695.5691109
503.6287648,678.0617389
491.5394837,517.6669697
425.9161421,275.3861857
810.5110654,511.2040641
722.8497525,400.5332235
589.8958999,639.8536211
723.2454823,507.9848656
404.0590626,350.4989795
960.062802,931.2576564
959.8893706,580.8615373
888.618564,487.5323387
504.5568933,730.156931
695.1171119,464.955033
777.572306,418.231816
580.1866459,737.73024
416.841515,527.6969354
638.1988239,869.9015175
604.7267968,502.0838374
699.4259775,198.7478485
698.7817929,516.2848626
459.3031688,455.30638
529.8224391,455.000306
220.3734371,498.6006242
599.2193413,756.4110314
506.9885887,214.9554561
312.6482629,715.9286392
311.6205577,699.7105011
170.6350786,693.0538678
561.9835361,406.1439526
461.2430331,408.4973937
783.2993484,161.9115789
628.9464509,598.8849038
466.6277668,366.1642038
677.2516368,563.3257496
644.3465839,470.9420812
883.8435294,556.9241884
782.8513209,112.6748739
824.390344,493.495547
819.8395403,681.6850035
800.9159343,566.8869178
529.527724,485.7311847
384.0483679,299.2971665
476.4599823,429.6186491
640.9149426,568.6973696
590.5214935,478.5727438
717.4805837,201.1475486
499.2076639,738.2646419
777.4269034,399.0879126
521.782648,402.3609963
441.4244208,228.4690111
921.1492346,459.0532944
578.5471743,402.3393921
562.3872956,505.3915631
682.2467078,545.6961068
369.5055347,778.2230582
657.7348405,575.942499
624.2673975,905.1377781
566.572915,434.9815145
371.573409,314.8513191
500.7639477,699.14386
904.2635714,569.0721843
746.2286303,777.1902126
615.9728748,271.5134694
818.4330484,686.2550101
587.1324422,697.9867379
657.4372491,410.6094482
451.3167539,227.0942169
198.66961,674.5155516
214.8817413,652.8860117
545.7647084,456.5794002
221.1109664,779.7241139
731.0762029,794.5506382
748.3201142,246.6445266
616.4841507,816.2229897
779.0014187,638.5814783
730.817022,409.2459994
199.8343435,495.8045051
395.9423306,447.1917949
533.9959841,626.6423791
390.422606,372.5876618
261.4697209,684.8180567
652.938773,551.748114
699.9939553,621.8019643
872.6756057,979.8065777
365.6038742,373.8342513
511.0751109,220.7619606
493.8233347,447.2361943
940.1931655,870.3735095
732.62224,924.226689
622.1786551,439.1640238
646.0239417,482.773995
668.2560329,533.7155333
790.3732146,639.9238244
532.9962479,693.4694046
471.176653,213.7818278
643.2432712,490.3867307
478.7829179,596.6210973
479.4863362,404.2473973
212.9445585,745.4469226
537.1625871,474.3977981
683.9882279,161.2267204
796.8445876,463.2414451
776.442792,311.4727841
492.6749001,722.4949067
612.6966431,656.8592691
744.9123221,310.5120014
600.0088985,586.4589152
443.5270354,815.8439126
460.2577982,236.2008836
578.4800458,362.3948494
454.9686413,779.4005936
620.2204843,86.93367568
514.5645177,533.5454156
482.8210375,601.6679224
568.3382094,344.6167767
567.7777519,403.6466783
496.0620638,544.234624
456.5794399,523.0292919
498.466749,204.921813
918.4342993,859.6663115
339.7856758,524.5686251
583.4278228,421.3372058
772.2744004,364.8580876
633.5546755,598.7714711
678.4359502,170.6902748
561.9721058,555.2472901
748.2273688,534.1985991
773.4543393,315.4133009
469.0544736,321.2326342
560.0456641,455.2738273
797.0028286,679.6361738
540.7383877,677.552117
895.1572751,590.248286
493.9658759,408.0632614
556.3028739,766.6501863
623.8840117,966.7408823
380.1163565,504.8438727
712.5099462,431.8439482
497.706479,304.3435111
557.3023105,468.8181799
441.0344585,370.9962401
693.4614612,199.9245064
556.7241608,591.5518949
768.7786567,301.9468824
704.366309,4.591861583
742.8553987,287.824606
784.5732612,880.5401628
552.450395,486.7204038
906.1976682,450.7955865
517.8363152,433.4361011
825.4704367,245.2828119
640.498045,557.702714
418.7141011,583.5019136
831.0338151,99.60111348
196.3046236,677.2609195
796.6288057,334.1465985
441.0540982,492.6982587
532.5040873,306.2755233
699.8269955,473.2503498
541.7615387,393.8469836
461.5954988,413.982906
483.6170963,698.3190963
600.093075,626.6934019
457.6225302,240.2502573
546.8590027,910.8097889
716.7184412,418.710703
853.954988,524.6069444
598.540042,667.0327756
604.2559388,561.7758232
508.3897475,436.3758236
843.5380612,397.9640534
840.3405979,174.6728927
580.5730578,234.9641559
711.1077538,379.787159
616.5881466,401.5299436
627.0522326,801.7683131
584.652539,525.0312567
548.7561122,394.6759052
467.2864078,394.2172853
568.6132099,358.0110696
643.8038935,471.3960209
339.0793063,523.5038747
498.310066,413.9358531
624.4615323,562.7699524
650.6507574,492.2505663
829.9907097,247.9951884
699.8880868,504.8744404
587.0360415,273.6729738
575.4443441,519.5311187
608.1361319,269.6261282
501.5353933,697.4206609
706.0480411,543.5730622
833.8401176,432.0726105
394.3878745,958.2462591
608.7112106,505.0401495
447.5936632,936.4673073
407.1153628,349.9340726
181.1964192,489.146263
960.6619247,540.483301
712.472869,514.9270969
358.5194316,274.7182512
784.4860137,625.5047927
517.0527502,186.3091983
712.903429,541.6249199
669.3299685,559.7945851
765.5790662,354.7161309
478.7556381,520.1593549
293.8629586,527.7843762
458.1492662,471.7183712
264.8297995,426.6793445
612.2215755,765.7759878
855.446705,413.9640598
790.739103,256.2442253
869.8902013,508.6082126
851.6464788,410.7931469
513.3269331,237.6245276
301.9145845,663.0763795
608.3609771,684.9700803
365.7561679,345.0179594
366.6937343,602.775735
527.35879,569.7122464
714.0663499,544.7582238
574.6638802,725.580489
742.2434675,582.5000745
472.8531568,412.0836136
546.2577678,500.1260421
827.5292328,312.0369179
839.5543814,614.8441671
476.4249575,778.7503144
992.6522119,927.3649447
734.3036276,526.7021585
637.7965624,386.4919317
348.226455,793.0161523
872.1448848,498.1994623
453.5045486,408.9838443
488.6941116,505.5244062
487.0727667,568.0100665
629.9388915,636.9402666
570.3078105,383.7118174
468.1401123,492.5921598
633.9936247,588.6142409
658.0265744,472.753118
765.6356033,543.0695413
571.2607171,299.5937756
768.7228985,197.2462913
499.2389885,326.3388605
810.0847001,967.0797178
196.9105176,773.9484278
206.260265,514.1705516
758.0420569,71.05006895
523.3056448,550.561636
775.5916792,504.3045607
561.6398341,186.2339387
727.1295405,442.2150896
733.297899,892.7687462
530.8634772,426.7226992
589.148843,842.5837322
490.208854,569.2885819
542.6051762,752.0400595
361.871076,596.9695857
644.1376782,909.8927788
451.5084018,339.0028299
654.5396393,200.195207
527.6025707,678.4987128
498.5109869,538.4372084
813.2425394,201.0638269
783.4882399,614.5863161
833.1784655,472.9080041
798.5003881,370.2785783
464.297236,830.8293347
751.0439181,343.9554028
694.5967577,553.7347636
466.3389841,202.9818194
863.2020278,681.5062984
953.8763468,538.4649554
821.1359092,331.9071542
472.0489934,782.4644881
569.516126,376.3531717
728.5348789,397.9751063
610.629308,372.9393261
274.2784944,510.9353066
554.2365425,267.11801
836.198033,442.4897392
605.4103956,488.6108373
670.7931923,366.3671248
404.8991496,809.3478903
562.5166089,261.4906702
528.0102702,591.4377518
585.7839705,285.8496361
862.152286,582.640523
519.4224255,199.4225944
150.3914941,436.9638391
573.8946368,535.369344
185.0136485,544.7315215
571.7942693,508.2944079
463.3507561,895.7702727
460.9076754,259.3973157
558.6460483,393.5432498
567.5226757,297.2224702
457.6856439,624.1949366
445.2656941,563.2017238
854.5281641,611.7087738
579.9256973,410.45498
583.2842029,476.6936348
305.4645882,653.1993776
565.2979386,483.61936
871.5445038,691.5725777
409.8736671,263.8846245
538.2647314,460.7889671
903.6340529,706.3638332
895.4560949,845.8675763
789.3997995,599.0004467
713.3600404,913.7306024
695.1416503,565.9994516
611.5058131,642.0182236
754.7417063,279.6849275
802.4608478,800.9519278
752.8158489,903.6177508
507.861813,188.6684061
836.0602406,666.9494301
535.2988097,724.524514
427.0625843,587.9620395
823.626209,567.6969304
463.4324458,548.5792487
637.7488938,599.3231522
593.6422256,746.9852321
271.6047861,370.3694456
585.5838585,693.0588615
707.8173803,259.3709477
452.7233357,335.6858064
548.3779697,395.4285225
864.3401108,883.6487075
503.6902605,488.2576686
411.4665637,716.0362008
520.2711565,476.2517927
726.0519646,203.7172619
630.6365122,740.9897846
453.4264693,408.8859984
363.1646286,293.8871646
506.6589836,439.1991046
521.4879779,760.0227835
649.4394938,533.5834215
648.4624982,527.5447655
512.5096766,427.6151172
564.8953176,521.5086586
742.8894947,621.4815363
524.5265559,445.7406337
812.5721236,448.394988
277.7129372,705.7266962
808.2106309,631.3278451
845.219224,602.7927635
558.4901743,783.7578799
596.736382,306.9960685
519.8290464,572.5977911
607.3316839,511.3856943
780.9183477,507.2746837
615.3849876,640.288025
493.2370055,628.5971238
567.8354425,295.9980072
559.6124975,714.5139169
540.4292312,606.4871926
460.7231283,558.1179374
542.8828283,686.9038267
711.0946457,473.256618
684.4506817,568.425666
554.7964458,404.0127803
208.8965667,524.3344887
453.0751422,307.7318871
503.4374763,378.3372932
282.8746534,707.0658038
772.6285588,920.9954765
802.0166853,657.577516
561.3222435,447.2091577
507.8226086,730.1179222
794.523989,340.8243554
573.6972213,355.6813012
715.5997433,480.2547403
488.4072914,622.1294336
632.5818595,549.9292419
636.2232605,624.7633746
422.1540568,509.1889153
707.1073556,419.956812
708.4970691,162.2005408
644.8039893,538.0693095
465.1294133,541.0774175
705.6597566,493.5531514
300.932855,675.1944345
367.6635092,407.3235983
804.9798057,396.5697653
685.3721289,149.9579584
717.0656935,530.1111567
606.1239408,590.1279792
368.5341868,350.8892766
722.4967175,401.4370286
622.6673251,321.1249473
424.9047959,359.0579349
406.0522582,728.9115323
794.8160974,378.686095
463.7326588,405.4755167
230.4317112,520.7757233
790.6606192,530.6797828
369.0389611,342.1550636
811.6917984,598.9694403
438.5014937,588.7586174
610.8596661,490.004436
486.161042,214.3662078
484.7455916,341.4514007
650.834885,886.8722102
737.9300478,319.7121471
460.9923013,403.6962176
502.6685326,469.4546274
497.0287377,457.6461147
254.3539687,424.8254962
637.471841,824.1293675
843.1809216,635.471868
657.4858464,296.3498596
478.0127457,519.5743063
491.4517119,726.1339253
759.2326022,352.5705626
739.8273521,457.3481267
489.108867,405.1435135
793.3374735,444.7789944
740.3131458,324.3482619
487.4320036,220.5219321
606.4983531,535.9409996
183.3231677,743.4821906
807.4656412,548.9550872
541.5017586,787.1268456
479.831626,259.0165672
790.8340506,231.4002507
850.0337477,721.486298
484.2599476,409.9931215
798.0912355,167.8516995
840.3010639,726.0302918
739.8311122,434.894805
712.8138745,528.7638379
889.2651455,558.5155891
734.6423559,478.2399049
337.8518037,276.334829
664.0771997,496.1603482
441.435162,855.4869362
438.0060673,585.9622267
625.8323552,696.0421894
438.9332072,220.2565384
529.2785503,375.5012042
689.8383816,616.3761039
813.5272773,974.0366375
724.2863406,697.1119125
638.9081744,480.1691382
454.3199775,641.5989885
738.0212053,449.0101655
763.8247975,692.867829
499.8495415,233.5733361
530.8291864,636.0419566
572.7881182,569.1218699
571.0940869,907.0141082
495.2075503,790.8008405
685.0674966,427.6215316
482.2960542,265.441425
437.7594103,880.0989892
214.3383318,653.887015
407.5550759,990.740265
607.0082808,545.4208513
693.9480639,441.2446122
459.8202872,482.1518807
752.208382,383.2168003
593.7122753,392.0342962
442.0841254,438.8576365
850.185577,587.0885095
556.2267121,437.3879006
516.0535083,630.0968841
470.6872638,440.753962
815.7290641,417.0818605
739.0194135,695.0241785
571.5887193,760.624777
860.6447044,813.1815769
825.969024,634.8856702
385.0750244,939.569354
481.9261061,434.4087306
570.7127834,507.1589318
733.7372527,506.2734924
675.8519911,535.2900936
770.7560327,594.3801068
681.2757345,435.2501676
330.3682605,688.8687468
386.7933544,570.2828782
574.0298375,484.884754
728.4174303,446.9980045
425.9034685,269.2853078
523.2747995,597.3695357
634.5872644,565.7838271
536.3402672,807.4043656
366.532617,552.0575936
306.694308,407.7946083
463.6543548,782.9474285
704.4497814,264.0488293
656.3003346,537.8986068
730.9464852,449.8747111
482.432783,630.8491253
634.029069,593.7229745
857.9334095,413.2778223
396.5366146,443.9280089
798.6631533,288.4260981
495.3294332,586.855773
459.6968912,642.0490002
593.6195599,637.2193875
372.2648727,777.8976156
463.879889,640.3690096
512.8107884,451.2340857
725.7360818,514.2494467
527.378939,567.7814251
759.0207154,531.3079563
582.1749728,409.3173936
922.7625049,861.1647764
667.8084099,556.6264093
917.1918609,850.8682887
390.6969324,344.8785766
302.5157595,312.6486271
613.1040129,474.1987842
304.4882668,666.3836665
370.2054175,343.1693763
506.9742522,552.1805539
402.8191409,294.3717347
704.5217037,557.9130106
515.7677816,547.6738557
585.6318416,320.802012
686.6961671,575.8867542
490.7653417,741.1061424
868.136487,524.8340814
445.9910441,349.8975919
738.624972,577.9110336
816.4938582,373.0883201
520.6160419,761.0397497
827.1857405,390.2810517
635.5186887,564.6938787
710.2917107,756.1874672
789.2003166,292.2998381
727.0253648,447.7139321
914.7997445,638.7363017
693.5214438,443.8735595
378.2319057,728.6525949
555.6766212,209.6220092
454.1330484,213.3370396
554.5236025,200.4978335
538.8983846,632.3150794
200.485614,487.5638675
831.6491768,738.1887137
453.8673809,327.1502312
599.337494,662.871181
759.709872,323.4872056
796.2617339,509.7994753
671.7899624,476.3927217
716.9193023,190.219628
579.6949647,698.8885581
510.520331,399.7348278
689.2243831,191.7829683
596.5961628,180.3342476
549.8282052,500.7713277
788.8498434,293.9186098
530.8680613,543.2331193
403.5604453,444.2417718
710.4659811,163.1063308
960.2477686,542.1680345
291.5471539,379.5506824
816.2369094,374.9490843
893.7169418,654.4387379
261.6245463,731.3312487
857.704924,614.3298442
657.1327666,301.9094197
812.5386268,448.0654502
671.5523536,413.9296058
744.9666871,444.2235733
406.5562086,960.9230534
866.8112203,430.0947363
832.5278092,471.6476664
547.185402,283.8890411
974.9785495,534.2421001
278.9897263,650.2135006
414.6126282,608.4188287
307.5456606,651.8127992
690.9216951,578.1532978
696.2306714,192.6850392
696.0255858,466.0312333
573.1680584,981.0702167
552.8934639,684.8808009
488.9396901,244.273848
541.4477233,540.2670497
662.470356,690.7238487
459.8861573,422.5458103
674.0589225,874.6032598
816.0445424,556.1057346
463.9821622,377.6533958
406.9023074,288.3010066
503.4907477,739.6919424
704.5046706,904.9419192
895.8993885,915.9818726
848.001108,632.5054432
822.0011489,721.4925035
488.6564352,628.0960476
591.4142677,515.2923631
589.4593177,666.3586774
678.0666912,556.0799307
747.5389313,625.1811053
779.5687374,628.9223157
983.5593233,982.0956658
771.1196739,668.1575541
788.7511206,336.529479
769.201157,462.8951086
570.3662202,777.1107951
612.7290313,546.8578674
525.0565427,299.4382627
636.9345586,610.0250014
431.899609,885.7179087
692.7459235,392.7334461
709.7005128,426.8968912
523.0714217,483.2766591
626.9018865,551.811694
682.5317304,386.8799722
704.4332427,151.7696221
659.4799858,547.5595454
620.2212633,386.7389179
822.2316867,531.1391549
625.6056973,789.8288796
359.903842,270.7051909
804.8019699,582.0334105
394.2019042,842.6617499
432.8766046,764.8243775
732.080793,502.671832
364.2212315,632.3687557
616.6434404,389.299417
401.7876156,394.5945237
736.3754268,585.7400625
671.7465034,577.5643838
492.5386957,568.2512233
605.7673105,566.5127716
350.7826399,544.3490178
687.6604741,377.3537153
877.5752347,588.9214431
530.6100788,338.3698299
525.5477595,464.8009409
467.0388519,381.9122721
168.355617,716.5197053
581.706272,851.977355
463.0505281,634.6114176
254.9775998,423.6005526
832.9539649,461.7922061
815.9079634,555.1320605
830.4007012,382.9072162
817.0421514,562.5425438
755.6260763,351.7932489
887.6587663,839.6220086
226.7092648,770.8480108
701.5159034,546.390681
353.2324169,502.1143424
737.794967,659.2544979
494.4787997,204.5941348
342.8328378,575.7853563
419.8791493,580.135706
710.5846731,544.0432991
502.0655748,277.1066059
776.289944,496.7835072
576.2592037,578.5353209
605.6330835,622.2588292
723.365223,440.8294306
664.4357025,427.7209445
576.9853626,445.7776994
445.8798574,223.7439513
326.3352644,658.250068
430.6150149,518.114495
585.9217629,392.8652236
360.1398927,293.0195058
723.7218233,450.2183104
499.0964772,654.0069666
473.9167258,457.8762186
739.8623769,430.2982005
712.2309309,467.3169152
772.5642018,426.0574183
967.0109354,558.6421641
502.0682114,472.1962134
460.5780553,607.4096977
711.5674062,429.3271172
598.2060326,570.4768149
119.4933441,672.2954968
742.1077874,442.83501
226.9808197,717.5285438
833.7010518,740.1988689
589.1575617,508.1592456
624.4277059,476.4936389
423.3203483,576.9783741
840.5753154,168.6293685
516.1757507,549.5858725
891.0635622,402.8750685
282.6101543,666.0611282
696.3022642,513.4569431
345.2831092,831.5799043
234.0420273,531.4176072
487.2647142,421.0888197
356.6857054,988.5811576
621.5979886,677.1031083
471.8330318,510.9676294
487.5144873,414.9346834
517.2101074,612.5258277
584.7706468,786.5411075
457.144047,352.5061051
440.4768323,564.1295777
597.3959219,545.8504914
433.7300844,332.1986233
584.1394504,601.2240326
466.373934,408.2064678
760.0221295,529.0217307
697.0824884,495.863196
615.6069415,251.1447895
467.2503043,898.1918695
327.5844591,527.9217323
320.9311457,556.0226189
637.2035668,663.7141433
902.1966409,732.9417882
672.9343072,393.9599984
721.8172235,509.7482645
603.3645728,546.1403936
374.2366309,336.4767011
571.3711098,718.8545717
815.584815,315.7259564
487.8235089,548.4503128
694.7650208,468.9684066
501.754321,752.4350786
593.3563941,471.4571354
716.8120705,461.4948239
229.5747409,716.3562318
875.0820736,729.0451067
458.504728,545.9120029
763.4108062,297.3529314
663.775219,705.3266835
649.3370259,253.2195903
518.9149247,353.2504484
591.6309334,511.4175157
256.5643992,662.5918721
487.8329917,522.9054958
405.5077251,417.7243881
596.2822425,342.3102422
890.535463,572.4538952
494.5277566,692.8282979
175.2620591,738.5981495
472.2392482,623.7149631
641.1896584,470.7950512
795.8674122,438.3717918
807.7630678,628.8886557
825.9274376,730.0804595
171.2413171,702.9054419
216.6497772,644.6687961
494.1030092,412.8880894
651.0983953,539.0245344
418.756107,528.668353
467.3213278,419.419861
443.0182463,532.1406596
430.6419952,439.1020945
395.9697753,411.7411425
467.3383009,416.2388773
460.8492508,275.548113
295.0775779,412.8417886
543.0569638,878.0973169
446.9240114,573.993709
787.4767584,301.1593724
769.0344669,360.8394278
565.6959006,492.4538843
549.7340965,380.2648341
215.8654333,513.3749766
754.8611024,320.4426587
572.768868,489.2567915
713.5792229,324.2931021
531.3250621,545.8244786
439.0908789,250.0424302
772.1360687,464.9228565
820.2061777,501.0033539
480.4808741,592.3873144
634.1915345,637.4235622
545.4320172,536.4444578
557.6865502,580.7472897
882.5901701,437.8714887
621.7316463,535.0495845
441.3069423,579.7515517
594.7688633,312.0613219
513.2164505,544.9035823
816.29854,592.7544611
548.2038491,472.4642397
730.4694101,582.6387888
256.3548943,364.7003809
729.5732953,833.1785134
905.4618168,956.3500589
455.8882159,796.8930683
857.9251252,481.3028592
762.3667571,461.7824695
795.4765511,585.1979925
625.0592917,451.9472344
483.807366,578.4355319
657.2777197,493.4742771
707.4874007,629.8811761
608.6704332,537.013042
307.0782032,650.5910524
733.5519266,429.5035031
467.0350468,729.7517157
785.4532718,946.26719
729.2759736,472.0047631
540.6619862,918.3279382
447.2699155,763.9228707
826.9251215,298.8155425
601.4228359,278.5791624
698.3465439,388.7762769
447.296686,283.501502
552.7310582,472.3468372
710.9851668,320.4056348
723.8159619,533.1686369
782.6468645,186.0265881
528.1528114,567.7846846
600.276199,788.6508636
523.6720425,356.4071952
501.8245955,696.1628931
290.2043748,847.5185663
655.1827603,519.8054758
697.0069707,238.2327684
592.9482752,505.8609643
146.3003429,709.3774572
853.6328882,413.6088644
856.9795591,817.0549826
841.9802193,618.5127714
497.7391369,675.3903561
774.549173,296.9779913
460.1530832,544.2947774
504.4157603,224.2032816
921.8972803,440.5661472
457.4438256,796.3921383
669.7208446,554.2562531
529.9301503,592.4833634
419.1534847,611.7587519
922.5519214,493.6228532
483.0644587,320.2450656
288.1733979,684.5493618
503.5008596,582.440151
455.3349491,511.8275992
812.4623751,726.9916386
678.2228649,553.6611546
635.2062964,567.8787487
958.8458608,905.3050751
491.8181545,334.4068522
413.3600329,393.0006993
857.935342,411.6996683
442.1955368,582.8813455
542.1872899,569.1448949
678.8920972,549.1049588
477.3986873,458.4519277
829.1456341,196.3514496
791.0513904,294.1618142
563.8380405,525.2518748
366.9625028,407.5227794
275.0958708,724.2971681
554.580574,257.5253315
709.4424255,438.3783316
727.7866984,892.1562013
831.5165678,243.9967538
830.1524712,751.7585149
668.868773,422.9401399
585.5744207,604.1959733
765.3801076,362.6607654
727.1815684,514.183652
466.04737,930.034656
404.187522,420.8557071
486.3981713,302.2585768
281.5677381,674.17891
895.4590311,885.4139032
808.6090123,602.7330071
360.7294577,406.6066887
839.2057808,622.1729137
502.3528295,411.4024533
470.120844,465.8528834
614.989797,549.6424948
517.3513154,575.6725923
683.6657985,393.4953193
639.6999038,398.0106467
663.4525199,589.7435951
452.8826703,517.2034815
291.9133868,679.784332
643.5116352,532.3290594
730.1430109,567.5951565
604.0518868,572.8653159
555.9723549,594.5828189
400.8923697,441.8210525
917.0255902,588.6706334
700.0059848,409.1410496
726.7035946,209.4664336
364.7232044,606.6220414
190.7871161,748.1070227
519.6373834,427.3231048
510.0635548,217.2522331
480.1445577,277.612822
488.3295566,931.6477445
850.7729848,322.6191707
786.6823325,633.971251
507.5518326,685.4546295
586.4960476,502.8585603
898.5905344,582.874743
745.9036992,306.8810687
844.0339819,407.1015385
746.7161019,535.0098236
566.2458566,188.6153148
769.827949,287.6271592
403.4324054,864.0530373
472.4773063,622.4632964
432.9256364,547.5248825
158.9544558,701.0467462
528.7028873,547.5084391
573.6747652,650.8838379
907.4075985,855.7176461
462.1582184,694.3834895
692.5656459,486.1568759
633.3738137,623.1020839
568.6309171,711.7204723
431.0567955,486.5188618
470.2428467,361.6496076
305.1186841,312.8464291
739.5089675,294.1089319
840.3831731,428.4389616
553.3260612,455.3699181
496.5367119,447.3406009
776.3813562,422.2542367
828.2544779,500.0186478
413.2279781,820.2481683
779.2455141,455.9787021
658.2197803,526.3540461
392.0486099,240.0196728
393.9543333,271.5493441
821.4270589,763.279194
625.0314426,696.0055624
486.8465433,400.7168177
631.7098037,318.4677723
562.1147969,327.8351733
528.8381929,485.0896809
584.9922861,335.9046485
391.0171446,453.1574478
155.6249827,668.8014815
633.4660048,472.7865064
703.0221367,507.3075289
346.4991366,562.7103841
562.8144849,648.5551978
540.0374862,537.6535011
741.6957585,485.9008009
766.7012995,268.0421657
822.6515954,587.856442
785.1563845,667.0036914
582.4966831,461.6629149
596.2425436,756.0663874
425.2903239,276.0460133
573.0657553,357.5343347
280.4348684,333.1665099
594.2662762,351.7917027
612.2071191,554.9532719
471.2714957,413.8873376
488.0519195,510.834849
464.105633,410.8609057
513.6891212,573.6621236
385.8222012,852.3478238
577.9330859,481.7188766
396.8406027,429.20867
523.4017609,471.7071512
772.8190832,435.2271008
558.7141805,440.3088604
660.5770516,480.2894868
642.9766898,531.9708762
406.6504221,720.9972357
458.9894282,781.4357378
768.5105922,328.6305394
574.9520187,650.6063885
586.7682767,535.3952315
369.3956663,452.159098
648.8843844,497.3188285
664.1551891,569.1321496
495.3961572,719.4803842
703.3572847,553.3065651
520.5791744,402.6005443
277.4776954,539.1815517
815.5174169,586.5818546
520.5937806,905.0038694
505.6896281,798.8221763
407.565113,428.7436565
446.2996912,564.7238614
666.4025921,522.2960014
620.6387451,547.9691066
206.0044548,520.9394893
700.3376872,521.6818059
527.144626,565.3104979
564.9248745,411.3558809
455.6939313,534.5695484
758.7702233,549.4108656
692.6078765,488.0943832
535.0698748,632.465724
858.5856088,619.8840763
763.1541421,689.794971
336.4576409,276.4123243
790.260485,624.1404454
420.2274952,295.1464576
596.2727148,768.4592591
635.1124874,469.4577614
611.6767428,530.77579
402.6222497,498.4804846
523.6987231,428.6698595
756.2834589,57.70493923
600.517403,863.4824472
636.9824069,558.3620403
662.5505926,848.7520346
490.669705,317.6320184
446.5523855,482.0386778
783.4781879,141.2377026
797.4929967,622.8716666
636.4270728,559.6845372
724.228635,274.5991354
665.1041559,875.4677636
831.0747873,389.6122188
445.4416273,750.0532219
211.8155089,745.1926654
442.6329879,625.8635192
762.8946765,347.4565847
461.1994693,393.4359599
288.0623161,634.0440034
802.2733195,504.3407071
506.9080525,409.2138855
518.2763579,630.9122247
534.4586178,398.2040193
487.9558933,488.5661871
656.5298088,420.3280957
713.0595128,432.4122817
508.6877284,725.5707525
457.4593007,629.625519
679.4578728,205.8744053
764.480742,357.5269383
643.5658204,548.0357789
368.7157228,778.7753661
760.4315667,443.0257917
558.1350121,466.2612745
713.6112066,532.6416314
504.6913899,313.0240268
516.2612455,427.4425758
756.8506577,230.6534628
820.5331313,561.931754
283.2981874,417.8311347
466.4845664,626.1742525
462.9015302,403.5832028
773.4202283,545.3500211
643.4375857,547.8826688
560.8327645,323.4604197
866.8459605,436.3168611
67.03413298,591.7319162
615.0393831,710.753714
386.4089499,342.6362907
569.4019132,507.2864261
555.1490462,335.9323537
599.0395581,666.0845293
562.7644944,421.1427467
511.1210566,399.3450113
573.8878805,761.3046837
737.1064845,524.4677287
695.785775,388.4915355
955.6486672,497.1122928
368.1052148,346.1913996
630.5115284,251.5195416
262.704684,673.0368523
646.5967583,470.8905361
937.4976153,854.2706636
573.1984692,521.4228267
679.6256116,23.65246128
447.105113,410.8869603
495.5672516,795.0451956
455.5576071,328.8501337
493.6052308,410.5751196
417.76467,410.5476233
361.2149369,493.804379
298.1281255,690.9682232
66.84594556,599.2650673
502.2801133,682.0321756
760.7306711,310.0182589
508.7812528,330.420954
442.5554329,541.3284153
508.4367269,361.0881273
759.1017759,367.9652116
393.3241257,737.4906294
482.2758902,691.6409005
498.3086727,432.8949505
482.5003608,384.4378367
570.1923243,477.489774
605.4055868,915.442874
722.1039538,212.4051114
658.6809459,474.8146721
634.4444835,779.2173336
489.232218,357.2743735
797.7375415,194.9634087
552.2509122,310.2246692
389.5989527,368.6642152
709.5054942,561.0428253
424.3821496,381.0289221
716.0833499,530.3429113
460.8235139,267.8706481
342.2271236,548.2438607
891.0873066,422.0746123
737.0277909,462.2341318
640.8985687,897.2475512
680.269152,376.7391646
668.6115396,573.4016818
250.8691608,682.7299048
412.2253356,991.2258171
321.1564552,655.9369103
725.560538,353.5548718
584.9019375,324.6304751
503.4132076,436.6348237
308.0863736,528.3114652
514.7204368,376.0460113
790.4747088,534.6614813
398.6378809,832.3404194
316.4017045,325.4198237
427.5100425,568.3546896
408.5373747,239.1352154
830.8086853,188.4024065
644.0104023,516.7478076
667.4146125,525.9051209
662.3663601,844.8972661
349.9707315,654.2825982
574.0602333,535.5976301
585.6926932,724.8851836
698.0019731,506.9276787
647.0690694,532.8330817
825.0521609,456.5035556
612.8260612,747.1579824
486.9203382,322.254385
874.2256576,729.1664791
436.2472895,580.8883023
391.2209868,457.8223543
472.3477234,781.6595318
668.3889565,303.9646011
568.8284075,470.1469867
828.0317899,233.2019897
523.8697576,376.4838418
317.4688838,430.9292783
525.6262134,337.5628469
469.131774,403.3233251
687.4856794,732.9714366
691.458603,442.8388127
213.5968177,523.7382201
490.4511517,251.1168962
414.2074605,357.1568456
765.5012115,356.0109852
635.0768633,726.4946784
542.3395686,486.1534284
549.3432354,518.6285045
845.4264369,366.1280156
555.7291884,565.3863844
861.6199473,723.5836223
452.909246,639.9990422
459.8428031,278.2768494
726.1110634,524.9825949
977.488489,488.6394828
462.6722807,455.7252598
256.2507785,685.7711086
451.8880874,743.184704
581.9491988,755.1689549
503.2918191,424.3344281
653.0192192,260.2901725
510.5357461,727.8921633
459.3273027,772.5437972
487.5021881,280.1285456
473.4451936,680.3495106
633.0300218,973.1391841
926.5952243,860.2133542
211.7888133,516.8042001
782.0424686,634.426904
721.4184975,390.1798001
824.9337086,847.0103235
717.8721939,157.3783454
661.9426313,527.7216946
496.0351435,233.9173742
524.212351,560.7258029
174.6160468,740.316146
954.0082368,569.3366377
936.2127366,880.5884484
436.8881934,673.939947
448.3238819,723.3327708
422.056143,600.9579912
925.7394824,664.3057943
832.9531709,380.3484095
667.1260245,432.4849087
582.5661935,782.584189
684.819716,473.7668248
540.3841393,796.4164587
488.6746517,372.2191779
904.9091343,523.7433809
605.8333004,641.177288
483.1100899,524.0584392
473.9003369,790.5810999
669.903624,518.4919423
971.5047825,898.8181208
506.6529464,674.9461947
502.5659897,499.7007897
522.3853811,814.540847
526.5723787,471.2754425
494.0127206,383.4454626
790.6812476,363.2165208
752.0630543,357.7272894
811.8948766,252.2620253
581.9081967,989.2115876
488.7709176,316.3041518
736.6680297,657.716084
515.7369664,671.2669554
687.959174,568.3477111
646.6189597,498.1506752
170.5473816,521.3093731
873.2104313,553.8072026
419.5792808,917.7768421
456.0779014,534.6953921
812.1594056,419.4189417
582.5047876,901.2073948
481.9768307,422.880885
618.1598606,535.8323516
776.5093362,652.8671863
681.9221212,857.1834121
627.0987926,694.426113
825.9893378,555.1554198
416.37608,581.5463122
431.8563298,490.962398
548.2509334,746.4487408
377.9968437,509.0830253
421.6342269,400.9270934
500.398344,343.020236
412.1304479,441.1864855
785.6635558,610.1577609
555.2013288,427.0643136
518.4336102,744.2158572
579.8394235,367.6099953
511.2809455,304.0812515
964.76157,591.5228315
890.3468711,537.1778945
812.4399939,359.5846897
451.1921744,679.7925851
835.6525112,313.0047
460.3151293,572.5582808
744.8314264,431.2091305
335.3760501,516.602073
650.3192797,607.6456519
439.8653356,392.5137055
679.9290455,430.9197298
714.9365931,461.7884034
706.5483811,536.8369278
710.9879532,193.2095165
708.6450783,185.968942
740.9245976,370.7229068
494.4295582,511.0911956
577.9264195,424.3576411
553.9138435,563.5234054
870.4262852,444.0929658
439.4997019,579.4081822
683.5236318,547.118727
632.6138433,550.2148608
469.3478255,680.4529351
562.0354292,709.5420798
528.746556,448.1954726
662.4941753,261.3775927
697.1943642,544.9856533
974.4781196,899.3268232
525.7919747,543.0244315
660.1789698,482.8119173
701.8613281,470.8796504
447.9497092,571.4136741
727.2861037,524.5960378
520.7227194,565.1946415
502.2961126,459.7806301
699.4840126,507.759212
555.9139153,944.9014219
728.6326728,544.1151112
756.6566728,367.7462441
612.616017,598.4615944
299.72652,668.0157684
618.4431005,693.2690118
556.5400332,246.3294474
542.5537775,557.4931905
752.130048,633.826791
417.9971553,588.8426942
602.1238722,668.4028687
286.5599028,595.7765053
497.8446609,428.6568008
511.4391116,207.6553968
320.8222061,331.5128664
636.7824896,465.9544693
497.4069252,277.5491167
463.5358276,645.3883593
778.6812814,684.3849273
677.6946458,370.4326913
645.102884,804.6074735
617.5836583,673.4546248
860.8566962,592.8724486
399.2945444,455.1523296
445.8105717,361.4920889
573.4052926,399.350987
830.0206711,394.9582438
729.8316822,470.6798634
613.8430253,563.2679781
301.8481151,313.8881336
504.7244823,212.3096683
425.9563054,583.1766382
752.8229348,311.3964379
626.6673937,695.0867555
225.1287721,812.3557267
606.8799113,664.3878236
578.3064796,707.8848426
725.4514487,740.2948552
638.1317104,626.3830029
743.3519336,622.8714576
392.4280858,444.3236339
452.7549449,253.5345441
473.207555,782.5061714
714.2239617,458.5294856
500.7508546,463.5334366
755.2941642,320.5496143
586.7314542,346.1475643
572.4966389,720.6932303
425.6192099,521.9131217
586.336728,348.3543306
455.3552479,409.2418206
650.6752208,849.9394946
586.8234206,543.5920338
468.3534972,635.6556085
485.658335,396.443065
461.833467,554.7210367
556.5578752,443.2459711
744.0138254,612.5129571
612.578026,560.5017164
591.5968373,561.1168939
771.5330361,307.5766667
609.502146,593.9420464
632.2827551,476.0208739
777.9576393,512.1284915
591.0549708,549.6240664
638.2133401,756.8524348
711.6174717,466.6563354
936.6006765,531.7860284
446.1111293,723.0476534
486.6119307,396.4940042
493.1857865,355.5218185
370.5572689,951.4255673
605.4145902,341.3687446
716.1506281,158.9812587
235.6221004,753.9234518
662.9647937,701.4285186
380.2338201,940.58912
468.7278197,264.3279919
726.2942472,167.5664776
662.4128452,475.0341202
509.9178227,553.0495708
558.3132973,488.494375
600.9985528,588.1848097
603.874081,366.2971513
329.4141704,365.8024895
574.6986653,364.5412742
748.8209786,265.2249021
528.9633715,515.472092
518.4274531,481.6732653
496.5107354,682.7500046
147.0885818,718.8861632
403.5749616,440.1350445
517.8624565,568.5815759
612.2351929,485.7154098
609.2933901,594.7538978
789.0697299,456.8581868
510.967969,362.5670565
744.4597406,256.1324433
890.5219354,515.2878291
201.9699007,728.4289472
466.4029666,628.8512975
762.0411069,874.401864
482.5588904,771.3500482
423.9058835,443.0491301
588.5408068,528.5502819
469.4871009,402.2572375
300.9578877,641.2065812
806.4822789,209.4997175
847.7110519,412.6782107
747.234239,622.9244653
629.1121822,564.3227204
576.1397776,192.0527287
960.5735836,545.6002458
397.5281864,843.1003744
315.1712207,541.2526124
810.173161,573.0995568
499.7585787,585.0912458
774.9030469,394.9960198
854.9766859,413.1172113
453.2948939,631.5842335
782.9878699,273.6478594
622.6546515,384.208673
652.3730872,264.6004895
674.0475522,557.1255424
467.9075221,791.5587021
436.0350731,459.365344
585.6252951,368.740227
519.8520717,496.6676508
806.5035065,456.180871
659.1736607,542.1257872
753.2549479,673.563816
522.0956995,390.9986509
634.7607558,970.1645062
788.4967186,168.9000691
667.7360382,529.6425495
808.034413,658.4654627
480.3061244,399.8171705
794.2355957,378.0866924
498.088951,198.4220925
357.6131448,306.8844535
735.2475608,813.9472319
970.4472207,926.3341259
548.9583965,563.9265731
586.3867185,387.9448898
399.5226703,369.9771637
430.3678785,392.4564981
625.5915556,550.2259137
788.5094821,339.7163756
878.3362837,455.6237993
221.8243767,661.0346119
745.3725439,472.8559158
503.1656368,621.1473183
715.1692582,953.957212
476.1857159,202.6304475
356.1874027,273.9298428
423.1994841,397.4120171
585.1775972,807.1290056
488.1945356,242.6021523
720.2990805,210.8686615
701.9488303,557.7459643
466.9490576,782.6344178
472.3919464,672.6093224
472.5936463,255.4731379
448.2435105,382.3209349
709.1263929,921.8711794
442.9761805,576.8381137
747.0197755,850.8341691
761.1078249,369.3411341
749.974177,344.8781378
721.5626566,624.9607796
385.5045807,329.9057535
622.5150914,644.4248186
647.7654318,612.3927339
618.7949369,530.1823839
689.473467,396.2008217
818.7445419,387.953707
579.4559179,396.4518613
686.1677383,646.6234781
665.313526,564.6221292
502.4566457,583.0950686
280.679533,611.4337481
600.6969166,611.6281444
275.5078697,717.1226181
708.5203042,465.0569114
482.6117423,675.7213146
942.644935,598.6443529
521.6413801,596.0321415
771.7451326,417.2951449
644.7769042,527.1046993
533.9181445,462.2844233
733.0435119,407.1428665
734.8857022,425.1117628
344.0953203,531.7106016
602.3750684,572.4166414
465.0716178,765.2878866
837.5728108,205.964813
649.7776978,492.1248898
520.0528429,407.4484182
501.6637328,617.0823369
719.3917601,425.3747327
623.7986368,397.9035657
342.1362957,300.6847687
960.1012425,470.8695586
760.1728801,552.6989929
851.867399,402.610824
684.5141699,371.3651001
556.2489584,447.4930633
705.0202011,903.9655706
639.8501602,840.1274934
452.1271642,367.6654058
610.5338511,623.2007238
828.3673274,737.8214625
769.7074893,308.2995102
569.3518927,408.5328297
778.7847081,152.2415932
754.2591933,443.643372
579.1971265,584.2493283
597.2069704,241.6947325
335.2277263,934.9320692
815.7768075,720.9867052
443.0920561,631.1116774
807.8722621,320.7649672
735.9788581,525.7829546
466.678057,266.6644881
442.8353021,878.3513443
560.889032,750.8862177
961.6148613,930.351344
699.6624476,415.2175861
443.6998826,346.8476545
218.5947949,528.5539383
866.0862898,365.2502234
921.1427479,592.6747929
374.7476072,521.3242913
846.6771896,396.7984693
776.8131596,511.6830765
721.310996,196.2965615
420.8650134,363.5269407
234.7464043,347.2958275
519.2660271,482.7162026
698.8976685,949.4403803
205.9876615,647.8806818
469.4061003,667.8793943
911.8123255,637.7146762
865.1231963,790.7119371
600.7515512,292.83681
654.3297149,465.1002243
375.5561749,515.1064497
635.3015886,729.4613121
594.2909794,511.7653355
781.9585917,563.52585
463.1594377,351.5475999
696.9176259,228.7561761
525.0226265,585.5361594
364.3164038,387.2951121
622.0454767,731.2297464
710.5899762,223.7979201
670.792608,441.4187833
580.2886344,299.4203775
950.1502151,872.0136764
585.8831127,345.5136868
489.4363598,609.3922521
494.6513623,984.4622909
214.7776555,571.1936619
667.9497826,497.0293024
531.6557609,175.7221608
529.287254,626.5029963
301.2222519,666.5515485
649.371077,230.0342527
556.8037382,416.1048224
490.4631812,574.9002303
967.0130177,656.8547352
617.0133136,636.1434171
866.8663193,370.4244591
503.2597754,496.2589045
692.5232356,192.8280367
598.4596556,534.7638194
584.8948067,334.3070005
592.6656795,205.5548757
599.4677511,416.6783167
824.2841609,382.2671123
549.0745867,401.2448888
603.1762805,641.3931841
714.1438151,390.5189699
305.4721385,415.7900984
819.4526191,723.0897336
254.5136328,817.6499558
322.7331278,366.1325705
508.277677,426.1154614
599.3236069,282.9936979
615.341214,291.8788689
757.5189163,314.8655269
806.2278468,456.9062636
435.4462272,320.6071978
687.3268991,613.8097963
581.8378024,416.7084665
458.0055565,579.8360464
714.1224526,741.653394
449.2914546,289.7534424
409.4488297,406.0884586
551.6321648,310.0881488
645.310786,597.1163441
496.783339,583.8814294
194.2383522,494.6470278
386.6878603,337.687813
497.7978612,449.2490031
455.6746662,935.8815692
698.9193455,517.5026396
355.5281925,267.5365973
446.0785613,880.7613868
487.3051621,573.9210402
723.1561824,500.5290426
952.8780188,601.3852704
409.95672,646.7631744
696.0749622,336.1137541
781.0751655,442.9813296
496.0870366,747.4423059
504.3281981,412.8888206
821.7537128,408.8338682
337.8549496,346.2310561
235.9029884,669.6119538
501.0523859,463.263885
813.5318764,472.0556188
738.4010257,491.1054999
510.1636558,552.2776267
552.8461099,603.9079726
501.4156526,495.0473121
378.3797501,335.7087896
553.6052563,200.5422538
360.3889766,730.2792644
511.4999632,538.1624125
650.1131304,400.322906
193.5128225,701.230821
360.3290239,482.8127113
577.8394266,366.4178342
727.8813613,302.2185651
777.7233862,308.9559113
738.23868,192.6380698
389.2795944,489.1364638
628.0217978,602.2859205
614.9995644,894.891958
706.6922707,328.5755885
585.9615217,400.7329687
555.3906548,305.8027164
199.1377116,649.8758352
366.986427,361.8580029
513.0657747,421.0215833
396.9961772,845.6043348
697.4480472,515.5850859
783.35238,188.0199029
223.8222913,658.5947956
580.143876,729.6962425
858.7873837,573.3326277
645.9011749,478.3403834
590.3921353,397.6178424
232.3607146,545.7347813
624.1477018,824.494968
786.8746845,573.7554773
735.0632234,466.874885
760.5053616,258.810909
634.8151656,478.7050019
265.3558015,362.2147026
701.6111206,515.3385385
506.4174349,345.1401884
234.7742234,386.268075
613.2914363,548.6519175
334.4997847,428.7149693
619.8651124,551.5497896
258.2775908,720.2519731
791.2735241,675.1694454
728.7175384,547.5085227
588.1179469,475.8008408
496.3573182,300.3236812
484.8192217,423.6097668
290.0405909,680.1968184
86.88868397,622.1938493
622.6017247,439.6191545
623.2056562,543.5027753
508.7248955,503.8929311
575.4274159,626.0540502
202.9644386,525.2009774
727.1435474,520.6685379
641.4086162,508.6163821
490.0243219,356.0301658
698.9821446,436.207837
798.9924438,452.7190113
505.3359191,664.6586078
463.4080423,788.4679589
559.4215686,319.0653572
495.016966,593.1124563
458.7081508,559.3744098
449.9539906,874.4300916
489.1957849,592.1949448
583.6590797,785.3135104
736.3336008,288.4961343
894.7470889,512.1161432
501.9381491,340.1277128
517.6924556,577.3251284
521.4503614,372.4026258
970.4461122,550.17487
349.2215023,271.5277817
675.4723655,18.32388266
438.6402149,266.8384921
847.3726381,143.9751517
551.8664627,471.4183146
471.009079,496.9630689
554.0023794,483.7143643
613.3513291,911.4157104
725.5463214,521.4131946
503.2666665,612.5084022
490.1613053,427.8887221
871.739777,452.6802115
439.8294718,477.8277319
528.9230136,446.546572
399.9724955,605.3435679
574.9217727,463.6598861
404.9013068,986.5343964
292.9380359,677.9270362
735.2529238,450.8489285
398.2859695,249.6623084
324.2529636,652.7955831
640.9291443,638.4288279
870.4651601,605.4417272
495.3472602,612.6727532
713.4550929,90.7977419
404.6063071,424.233281
880.0121583,744.1193694
701.8138693,201.9456099
433.1723384,449.2063378
507.7070775,729.9206007
758.143641,630.603142
568.5108469,364.42991
945.0963599,898.2479695
486.8238475,452.4456989
494.6621184,578.8346879
478.0769829,332.4095676
549.5654589,790.9568339
592.3855706,472.2887105
429.3486374,520.1555522
651.6971735,196.9964845
612.4162345,623.267793
343.4491433,298.0493651
604.1940086,650.661005
330.0376667,378.802432
831.6824639,737.9107211
429.4473302,366.2504118
406.926681,918.9043785
435.3210186,546.0650086
645.5196168,859.8479626
671.3906221,563.5179312
744.4716053,442.3174067
634.8722121,533.1878383
423.9747048,481.1492059
630.7353548,537.3273899
855.500291,342.8953535
770.3769014,303.711911
556.6714288,310.6318067
991.0948344,927.3561275
790.8340806,559.7416192
505.6063505,377.4233963
733.5142052,514.9902799
413.5550216,356.5443425
685.7120707,431.0347086
190.7796707,483.404822
702.3185387,463.2569065
578.6238155,598.9418604
320.494174,437.5375632
759.2241981,357.6396397
565.8325694,296.2635889
911.537355,454.4049985
439.4507301,444.0575926
783.7663564,401.175772
442.9439121,515.0154987
798.6382104,610.9468379
447.6295869,903.3444174
553.6685497,565.1677512
879.2913026,584.4661437
500.7736852,594.145448
624.6057513,883.1524368
318.4162925,341.8990304
838.314295,812.382032
606.3746726,263.4230794
631.5586186,609.7243598
955.404467,464.7390115
816.1432052,437.7307059
343.8325291,663.6486411
584.7044471,554.498371
531.7371509,341.9758153
609.612314,554.4880912
156.3215548,669.096816
736.9192858,552.5276634
397.4571779,459.3760416
744.6914469,526.0506675
749.4501226,421.307641
594.3287607,742.328328
513.9869972,402.0751058
450.4346609,801.1706446
188.5690004,738.470906
585.0499767,750.1050177
763.4207384,275.1384891
801.1809577,354.8823414
634.8376966,531.5593301
556.3969077,442.7571595
496.3789203,698.8954948
651.9332242,761.33709
732.244457,297.003837
576.8650826,578.996072
750.5832319,507.5620995
212.1272571,554.5578976
498.765389,740.2619683
369.4487578,546.1811784
458.030784,639.2800223
251.9766232,431.3060988
950.2382866,901.1822595
128.101952,713.9780106
566.3415083,196.4677866
679.8286749,435.1253477
500.3955426,315.0010862
563.2295848,572.9979291
561.121712,519.1403202
406.0639431,424.5408175
480.9246471,681.4388949
895.4465972,885.9832188
939.9729194,529.1151262
874.8135897,443.7302695
575.5860464,678.7638348
519.1374329,531.2096089
720.1843733,460.8422882
571.3566984,340.0743499
218.2326368,696.5678159
781.7607717,143.5596985
482.4876722,388.811671
684.6976534,27.83547207
526.1328453,472.170723
172.7833393,736.3557383
602.9901305,375.4797253
628.2572792,640.4402367
524.5423456,544.6558858
975.2754069,604.4312798
958.5491533,968.4508974
891.6011143,402.5520079
756.4878404,563.622693
552.1922628,560.7822372
386.0094898,301.9731459
225.6841961,655.8557795
227.0894147,715.2045421
668.0451946,434.1842053
725.17113,516.8893634
722.0532292,132.6279752
391.1534688,233.7777824
419.6580343,395.2708575
351.0201737,340.1453472
667.0685886,624.0590012
755.8027735,660.8493879
514.2931126,371.5634036
735.7127261,480.0325969
510.3582699,395.3331629
766.8615779,363.3914232
467.5399859,428.4629686
874.1731203,620.5244101
782.0337948,306.3793448
743.1135759,307.6357127
460.4669735,615.355147
803.8245099,203.5162631
776.6151149,363.4204656
540.7323205,442.9903975
644.7028696,675.9460697
278.8283094,632.7493371
468.2173827,290.1618962
596.086355,577.4538554
465.6669354,717.2741821
513.4672422,200.8006062
605.0349346,561.0541915
476.2367102,380.6780935
758.7676915,302.8631611
228.8153698,557.6200162
357.7623375,582.4784703
729.4638314,295.3527426
577.4227987,407.554141
770.2896838,305.1937861
701.5525012,547.9112307
717.0836404,405.0649317
849.2498383,722.4469344
395.7954899,435.3464464
635.5820121,604.5722924
633.594599,509.0859922
306.155932,409.7769747
507.1230553,305.3457889
858.9308987,470.0308587
701.2318396,569.0369573
495.0972775,434.9352346
626.2499868,469.1797061
736.7210014,289.2827249
470.2826504,447.6830928
338.9542925,275.9040606
322.7117054,420.2136183
527.1308588,560.8386506
874.7526782,693.3743376
728.7095238,160.9991446
901.6009338,642.7236207
927.1915905,660.3674714
441.175262,530.1846822
488.8265559,586.5977758
500.7316643,498.9925509
744.8862408,579.9073362
403.0935272,602.0429251
868.8771921,726.8008359
497.8375151,225.5953759
672.1117326,580.6235355
544.9315873,289.429546
543.1565854,446.0314342
445.504696,600.040041
719.4482522,270.0037218
257.5990855,422.8767898
745.6076508,584.4716388
673.5893977,551.3305713
501.6343257,455.0044639
432.9761662,329.8774632
576.1784128,241.5413508
950.5436679,869.7859954
820.8872298,722.2993402
692.8328864,562.1157034
747.7176958,499.2123751
485.5516575,518.8066037
714.5095087,519.9446915
339.7415277,943.5675378
565.6146753,506.1831892
823.0337078,374.2154387
624.9630707,565.1639694
882.8930347,858.6354509
685.066433,435.7693797
806.8471335,742.4449574
491.4491652,391.5211224
452.8698318,864.4541156
723.5667132,392.0535185
255.8803211,687.702097
655.5089049,576.6857976
571.560975,336.6436848
662.8067474,509.328925
564.6646449,480.1885695
875.8050117,686.6036448
649.8222953,590.677759
483.4426312,323.2244864
160.5895231,505.6512527
735.3072288,353.770162
542.968413,558.5503147
554.5050714,315.0717701
701.7610324,269.6238926
497.1222471,566.5024292
228.1799489,814.1342527
397.0238914,588.0990613
738.9493788,282.4212901
243.3189536,371.560374
386.4929915,855.1954044
462.7820442,540.7140526
705.4471957,416.3707802
660.9983386,583.3411354
679.6178816,350.1182519
454.4301455,802.0315338
781.705463,301.9873955
670.5904436,409.8097154
400.4727456,449.5454659
863.9194381,935.7866693
550.1466946,508.3487528
780.9892513,538.1950487
702.1470548,219.624207
609.4184639,506.2300332
577.5782383,452.6260128
778.2261232,318.3306251
582.5902824,416.8673225
593.8243159,848.5991543
459.1438941,622.7981829
338.0332797,279.2388021
655.7028748,467.4144477
668.156591,393.9642399
426.2986141,923.3208571
479.1535102,523.5266281
543.8885419,547.6070162
179.9226113,546.4130374
220.5323523,499.9452268
467.9784257,782.1311686
602.531302,560.3374072
956.1159748,865.8144094
832.0457756,196.9431216
502.8275076,552.0155134
913.5314195,853.4486161
719.8528057,548.4851219
634.5598048,625.055575
489.2967997,569.883367
268.1127875,721.3448884
586.419706,423.4002015
512.1691356,228.3759917
691.6072414,545.8967713
970.5562802,923.433663
649.2834849,205.9225447
791.943071,683.1536738
564.9721535,488.6019156
902.5217218,709.5951084
338.7137925,611.3392452
597.5421334,340.8893562
616.6554848,527.1052008
594.765208,562.4699377
492.0120046,740.7024524
807.8308105,631.3324627
648.9850995,362.2253167
419.6469186,569.8305056
581.412246,341.2480409
659.5717426,564.1184413
730.3512125,394.5480558
689.6599915,563.3113538
448.5930399,932.4709203
587.7056483,528.4192775
702.9131372,318.1110517
644.3335507,518.6109119
473.3598187,382.4086472
708.6634147,573.8752409
442.9360173,578.4484651
471.7873557,324.0405164
507.7068528,512.7411408
588.9256157,497.4870448
541.6918336,319.6573217
862.4616223,719.0388555
619.8655318,560.3058784
744.5434227,268.6522451
944.4063044,896.1248412
796.529304,570.0618631
647.4585973,490.2405364
398.0888386,584.030507
838.6844229,567.6714608
549.5603954,397.8206172
805.7856319,319.0359805
836.3468362,967.5462983
511.9442155,501.4787307
781.8970211,291.082688
870.0940285,604.2152375
498.4651011,581.1367928
529.7105484,383.0556252
643.6296531,293.6940219
220.0364315,402.3032457
881.4992314,725.0515613
745.3975017,243.4110784
381.4323351,598.2661534
593.1158342,183.7845948
869.4944714,435.0376562
291.4332856,412.7703734
750.6283388,437.3689917
359.9856515,264.1180506
482.2019305,380.8034984
521.2312089,546.847107
429.1760149,567.6012993
687.1091847,156.9311126
567.7216043,483.4847618
701.0007774,163.9353569
430.4384526,429.0280845
864.1534963,788.3468373
328.5773492,319.2402596
429.1706219,413.8546178
818.3283634,582.1384647
527.1756211,472.0114701
613.9389017,594.1564173
496.0328964,636.7232423
399.1599878,930.492273
858.3510262,596.028297
419.6120136,574.8855419
894.8272805,918.5232121
460.1014597,650.5537778
729.0116843,323.3027547
759.1480362,473.9452582
635.7095277,871.0611678
538.7158599,329.5533579
497.0394489,561.019654
733.2239244,525.8288166
773.2491938,477.2058057
468.4104388,299.9360795
897.2741813,476.2040711
359.4102432,711.0979192
881.7728986,554.1077815
885.6362385,536.895535
624.9210799,741.4176905
814.730691,357.478966
209.8469116,511.7456953
537.7378905,316.2721215
735.3956748,483.2852674
684.5915452,601.7850742
682.9895103,883.9566619
660.99723,364.4054851
916.4908396,513.3545006
558.4760025,469.7557495
484.4584268,347.4046844
445.251058,643.2508978
688.7139161,248.3905209
465.7403108,477.8602219
782.8645639,443.1057734
543.624702,358.7035126
642.4712114,890.3840897
715.0450084,402.6506686
859.237044,811.8024994
599.62376,299.4906853
462.8805572,415.8260567
461.0758636,543.2337879
675.0506741,373.3860156
858.6999564,733.005013
542.3057722,360.462858
727.8936455,521.5861957
554.1675714,479.8821821
593.6429897,375.5240412
964.7002241,539.3003123
720.5348016,294.1922356
576.0664471,981.0950177
457.5245565,546.0116666
793.5529857,502.7728328
503.8277532,435.1478295
820.8000122,197.0726634
359.0285203,977.3998364
471.1766679,515.9131402
504.9672294,611.5914966
876.2354218,443.4043673
554.2301757,309.3130498
622.8972487,467.5247881
688.3977637,430.8047092
561.8035131,588.6358242
769.7419149,365.3294319
484.4848077,900.9549971
458.6874924,394.2370508
435.2550736,494.5313386
517.6518579,417.2033164
706.9592116,410.4577589
793.0177556,480.3996182
392.0112481,448.6072904
640.4138535,570.9428522
470.287639,743.6495086
787.2298766,251.1401511
174.1912095,476.8494403
411.7905361,970.6288302
463.0153685,383.7803492
910.1592515,861.485288
544.9726494,892.2211812
645.0298681,628.5919839
236.1614352,405.1525187
505.4739212,684.1951276
503.4574756,236.3163847
497.9365824,738.7095555
399.6521784,853.8000088
885.2655713,434.4120945
570.8943044,435.355389
487.3278129,331.866641
178.785577,737.6842944
559.1504182,352.6342262
778.9330469,645.9967463
528.7044004,515.0689034
488.1393468,838.3745833
593.2879473,965.5103601
479.8490486,659.2164293
467.1131561,662.1688553
815.8657179,536.3118236
732.086216,502.5205605
550.5518474,306.7837661
383.8539635,511.2381838
801.0713889,151.8125799
771.4932473,926.3245356
878.8181525,675.5067139
215.4114435,653.5219995
793.5984071,955.7118564
513.390616,790.3829426
336.0809514,812.5862694
801.4972449,429.4358488
345.7067331,521.8743009
386.8216379,344.731066
469.3620122,439.455493
968.7322165,556.2180391
436.2078753,535.0673443
664.9497948,414.4817884
594.6798181,348.1518484
491.5826731,324.5626537
563.1970468,377.2205589
261.7013074,719.5030123
658.105193,666.5488741
952.0014687,869.5520261
638.2314818,556.2281935
568.5778855,455.0672081
476.0875025,378.1448191
424.1834607,575.4138846
743.9773474,12.34705156
451.3422809,493.3872124
626.8356568,830.741685
528.339321,562.9868723
703.4016875,324.8709842
391.9982748,621.7797124
561.4655188,209.7268127
666.4205839,389.9314141
543.0530089,333.7231638
494.4177684,599.6552808
699.2179406,367.1859756
776.1496049,429.1135194
764.5775622,365.2782629
543.8681981,465.0772202
464.2206248,462.7115353
522.6131325,230.9505315
576.7838424,524.6768344
718.792128,665.0593936
430.1964994,566.410747
775.7497853,469.3093315
491.906226,417.6296971
473.7272051,363.0758007
584.7041775,545.9399171
782.7308762,333.487711
501.0411504,439.8225352
589.0585843,526.5170808
444.9985285,254.1805819
356.4186596,304.9818599
724.2954788,507.4275222
816.759301,289.5290842
428.4252877,648.1569402
635.6390736,383.497739
864.1449424,964.2897207
745.4052917,437.1855228
696.0164776,376.9078406
466.3059517,435.4056596
603.6363375,771.7317579
757.5871234,635.1154816
279.5132265,676.3946188
492.4187303,622.1818145
713.9763609,457.8256973
668.9265086,652.642285
889.0842687,713.5968859
723.5968244,472.7054592
600.7271477,303.6797344
940.3756303,865.7740634
397.7156397,445.8126339
469.0294708,904.4593967
543.5707715,328.9519703
628.0931658,547.3432941
561.5734847,296.8656869
493.8069608,575.2159781
547.3019068,709.012964
560.3081707,468.944316
429.2417652,461.4395179
640.1424184,474.3271142
600.5106018,272.1678856
804.0895632,196.4809079
822.5541011,733.1568695
914.3173514,516.8741945
569.1129058,449.5491432
659.2805329,295.0180022
748.6263495,309.1609217
464.7301779,815.474781
724.611062,507.3733027
808.5544377,550.4716044
443.1050144,421.6128792
520.1842535,415.3371825
378.0572608,697.8836059
273.1771442,330.0771875
558.0917629,512.3619593
787.3577518,509.8620315
814.7178526,232.627409
412.3892543,973.837352
833.5329835,244.4590929
631.9676813,922.0035001
466.695105,904.0215034
405.9689955,853.1826374
590.5475599,559.7998503
280.8203665,587.5146813
464.4889739,622.8935633
499.7550882,208.1318601
610.1620903,395.9073258
851.7289475,413.2416968
263.9504331,683.6818702
273.0405053,765.8457732
521.9922129,393.0376187
711.5593317,551.3976824
850.4380316,634.9825968
447.9511324,357.490374
237.9785178,750.3859564
496.9700433,438.3251777
703.0784941,666.5165931
561.4159477,367.1862054
542.9447585,696.713446
333.3402944,575.5489216
544.3910691,195.2881618
684.4736172,423.1522124
446.7549394,644.8073432
539.9472125,787.8337471
589.0136273,509.8965272
491.3426075,761.5009396
368.4400332,315.7210045
869.4037933,358.6537225
579.6765385,852.9279414
146.3174508,527.3403192
239.2420341,683.735045
616.3201122,400.0033973
814.9892427,727.3782374
914.2533389,433.8498202
558.0057138,681.6450753
273.1508531,719.6908271
483.8043399,397.7973832
533.3539567,583.0869618
653.5556478,533.1903665
642.1660997,524.15196
704.417483,530.6182504
426.7633001,857.340492
714.7692888,182.894893
288.7445516,673.2914229
43.35218079,608.0078258
401.4891703,426.1264515
452.9270581,496.7366423
643.6605283,547.2858569
711.0884137,471.543427
732.2859385,577.8638344
821.2499273,314.1965477
818.5709906,723.9418891
474.1230099,491.9331052
592.8981348,244.5777281
831.9689546,312.4399602
381.6786626,830.7014852
739.7042557,513.320172
936.0965014,890.2385432
701.9098056,283.2533667
449.6806679,564.0796414
194.0605614,516.6901823
539.4867361,410.1465659
467.3910928,642.5579116
440.4093593,342.8764237
581.4671952,325.3949391
830.2922111,443.8857616
296.8687289,412.2901284
709.1144982,573.0128265
572.8321764,686.7033712
428.821407,333.7758998
872.9281352,730.595263
500.5281517,265.6511784
441.2479783,883.1588304
391.4742653,245.1332746
555.1425596,312.6372608
418.2051322,549.653673
504.7559417,550.9108766
656.6425385,607.4520913
528.4663123,559.9261327
244.6633806,415.7233426
784.3999796,626.373935
853.5706434,475.5089328
860.2862315,585.354759
631.6446227,530.511838
701.8339434,425.5704245
636.6730557,599.9892898
572.7244352,731.882512
944.5118584,473.300495
566.3851471,503.6552218
207.5971417,795.8253927
518.6851659,409.4509262
589.2992191,759.7395883
788.8561053,322.6013692
590.9868386,532.9872365
519.4475032,382.7294723
704.7736189,543.5906548
435.2505794,499.8522701
465.2447946,256.4819973
499.9371635,548.579583
646.5009268,552.0135912
537.2521267,518.5882003
336.4174926,582.5296393
513.6334979,502.6646863
782.7821851,448.2024721
458.158794,542.5962121
430.1857733,463.8261176
458.2630446,329.7784473
696.34042,428.1450478
763.1053949,463.3192328
674.9782424,444.2774167
723.4464033,519.68753
479.1635323,351.7252394
343.6970138,284.837162
807.9993882,580.614175
535.8132166,472.2942892
856.017649,260.455798
696.8367452,542.6488437
706.9111385,271.3986995
451.3370077,264.8813655
445.4317251,508.6930625
740.5051084,570.3843388
358.5916235,603.3813849
758.2269336,351.0300802
252.7746745,742.1459247
615.7715343,559.5688897
514.6937561,412.1286398
828.6190928,192.9461496
598.4782167,578.4609179
498.9327233,621.2636553
757.8299603,150.898683
645.2242276,854.295778
493.1193472,581.5592873
712.1718321,157.2503288
482.8427295,486.1998754
742.2172363,513.9156258
475.4565309,385.6159154
453.6090689,407.7927905
652.512827,309.8450071
813.297144,449.8372275
746.9788033,444.1308255
386.7989122,485.9640466
490.2724021,410.2192765
507.5298859,671.6810715
517.41362,494.6740436
655.9223119,585.5341118
788.7410686,177.5527752
733.2139922,518.9669012
300.2532111,662.9280332
537.1775528,306.9868752
386.5055603,860.1780018
581.6253763,361.0697407
677.7055967,523.8211269
596.4400341,382.2731506
498.6357311,553.9568025
683.8797377,331.4133699
573.3484558,398.4224853
456.5410593,556.172595
448.0009282,537.7626923
653.8105442,470.4334623
848.6733065,239.5721475
818.4197006,386.6452508
776.699576,467.961177
390.528879,590.2880887
482.6666765,335.8145333
564.7700191,484.9974972
775.668635,557.5790851
757.1519793,357.8830321
448.2211893,230.2874653
488.0806075,673.1344683
527.7094429,478.0594656
763.5225622,931.7643113
626.0991462,438.6222046
644.4766912,263.3121749
823.9236806,574.741855
510.9161208,238.6655008
547.1907651,445.7823587
472.4306714,386.5914073
707.921601,328.3151885
651.5221241,967.0681635
618.154123,480.3901533
475.7431714,599.1866527
751.5880167,531.0969702
570.8390257,689.4397547
558.1060395,442.3954035
367.4544686,930.6539078
595.3706676,724.3047943
470.312447,831.4300745
639.306496,873.4852927
819.2639523,298.4518851
688.2268789,568.1160819
745.848735,473.2686528
509.9535516,416.9818625
761.3687136,141.0843418
405.898841,255.7942972
508.4259109,726.1968157
489.9581522,540.227226
395.8542592,736.6938425
661.78072,555.7489513
815.2176533,242.3033911
661.4234006,821.0072627
836.5242974,356.743022
743.9967174,577.7722985
463.3265324,342.6971127
366.6266657,452.812574
698.5997325,533.6056526
447.0645902,804.0609949
802.0053,439.1336442
392.7016182,342.1976035
733.8798988,569.2818331
479.4043918,304.8114288
704.6846037,38.55315878
796.4988333,527.5461027
417.3867821,578.8300077
639.9530925,572.7669059
157.5488028,437.3581269
620.302938,549.3220668
660.1471808,581.1198897
456.9198311,497.2394736
709.6950299,429.2152934
737.3249179,444.6904881
666.1912595,851.3713708
757.5167591,299.3803658
708.7515761,198.2577206
519.3949809,469.177366
510.3200392,402.0958116
655.608122,299.7267649
512.8988449,302.651987
207.1406502,493.0551674
875.978488,505.5280835
576.515718,503.887624
563.6602946,620.2986729
470.2236864,405.7941061
748.0527239,894.2374583
346.4529961,579.9586724
458.6276895,431.2679257
264.6475445,502.2064633
898.8823582,871.7626369
904.0589352,527.7093673
604.8692332,562.0761304
604.1151802,527.0518797
718.9679564,526.674704
525.5790392,553.2728007
211.7649341,709.9771106
639.6970875,475.5250002
959.3773756,578.840768
635.0736724,528.5357607
726.1336543,312.2523335
700.3945239,714.8431621
595.4480728,416.8873597
347.1118768,993.8431684
759.7550388,280.3036152
568.4722117,490.5802913
461.7490658,550.2098672
505.898429,314.9375062
460.0913477,452.2779631
682.4905036,465.9969673
684.7006495,203.1702819
724.3261443,355.91479
615.7070275,918.9213861
608.1635016,491.6422837
706.0204916,906.7216779
553.1053807,669.2674561
450.2914755,274.5174195
494.2350639,381.8021616
478.4413582,636.9868808
613.0630557,556.6125149
697.1299772,497.8644713
807.9000662,443.0980009
653.2033769,497.5732528
715.7332212,512.447833
696.1972046,160.372956
743.1920447,498.6862472
826.1929403,396.1002805
549.0529096,387.9980438
761.8151831,178.273195
511.8173291,498.8326921
648.9342551,613.7334293
475.4538643,352.9145798
569.5690827,484.1947765
510.1392822,559.7190747
735.9002843,732.5331673
529.3521803,755.9519727
452.7092838,239.6782882
432.6991883,521.3865341
621.9136616,528.3616105
417.4594235,225.6903593
916.1931433,508.3018252
828.679495,455.6868778
661.8909779,417.0761983
464.3749858,542.2159859
649.0518385,601.7329649
788.4682553,401.5865868
465.3349484,503.8581846
512.6857896,408.1866187
436.5047626,457.5859613
513.6781254,728.2663095
342.5528337,291.76272
525.7269885,484.7209463
757.3290211,545.4819867
931.4798726,892.466078
832.6035216,443.5504571
515.6165816,613.7331995
378.1827241,324.4303956
284.4886578,390.7545689
444.7729793,642.3015232
484.0225187,432.6744159
458.3989044,440.7775302
761.0840056,302.7503761
665.5705796,880.6545148
444.1042863,451.8052607
662.3170736,132.1506761
608.8398348,551.9772777
518.6037758,431.0047051
578.4020414,611.3545813
678.6545334,410.8601535
431.8431168,225.3952546
658.1266454,297.7488907
550.9814336,757.182265
833.1287745,721.7170705
455.185337,961.8400425
929.9420899,874.2800947
774.9326936,306.7804858
610.5506894,548.4818834
974.8451315,522.817282
507.191622,551.4632264
455.2817377,385.8564245
480.2109521,599.0790912
471.5531326,257.1081232
809.1076146,951.8185179
829.6343341,460.639994
584.0535212,466.2870575
815.3340383,314.6410643
663.2858748,849.162933
657.5539936,483.8865923
569.8664494,462.9971542
446.2775498,515.4387245
610.6356898,523.9778725
431.2744049,534.3980099
501.9949559,443.1187275
629.1501583,477.4688174
935.1066824,448.7508938
873.2678522,725.5177239
501.0128219,851.2337639
709.2650392,528.2716207
876.0907533,434.6205106
733.1642413,565.8847653
522.8274462,925.3423577
796.9127797,537.4067865
565.2632433,677.0817339
516.8856107,435.5651841
850.0773266,354.7246556
679.693609,616.5197491
536.6893472,539.7840257
690.263953,333.9337737
632.4973685,609.0436383
832.1632542,443.146391
431.7238256,783.6382836
742.911816,423.6108951
528.7922471,352.0985915
456.2879606,756.8947657
396.2948712,435.2720852
620.7690322,564.188164
510.4096687,955.6049008
729.2274661,310.8727964
383.3859817,851.582127
475.8292504,495.606327
930.8428338,862.471394
459.6827045,765.2676614
694.8308609,485.5718273
376.8700712,961.1425223
670.091347,560.326229
462.1634916,499.8271348
746.873519,536.4797057
815.3884781,383.8840453
518.4119331,487.7495511
467.4269117,427.4433698
740.7507318,369.9127061
668.4484898,423.1552421
575.4245696,626.3289923
604.2724325,561.693397
466.7201827,364.4648863
599.3380183,506.9520827
785.8480729,270.8632947
649.7036782,804.0362566
212.3633977,511.4264164
796.0924521,445.0917753
532.5277418,456.7103211
429.3306756,599.3794193
637.4884546,856.3028409
981.0512114,948.2148726
385.4697056,859.4765745
953.950666,635.5178136
531.9129643,630.1889633
855.7765798,519.4703594
744.0958596,321.4789726
149.050318,688.8362568
634.7607408,609.5795863
448.5925306,529.7329363
628.1401452,438.8999047
579.6057547,521.1933704
521.1471073,558.063509
393.0186994,344.2903939
578.4547435,380.0482067
657.7908533,489.5251938
734.836985,451.3334568
270.3205665,706.2940686
465.622263,507.2940314
537.4836083,178.9518481
462.7995866,612.1338591
415.9321123,440.578788
326.7163281,329.1030537
751.881743,134.3757455
494.0864705,358.5291952
399.4872859,412.4261264
473.6984572,277.2902628
792.935242,609.1754576
570.3351952,524.6700856
568.6006561,475.058566
846.9783763,358.8478891
537.5609536,483.8081359
675.333075,870.2205247
310.2626931,714.060207
622.1695618,851.2801482
574.3229347,326.7858425
437.3341535,629.630826
405.9326074,760.327959
715.7454604,169.7827924
496.6156302,682.5193366
735.6361598,451.5557882
699.3988025,500.9028962
736.1207252,347.7796036
354.8394703,994.1362882
359.3177974,293.6883805
524.1945689,703.3644379
496.512623,277.1346245
714.7741275,478.3942477
293.4221369,635.7336052
809.9808839,472.9801088
508.2817517,446.4771
946.8832864,896.0074805
405.2356908,471.3484874
621.9292565,659.7304389
485.1430292,260.8542437
413.3473742,725.6271241
921.179945,980.4266653
508.4429439,666.149739
750.8694679,890.8575025
786.380127,399.5448401
663.2100575,413.4217182
415.9450406,838.2726004
550.7870742,756.7933261
692.0464752,487.1620997
480.9748773,270.2797086
502.4088573,357.0325481
467.5450194,275.4490135
655.9539362,669.6263915
780.883188,607.0806823
426.762566,774.029287
821.8977971,516.95006
685.4544778,633.6908556
593.9775833,408.2649706
795.2587468,356.6969929
433.9295373,647.8950358
567.7162711,180.5361867
522.6403224,352.6898247
874.1955913,619.3948051
431.9467233,759.4951721
909.3224002,731.4262113
493.377809,599.6317334
663.8508115,478.2283924
437.9198984,286.9372861
666.1336588,534.6882881
670.2994288,482.6892913
914.0156553,859.9304724
543.8086499,504.7049495
563.2055708,463.9598382
990.8133173,927.0201754
649.6825704,496.68493
932.2612803,866.9024356
718.7158464,472.4511184
251.7252323,464.583227
477.2551573,223.3575614
715.1525547,530.125866
729.6458618,160.8992929
709.6307777,467.853114
613.9139139,778.4291342
305.0393464,313.5345262
770.6553624,306.6960746
593.9189639,545.5276397
535.2373439,181.8471711
728.9244218,297.1009934
734.1051784,907.1893031
390.026921,441.801078
590.1615525,564.8289156
638.0670387,863.4503334
653.359221,324.6502198
730.6871844,350.3393714
654.9333468,558.4446127
510.2371211,357.5846889
404.9563759,288.4635816
534.7839234,553.8546525
649.3923346,517.9813803
744.6079445,513.2000951
518.908483,433.3938955
736.7688946,355.0978615
641.8692873,512.870223
432.0854594,580.0165275
984.5309558,664.5673226
631.1526869,598.8186494
440.2174417,496.1676611
986.078401,923.7498705
359.7033105,784.8486014
927.3350006,883.459451
520.616716,568.5041015
703.5158253,549.5002286
588.8049612,527.9538671
608.7061771,292.3677223
482.0514345,425.9844569
456.8374073,406.5264772
462.9386524,540.4899661
627.0305706,569.4469572
417.6608688,266.5892076
687.7307335,3.06930608
334.6569022,529.3608378
610.0194142,397.9664562
537.8378716,456.8838445
642.0763804,479.4526046
208.8882674,689.5608972
668.5495045,562.2438245
755.6337464,702.5681734
265.5611867,673.8916614
649.6112474,496.2784403
714.6657872,558.6970313
625.6299061,568.0955432
333.0236775,859.6942466
549.4173748,415.3390629
398.2055682,511.8473439
637.3544973,757.478289
514.4683267,308.0124496
802.4130594,440.1960963
411.5940045,353.1391469
926.4955128,868.7636804
514.8463944,437.0305531
934.5376109,985.5510275
693.4112759,575.2705111
409.830328,453.7285184
894.0361054,484.1810284
646.7944435,518.3326476
480.1007092,657.8017697
279.6760666,359.46829
692.4557176,386.455075
496.8538831,668.8243812
610.9491457,548.0009906
876.1739411,501.5164023
749.707341,477.1977198
595.059249,296.8679016
542.08247,195.1240197
552.1473507,333.1022613
788.7690675,298.6394909
527.906424,460.1081829
720.0080356,305.4637973
712.6984482,198.1620268
602.3975094,796.5145554
207.4024227,755.5760715
575.9807426,758.7765491
497.8066549,234.1156777
305.799886,658.823437
780.0576172,279.0970164
545.7728129,553.1073005
650.7354432,540.7981295
571.7896403,797.7864892
577.2235855,245.474116
604.066463,666.5877994
635.4224977,602.4936472
504.8017677,550.7241066
461.9861802,289.8138465
664.249208,586.1723561
758.4289482,271.1089018
706.7095734,560.3921491
645.6252906,533.1375051
753.4619361,440.6381474
525.7168765,392.2647971
799.6853606,463.4704625
520.2950207,984.662057
724.9136419,40.93315597
353.8075555,688.077455
421.2846525,346.4593214
601.9712789,187.2762073
573.1425762,692.5745421
777.3958634,171.8130057
690.4831654,660.8211395
577.1042194,503.6813809
172.300302,682.6860277
804.0502989,417.3459169
710.7744185,226.9606007
717.3428662,207.7088015
690.0732788,544.3312581
455.8792724,350.1188369
615.7955184,632.4519968
923.4193033,869.3751597
422.760475,797.3324659
673.1141504,429.7134444
487.7573242,384.5637849
406.1005409,728.3348622
617.5098635,730.1385444
495.2959813,559.7093382
209.8309572,539.4434143
870.6984394,506.8686118
723.7733569,547.3032406
542.5046109,504.1463734
441.7103872,876.3271275
539.1969497,546.7002233
800.2920935,457.9130336
473.3162399,518.2535853
397.6473577,490.6090203
839.3873767,613.5302993
634.8714031,521.8823659
517.7762426,735.8705414
597.1461338,579.799524
746.3477268,582.0584413
579.3705279,467.4649272
662.7871227,477.2685708
451.3469549,436.1523012
190.5125351,544.3359801
603.9402807,572.973755
414.0895325,395.5648339
440.9974562,357.450237
518.9851392,463.1723073
832.4790471,627.0877941
441.3906993,629.2162085
273.0847433,860.8911506
716.0068435,548.0535804
568.0129787,309.8916422
185.4998917,530.756902
437.6354601,230.5818596
724.7263534,473.6099747
400.7578281,923.8469433
650.7887745,512.0664576
418.1790508,894.0690121
435.2346998,886.3429063
351.5675081,272.3191779
515.5842682,412.2072007
615.1489668,709.1614566
367.039908,522.1550097
597.1706872,268.2251958
710.298437,203.4318519
528.5162279,354.3562135
393.0735737,432.2122649
771.7383464,442.9621909
641.2766213,538.145781
631.6127588,632.6794472
320.0535769,360.1362454
605.9162785,664.1288443
215.4610595,651.7156637
655.351338,288.5613231
503.2820966,717.9664579
693.1442451,365.4565919
810.3313122,613.0511825
478.9875242,384.2452582
420.7821103,231.0509055
255.4271103,666.8258221
959.5377888,583.4964185
475.2209146,926.826573
370.7292472,316.0176972
516.8159205,485.0005059
509.282252,331.7129041
779.5385513,309.625977
402.7842509,887.3912551
694.2584638,392.3095517
475.1142371,782.5706289
726.4370881,158.4610646
678.0356961,544.2956758
679.9676956,523.6191251
840.6050071,588.4213907
500.6069351,430.9800921
504.2181949,461.2534164
682.1460376,567.1997822
689.4189672,194.3895174
575.4139483,308.4131727
482.6452391,396.3063565
666.9382566,873.1182505
636.3619967,518.1754841
494.0043613,574.3569067
638.710699,480.4740003
743.750345,289.8851572
473.5449351,365.1698029
698.7163422,129.3228402
565.2009985,480.6242689
570.2112599,418.2431405
615.179902,744.5664768
644.0249485,501.753046
486.3125866,570.5575279
591.6903018,692.7046063
590.8025612,606.254853
949.4506319,899.5234761
662.5403907,160.2120316
819.3408931,341.7205761
753.5696921,492.6733324
584.2063692,266.1898426
546.2422628,857.6726206
455.9991928,457.7642485
511.1265396,395.1424439
576.3820903,355.5477478
724.3817676,478.4161445
433.8016322,573.8277492
741.2708163,442.546069
762.9422103,712.2002368
426.674944,509.314738
483.1455791,674.0640565
633.2409649,622.2987155
462.5317019,808.4506667
701.4083121,471.9537195
451.0169304,289.6417648
437.3418086,638.8386398
755.9892382,549.8164987
418.9021088,604.2254337
480.4428531,270.1775586
664.8442559,569.2650136
178.2341228,544.4794999
435.5764543,933.8449832
540.4628179,877.920158
763.6867805,556.9932217
882.9008246,591.6602086
574.1009958,343.0233074
639.0842724,471.6483977
905.4877634,446.0279241
680.909966,332.612029
644.8030605,517.7217533
451.4957431,861.0955133
531.0289688,810.95937
672.8597184,558.2116881
517.3134592,444.1538087
557.8443568,506.7606742
772.8931328,482.449806
476.3953107,369.7194589
507.7253539,489.0614967
758.6281764,303.7529465
597.1474222,534.8042281
712.210707,454.9602525
779.188932,547.5682791
813.1258848,551.9308516
649.4956863,919.5359159
506.4289251,616.2328557
478.1968134,608.2123557
490.1147453,673.1711788
491.0979879,199.2972731
601.2759352,536.3760722
436.6960361,415.7532208
697.4658143,159.1663572
801.5037615,447.610027
561.1422506,701.3285206
159.6503687,492.8092886
941.2483753,594.942611
426.664892,440.6046337
625.7600434,726.9135165
497.7009062,415.6265414
651.3855302,879.7336812
652.9594613,471.2544442
524.1689369,548.1309503
719.2755549,201.794631
671.4105015,327.7504696
439.8259813,525.8368189
644.3592426,911.3335976
636.6651908,522.6652375
456.9258982,389.678891
636.8391616,461.4003629
725.1806128,444.3896167
404.6794129,732.758591
778.3626721,668.4376152
780.2688599,628.6316405
523.4042027,337.9646146
632.1272406,525.7379284
435.4043262,492.0142778
281.9319036,609.8780132
562.438185,520.038484
422.8092072,337.9552333
476.2191528,602.7902771
520.1166756,332.8298265
803.8739162,535.8073417
771.409745,464.5609542
445.3126436,525.9865024
637.4089521,476.0572501
975.4934208,590.9725712
914.6809177,637.6466876
256.9995583,727.0241076
379.2398664,596.6606284
692.5064273,191.7901348
388.2249989,361.0773043
476.8649403,733.6624379
751.0180464,389.877487
487.1862754,679.0802303
541.555779,575.7724648
319.7403008,491.1879052
443.1147369,629.5746424
344.9301492,289.9183784
561.2797583,467.8211046
506.8189174,700.9612277
759.3765517,321.6209672
391.3165187,362.5609972
807.1785663,551.3337681
666.3156741,304.322074
559.8312755,533.2064965
474.8585168,279.5803538
607.6722099,297.1361368
819.078761,448.622125
416.9914118,237.5753853
429.424215,481.2669427
656.6504184,471.3325663
172.9005482,479.1780595
588.7220431,288.6503517
712.3304776,202.01153
917.2152308,859.4441263
426.2775213,234.1905194
547.1123861,472.5394993
333.2238345,511.6971798
338.7811757,363.0691147
449.3593471,909.0515926
502.6301371,733.8229444
559.5211453,284.6440611
472.2870216,635.3977993
893.8731005,621.506003
583.4623533,647.5313784
648.8386633,505.5121206
694.5524148,206.9687205
830.1103305,247.0899834
618.3020273,477.1562037
421.700022,575.4665371
765.8125252,947.9518608
691.3447647,192.9565965
495.1633723,412.537219
560.1294661,197.8006259
670.448157,369.773386
517.3610228,640.805482
554.6281228,476.7672439
566.876244,476.5496762
698.9781747,196.7723353
794.2218585,330.6013305
364.4573272,298.9976323
782.2018032,694.1065625
867.0658771,727.7122464
752.5629449,436.4938529
715.5562993,156.953469
721.6440467,451.3418352
500.322317,536.6139068
370.3846165,570.2806008
691.1229906,381.3552422
417.5950736,642.1344769
610.146825,293.05607
709.7160478,256.428718
747.3509236,529.5958727
299.2275283,416.7797772
504.4663051,304.5769162
637.4667026,480.5995097
815.1155599,455.7397183
951.0160989,507.1849029
600.7489146,801.1314896
217.5665204,404.2971664
559.1954052,482.419698
268.5989109,428.2981997
620.7757285,561.2356964
784.5144321,480.6381215
621.2137189,701.0365709
860.9476589,716.1186479
340.7589412,475.4215966
978.9491961,690.6370139
543.7631236,546.1410622
558.8446024,324.8955553
758.68353,185.7182576
592.743609,291.958767
810.6976799,476.4770492
211.4445571,755.8593293
455.3579744,234.3414566
328.1360031,642.6435555
431.3314214,897.4839024
889.5267833,676.2143885
387.7773459,484.5193833
468.7714584,905.2021938
587.3129745,475.8730081
441.4790853,632.8016762
416.4919556,837.0812332
528.6032807,498.4644381
503.5412326,349.2002807
533.8624912,511.891806
314.5975202,365.2457521
724.005183,509.6023627
658.4066794,878.2573638
733.8376532,350.5110771
617.9732012,693.2577918
267.6684603,725.3445766
964.5695325,918.1904984
505.5325107,447.340768
788.0655444,250.1909227
496.3626363,806.0583213
637.116529,623.4735556
571.4777124,570.7170524
660.4329973,216.2083974
644.9605675,262.080608
947.8946627,545.3668407
254.9882061,474.0564553
574.2149389,365.3358672
629.1836401,528.5441182
924.2584915,873.6535927
640.8272756,911.7353236
523.271354,404.3440313
763.822925,435.5877286
406.3755265,820.2748289
427.7706615,262.854934
821.7408294,639.3518344
569.1865209,396.3671785
289.7566769,662.5186809
748.7098518,537.7924243
569.2757758,580.2503087
813.1052563,447.1310774
726.1456688,318.2342836
504.371717,443.9612928
752.7305938,303.1713871
260.0945087,686.1177793
633.8899883,699.9013455
720.4202742,512.3850888
964.9797487,916.9840459
544.9590319,777.7732136
551.0597826,446.3561873
442.535134,525.8284196
625.8231121,536.497758
293.0305566,439.5686123
633.6126807,564.1935964
795.8940029,285.3284599
521.0088206,231.3878397
648.5755425,886.5198981
768.4819342,260.1000803
804.1893646,604.3315535
437.4874808,536.1704767
366.2282393,612.3461197
584.3189341,335.0888692
559.4105578,562.6525917
225.4254647,521.4898959
664.8733034,248.4358605
799.193245,940.725515
912.4808238,855.125201
917.4593411,901.1588584
654.9417809,478.1326985
671.2625223,502.336444
439.0624755,906.512238
483.961727,240.9398587
546.3997997,458.8584593
241.3951186,643.1494164
500.1852287,600.1023464
455.4036056,769.8294358
750.0934832,270.0449245
612.6553713,837.0462152
788.0265497,945.7072349
558.8860689,284.2900775
465.1713442,336.6824637
836.0677759,431.9859637
400.5120699,431.1086102
582.019668,744.954392
570.0921335,732.1880009
488.5291293,634.242286
447.5352086,806.5475925
702.3878694,231.910353
781.3086096,646.2155466
579.4645617,716.4192477
376.28533,336.6514364
581.447975,646.5639515
712.6134029,605.6005204
649.0055931,660.7144973
631.5325522,648.6711169
490.42922,426.2416602
756.8074684,551.3948617
486.8960395,405.5747834
711.9070784,470.1030679
419.6436379,596.1043506
610.1852355,554.7634513
351.8154385,298.5370484
254.5514291,527.2818583
476.5270209,331.0648814
911.0042073,864.2958656
412.0423615,427.3540277
534.6049491,643.5222462
697.4687205,158.2522306
963.9583054,567.673195
649.3571599,495.1498382
491.8432022,670.5383243
556.3668714,384.1823886
819.2893446,525.0836584
391.8952676,659.7362474
644.2429026,298.0214091
537.9653873,657.5576669
572.5771901,318.327491
435.5292352,578.6912099
451.3997918,352.2343807
220.4410599,399.3802175
744.5372357,527.2328204
611.5125844,928.0237904
770.8779905,308.3718238
472.8171732,405.0082885
603.5556964,565.9021281
469.0768248,509.9208267
645.0189472,540.2310287
447.0935179,601.1505071
229.8854254,718.2745586
525.3071547,332.9309945
701.1223757,620.3131733
643.8462888,600.4446294
133.5139805,689.5893128
767.4574498,361.3840677
270.3169262,567.3279242
764.7737643,569.7080258
334.6546551,418.2790152
850.7304996,413.4411704
577.9115437,717.6821553
800.3105946,814.9673739
422.9051286,381.8675593
867.4595696,730.8028224
601.7911211,884.7412258
396.6480709,429.4566173
372.5619098,462.2644279
860.2000326,716.0883518
624.4027181,906.2748839
723.4782073,352.0028977
440.9496678,530.3919282
431.3599746,428.4337799
186.3277096,533.3371876
790.9240396,530.7261044
595.9932051,562.0595825
480.2261125,810.1625832
599.0836313,581.4804966
754.0137048,704.4310688
360.3865197,717.6074389
538.9434315,536.6776749
716.8122652,153.7872155
661.3352692,876.3553551
711.9107636,502.0080345
803.7223117,430.8686234
740.6208192,785.0932892
487.2218245,507.4091356
567.9756618,763.1003426
596.6760249,665.9329235
527.4986796,367.9183885
545.769622,541.998481
617.3940328,551.7209102
627.9921211,221.5479244
852.5202425,753.8622746
726.5508664,494.1672006
641.8809873,514.9120951
519.4580346,563.7421222
834.5828301,474.8582776
707.0602263,534.5507648
459.5486124,716.8687161
279.1771048,675.4877841
400.8469482,372.0915583
663.0467979,573.6859635
767.87616,538.2106982
271.224711,703.9213843
179.3043133,726.2820835
841.3020136,591.6579311
691.6768117,413.6801333
556.6641182,715.8064729
773.4999855,592.9799893
774.3161035,677.7199782
367.7615578,614.8764481
533.7407581,461.5751817
521.0325649,477.7191048
546.1600338,544.8597052
526.9629702,337.6798524
670.5554937,553.7193231
527.7877021,459.1502
649.3934431,504.1235991
523.9002733,481.3625947
471.4242088,894.8691002
537.6988958,384.1880717
781.0982807,650.9099134
785.8915169,866.9629233
717.2368179,523.8341437
217.4563974,533.1390094
526.2814537,483.5275524
522.6013127,600.326015
632.0027211,430.5747515
582.3754294,548.433744
493.4391699,412.8772246
428.5755889,306.8830537
516.6605708,554.0535828
698.9333375,238.4888225
348.2359378,256.747182
510.1820371,449.4737373
763.2829311,462.112655
522.1745878,233.5214984
467.8470301,329.5098778
401.1112675,274.5580581
420.7211838,330.6878311
607.0448786,662.7511668
428.0536617,727.7860017
680.4772188,535.1631217
901.5186149,602.9327523
249.8220706,697.9906241
709.9127143,501.716628
836.8432363,787.2848657
468.8167451,458.1563215
434.1808084,561.6129557
566.3612229,455.5230491
489.7981435,425.3704913
404.1536357,370.2992423
629.9282253,437.5258209
644.0687671,623.7456353
812.5754493,635.7215286
503.4378658,540.7977952
406.4094128,773.0685671
751.6718936,576.3314379
588.3864907,738.3603357
409.6712031,597.2340182
762.1153212,373.5595599
512.5199234,728.5669092
459.3925136,555.5921848
590.6681095,632.2749005
727.7893949,565.974567
574.3351589,404.2698164
719.0337665,619.001562
495.6759216,787.2095225
603.2914221,613.8408028
513.9223705,412.0443749
712.0306091,210.6598902
501.0967437,557.99107
167.6720182,529.7276502
569.8202789,576.8374033
366.1663241,297.7180305
650.3986174,607.7869152
561.6096181,484.5167507
644.6703765,500.1450973
637.1577858,522.6209007
748.181468,319.168155
769.9434801,360.999412
775.0814669,542.3627443
769.3451963,495.0595977
964.8255675,575.2772807
523.9022807,802.2394485
900.7356492,575.3107944
594.9002589,755.8641976
787.5958099,301.2601016
710.0089652,532.6443267
735.725969,577.693278
621.7918686,554.1828739
744.362396,612.7300023
235.5606047,766.6429988
457.8795839,386.5033606
578.7803188,387.2808207
784.1625806,641.5761516
536.1372039,361.9456943
518.6462611,497.968063
869.816691,547.6620924
419.0123367,581.5667046
907.8004521,685.323646
467.2617346,339.141962
869.4294852,347.7839913
805.923649,617.0275323
493.869625,394.5364388
560.5276528,213.9756809
525.9417666,549.9506163
842.265182,596.8958513
470.3631117,344.8520623
742.9900601,435.806717
701.0795758,510.8443139
615.71284,627.9952348
863.1247724,675.2949966
666.8529565,556.0741014
475.2432208,811.1155097
478.3234452,675.5276913
238.1624957,783.0863099
576.7455967,396.93827
509.8915166,615.7937089
301.6641673,639.9330386
932.4661562,867.7457113
360.1267396,640.7968111
654.9046588,579.209816
396.3619098,659.6317572
294.8839075,573.3288877
400.8876807,255.1929096
494.7148205,570.0246512
394.5322284,664.1962061
632.4860431,281.7832756
599.4409656,332.1809263
556.9246324,650.5401759
387.5954354,319.8362357
472.0306121,519.0199925
652.0514817,544.0533072
563.6232923,392.646068
573.1872636,796.2183642
451.3349404,531.872696
616.1786944,528.9626847
634.150098,927.2375758
393.37121,236.951892
554.4688031,315.6396439
508.6844176,504.6534253
707.3696974,562.5621631
488.4038908,420.9348112
417.0420915,657.8705104
723.2330034,323.6213232
557.002472,424.8987709
771.7940746,590.9320162
477.8360335,427.7607473
466.5916334,398.065305
367.9123384,944.0036133
620.3924476,440.659877
771.563327,354.3668275
497.1860349,668.3556486
420.6920314,597.4528813
330.4190301,526.7460982
556.2431009,563.3435721
709.257399,704.4423933
630.5062551,467.4644676
512.6556484,928.9658731
651.0257989,198.4927973
514.24086,198.8319462
525.1377531,474.7941752
845.565218,463.0171496
360.0591617,407.0838832
967.7627562,606.6078545
893.8607564,464.3428642
528.0118282,472.4044415
462.7142267,501.4215651
704.1068135,550.4080035
539.2165145,883.2271741
492.2365651,285.652628
550.5253016,435.9815776
710.2691648,201.7398682
577.3310719,303.9119069
658.7058587,470.3999694
776.3891312,454.6176143
705.5116426,170.9197519
544.1032002,309.7402036
526.9930365,392.4664436
843.532728,722.156301
756.2268918,111.4013731
586.0544169,615.1349468
556.1816801,479.0020288
478.2795368,690.8555009
768.2207908,460.8726261
718.9848546,733.4690444
476.3734539,716.5907861
602.636796,404.4065248
836.2775955,401.21336
590.8352491,170.7327311
692.0009339,574.5988157
506.2493966,725.8879211
483.6954004,388.142671
367.9200235,355.6802356
449.1094692,380.0494812
603.2311548,536.9503605
682.9739753,468.3244374
668.7978544,525.3180874
513.0693701,398.7792269
500.1615143,472.8016544
553.8245886,758.2979755
514.489809,300.2335243
427.5861744,794.3722257
269.0652148,293.8280559
695.2060523,512.0457101
795.1869893,654.7170439
911.8893862,861.4909293
500.9912048,294.7000397
559.5155874,363.9112203
591.1724194,312.3310406
447.9252907,571.547144
582.3054097,906.6359296
764.0665859,313.9291065
683.6608998,618.2371816
487.2423481,616.3434051
554.7568518,707.0310991
897.1511599,572.2268417
686.1370579,355.2965828
776.4927376,670.3187718
773.8430583,643.8664933
566.4671963,660.1982312
826.432901,745.2304624
512.6678876,547.8511608
498.3522066,733.2976104
661.3449168,581.3602107
655.1128904,545.9788006
691.3311323,687.7120634
651.8571522,361.5471233
539.7919976,511.6728176
475.070074,926.1368044
717.1470537,490.1991457
853.1421957,559.4440072
780.8585298,602.2558961
677.709986,166.0017165
416.4790722,759.7204495
575.4670997,194.9850756
256.2371761,588.659685
663.2979792,554.4810291
728.9504732,547.5152923
545.0787127,555.6095267
477.7225848,539.637936
887.1890767,839.1733341
646.9648338,480.4687977
427.9149256,452.5827208
514.2295196,480.6898964
454.759436,517.033907
569.3885205,593.3377337
520.4694259,572.7845403
710.2168972,540.1537841
553.6783621,245.2215511
590.1310368,755.1891383
752.320812,655.1822663
935.5776303,985.6057484
779.0374323,534.1395948
647.8328449,162.4182964
602.0656872,533.7429043
344.5604557,670.7998526
554.0607591,554.312186
586.0523945,418.9266409
705.9929272,509.3835415
830.1524562,397.2614352
630.7937945,476.1880455
224.0641695,772.5211692
502.8933328,348.2778174
546.7522503,908.0791512
373.6540169,461.9552198
539.8826158,926.7875224
460.4077249,548.9036675
899.3568416,847.7925682
616.4740987,776.1495319
712.4371101,516.0338021
245.3100669,794.607365
403.0136052,282.7930334
541.6189525,802.7324806
895.0431972,611.6173841
490.6645366,258.6161993
670.3051364,580.2062436
769.4609521,637.3069537
436.0322717,528.3908201
828.0834883,722.2395003
218.4654666,521.9949629
877.4008145,441.4712268
178.8237178,700.7806213
802.1592865,235.4604474
809.52234,590.8134227
311.4109929,711.9602083
697.6697614,409.9671505
757.9321286,533.9291102
792.7275048,681.8653383
461.4143823,377.6954342
821.7701017,244.4152576
567.9850996,454.2381403
680.6854504,562.8333861
454.7022697,961.707492
701.7316702,512.3398118
721.2013973,446.9376004
478.4865999,451.6431872
671.5679935,19.17862904
791.0986994,654.7010392
586.4585809,263.0773072
576.3933258,625.7567307
433.2869406,410.8627443
313.0183758,726.37667
428.7679859,864.1634821
683.4120856,544.1994597
569.0083705,760.2573378
427.7428724,353.8212056
431.4445256,363.3145129
701.5285321,406.798724
455.2186241,789.2420968
412.7466037,655.0683949
431.7160806,955.6355938
744.2095631,688.1203083
606.2355469,389.39369
615.1987027,592.3381721
859.3325908,613.4397245
509.9193208,609.6397606
544.8524144,459.6605113
523.0264497,354.6961564
650.799201,564.1079735
788.9752018,568.018424
577.7494826,618.2162877
548.3825088,467.8968448
707.1366578,618.3537483
572.8373147,394.7750465
962.0749632,948.2518756
623.5482795,546.7414051
908.2148929,462.6157788
649.4404525,507.7521917
579.5844971,392.6875005
481.6943848,256.3898346
544.5968588,334.4785599
777.2621308,189.1058815
547.0734363,386.7958118
333.4109882,523.8357943
641.5210612,640.1584205
945.9967742,882.8802945
226.1736902,670.6674065
613.5979712,845.8613709
339.884054,592.6753152
463.1976984,618.2681462
627.910731,569.2788244
424.5657229,320.6483795
658.3897363,907.5882711
870.0833024,334.281907
529.7932418,624.5961193
586.1357171,327.9460987
552.4282236,747.2959236
529.6323642,362.4557758
455.2175005,399.1037919
546.7257944,563.4734691
680.1856347,567.2560911
744.2321539,311.125194
819.7394843,317.14515
420.1059719,802.5704279
408.9129555,501.7499746
471.3569006,475.2274927
455.6614233,499.2505691
274.1439529,806.7974202
960.8997581,985.3102259
430.860878,600.8238527
658.0005979,495.2196237
875.0531459,696.1991857
616.3689043,286.243109
542.8182615,486.0337693
257.6989617,415.4113348
453.3729882,321.7266274
691.9649503,443.3021128
744.42524,386.7880602
705.7295367,255.810281
723.8441256,529.9448626
504.3679719,533.4249835
498.4983732,408.7582743
345.3743715,291.6440848
640.4580316,563.1883935
483.1380438,377.4815857
735.076736,708.7127821
238.6433608,666.5129785
527.9347076,710.1632956
773.0102069,416.2759221
977.6866686,576.3645756
583.1348454,483.5145565
352.9580306,295.552237
464.9183504,606.8025225
617.5580264,522.6658434
808.8285693,321.143898
344.7248838,684.7256014
887.9403733,434.7016205
163.6393516,535.7514715
608.1294056,592.7439515
712.1654353,730.3572821
500.5037481,229.3531969
825.203316,418.588474
527.5515165,522.7581942
461.5302878,689.2821942
521.4199955,547.426765
618.9574175,543.8476491
182.5333259,656.6992223
789.4194991,321.9153824
620.7339324,273.5921982
386.0657273,441.2249511
698.4627941,512.2016408
461.4446432,229.1079867
585.7313284,982.1275498
289.3207239,377.6224102
217.4118898,695.512593
656.7437181,827.2636117
584.1380273,782.0835097
186.9370791,481.1088598
265.3700631,525.8650465
728.7490278,301.7260553
464.5167331,686.9194135
866.4867236,743.9284414
551.8341045,703.9288434
711.2924657,281.3033231
600.6448587,659.9106692
544.9877349,305.9013354
525.4698599,429.287607
521.9585663,441.0310144
976.4467769,612.1473565
201.0975002,731.3320218
395.2450395,461.1755451
600.5535964,536.5498254
210.9740586,533.4440178
627.5542505,217.3272838
409.4718251,929.1540848
606.2140646,275.8526826
436.2741499,421.0376716
483.7132573,488.405409
509.5920676,626.4597251
858.1559326,744.6072616
587.3129296,851.2770559
722.542888,4.784043185
414.7285638,395.01449
750.0860528,439.5922432
604.9677013,508.2730126
700.3926513,568.3522032
736.0584804,690.7602667
640.2824729,505.7448363
619.9182189,640.046513
788.8205262,849.2695543
529.0754271,313.8372571
192.4847427,369.9704985
736.4383607,449.4698928
589.2576627,698.6524994
459.9228,753.4981784
676.5713488,357.0449172
286.0841161,605.344132
475.0261357,302.7067289
800.4952016,421.8346674
748.8466855,433.1788352
650.0087,538.2520889
334.4883844,316.6750594
470.1938748,383.0117481
451.5489246,481.0419369
790.2836751,612.6553486
342.8965656,752.44937
799.5939784,505.2504252
797.6599265,364.2388567
721.1552718,504.3108707
585.53613,502.5500626
525.3987916,758.0441989
715.239982,531.8513007
590.0744698,546.1356089
418.1930578,384.1895343
756.5185808,554.9059473
745.9824527,306.76469
892.1723729,629.4329195
575.7066859,587.831641
848.4343345,243.3620615
632.4649502,867.9262341
596.3404724,560.6811319
431.8397612,571.8493317
578.4425042,256.0276815
819.2188604,354.3620429
603.8646881,339.5809417
177.5527262,544.7025626
484.2988974,519.6141926
558.4751037,321.7387876
713.9694249,195.1892503
818.0337681,503.4962196
555.1594728,307.6748678
572.0637569,339.1476242
196.6839197,656.0447434
707.0249468,261.2219336
582.7992331,895.967615
713.4946569,522.3416754
713.8960045,509.3437805
418.7178163,771.9787858
975.9683536,596.6698635
548.3292525,381.7003876
494.5939413,351.6501887
604.6867235,566.0570768
587.3243599,259.3787829
446.2842312,482.0364004
516.8590799,388.6058458
745.2908692,447.3167819
725.3656842,860.8999051
678.6283472,878.6986209
484.9629314,392.2942574
418.7133071,651.6954803
719.2066287,476.5990902
616.2643241,868.8643051
482.4750734,603.0389348
703.5019083,550.6631592
785.8601773,563.9172126
679.0330804,386.8468973
537.2390186,723.9645589
446.1155636,804.5582894
488.2437921,655.7401111
554.0230677,671.3042718
222.5575167,527.7523877
513.7387972,632.5544811
341.1363946,313.1546969
315.7935185,544.3799616
648.3426677,613.0008284
536.5144327,472.2649333
792.5761399,155.4886432
570.2122636,361.6884284
787.3788896,480.5564683
634.0947593,887.6828078
474.0745024,448.3766223
610.7207651,493.4309433
643.7968226,888.2902546
740.9279233,748.3886091
395.7772734,456.9673572
753.8447975,262.7596162
680.518191,617.8018583
264.446174,425.3233338
614.9581279,652.1890138
785.962016,852.934335
494.8529724,255.1228317
534.4497792,483.5268838
620.9556316,973.4265372
567.1753484,569.1664155
512.1607014,411.370423
478.1202921,199.4028706
284.366685,700.1882389
496.8536584,228.2922074
721.8476942,211.6020355
574.4772358,727.5301148
499.761455,535.8282564
604.3432912,281.4119084
519.8578393,431.7949312
443.2848875,289.8469841
531.136665,570.5011771
925.2907059,593.3804198
468.0567448,462.0532956
594.212121,754.2923953
453.4911109,761.5676118
439.9396098,316.551535
487.9906335,830.8559952
851.0532435,504.7799793
578.9211372,530.8964102
705.612912,257.7250349
626.6855353,672.4907707
665.1186122,529.799128
369.4348857,545.6773859
169.8654757,527.1188445
700.1635367,332.740171
485.4486203,265.0800033
591.4087997,471.0833445
765.4306675,308.0611323
764.2267594,580.263827
657.2316391,910.4361651
624.7182563,726.1976515
823.9626304,589.690086
521.5784163,603.0228047
467.8617411,479.4730388
396.6176751,709.137554
822.943554,804.2847889
643.3492596,525.8963873
451.9533283,799.2655646
385.4438789,359.4450143
726.3224109,312.4607287
808.9661669,471.7681194
539.7178133,713.1966016
830.3339922,742.3217882
650.5076768,480.7743076
869.4554467,685.1612799
688.2833561,625.5632746
451.7144462,839.4630064
374.7090619,343.3754105
781.3136132,292.1369915
621.4794164,592.9716944
938.8061485,865.2576929
789.0363979,477.4204691
546.3245067,403.1825633
582.4235623,595.1168657
862.2042541,616.0798292
624.5593861,448.0708199
565.3795983,485.5218283
649.6175692,883.4753512
651.5329552,887.7971808
758.2927737,461.7929582
443.3940818,351.7033426
551.1374425,387.7411121
519.9133277,576.9234651
959.1141949,588.4277842
297.6258979,643.0655067
901.6567818,949.156412
436.2886063,526.1090449
640.7995763,497.261642
486.3338891,824.2364694
656.2053721,569.6444041
395.7160773,589.5345522
879.8216189,435.9791121
791.1806888,257.3818744
598.7959721,343.7433721
827.5960916,748.230777
650.7269492,310.0496624
401.5497223,882.6283565
632.5604521,744.9261017
906.179227,417.154592
665.410481,12.29243504
765.9478757,267.2182169
535.3322316,410.6457199
474.9585428,334.2433788
522.6585539,419.5475224
709.9623753,400.9780117
456.7139215,286.7070986
212.5419675,735.4037102
449.6350217,927.2604128
500.7430796,636.1867927
466.2334751,436.3706628
486.5710634,690.7074471
700.6912464,472.2231247
541.1181481,661.4727767
499.0200907,418.6490243
659.7179691,573.3074924
215.4861372,653.1612672
717.8633853,614.1012028
591.4083653,240.042865
367.1538362,337.5511045
479.7886015,201.1602311
775.175231,429.9703552
913.3895524,470.6577368
476.3853036,468.6739915
444.1473108,293.6275585
589.0562024,467.4605813
641.5799803,482.0363377
558.8399584,604.6060569
750.2504958,641.6002422
628.71825,915.9526212
522.819851,221.5934521
738.424051,422.3288277
229.2432033,795.9975998
174.1185681,760.6880227
484.5263941,388.1853153
708.9432989,273.6489459
653.8389625,470.2409882
407.3226955,228.5717879
422.2814525,384.7287209
312.5469635,718.3347746
986.0445147,925.704072
696.8865859,366.6140274
874.9765196,725.9064957
513.6687624,240.1472924
437.8374597,655.5142487
238.388015,817.9420936
610.6427757,851.0788151
636.1532258,469.2800593
581.1286915,531.2721442
511.7195501,208.2343444
715.9974805,490.4888598
591.561408,252.2471489
477.4049942,759.0983352
892.996176,604.20805
637.8588521,557.7296253
390.5223025,582.3756935
829.8921518,357.9864775
523.2766721,595.2217319
619.9443003,566.8229408
769.703864,309.3351555
670.5840169,502.2244112
661.83501,624.086999
713.4357228,471.0739423
422.9545199,356.889467
928.7420918,460.865752
599.1347753,706.0786322
627.6265473,576.3636353
839.8560326,624.3342568
583.6288486,977.1299297
546.9370521,431.9730513
823.580458,402.728728
559.0554106,303.3999031
364.2769597,901.6971466
549.8139586,387.1300925
482.5773316,652.4026743
863.865942,811.8790127
536.7811938,409.8331582
185.1613881,746.6255236
513.3581528,427.5727445
528.8061043,624.7125816
567.4643409,683.8321388
450.0000412,585.1453609
632.2671602,644.6071801
457.479165,384.0236998
652.5655291,539.6916331
688.6568996,413.6916458
632.7672306,874.9696752
527.2157993,481.9570247
839.6288205,944.9516716
954.3043601,496.2381569
708.2927625,211.7240556
822.226803,396.9103767
540.7322156,778.2172915
468.7751886,536.4610266
859.7239763,288.5740683
403.2779395,440.0871975
725.3601414,378.5197591
144.3790546,717.9391914
414.3803976,440.6490749
475.6501413,467.0805222
802.341961,199.7835147
495.674798,385.9299708
512.4437016,417.9754485
796.0888867,655.0932167
434.3571461,533.7049193
592.3398645,381.6560927
558.2222147,413.1249002
731.3990218,586.04248
375.2721411,328.5812299
813.6326065,273.0890535
468.3431605,780.7591951
431.2106172,574.2780742
747.8122539,602.4929159
952.292169,637.9888452
773.5012139,487.2997484
471.7295752,284.7585803
703.8292663,209.4644278
587.3857957,534.7321652
653.6512096,533.7213209
558.913948,429.7392066
239.3027208,518.1383975
968.0774106,969.5890479
755.0859626,627.6133579
503.3483562,389.2396188
355.0630271,523.1779934
261.3960759,436.0816173
688.1966479,614.0331307
855.7844746,404.3634626
393.5176013,447.8154136
592.2457708,499.6498296
645.5676449,627.7851472
530.0193004,544.5194907
727.17649,522.8957593
606.5408983,204.3017046
777.6160196,148.7570219
455.5097138,545.3936057
562.524294,196.3083247
490.9801048,827.19368
424.1115983,841.1263238
604.1926454,239.5368996
621.1328831,547.8828777
806.5197605,156.1013762
681.0628739,379.9671177
705.4040213,258.3303506
255.9826691,581.5245826
433.1911391,926.6035312
643.3755507,546.0539139
649.21748,557.6985771
535.3449053,614.0193198
977.847696,680.2762359
327.9549914,582.3044455
438.865824,376.4642852
644.7379994,850.1325955
949.1268393,886.4918586
531.2185794,932.3773159
581.6979277,300.0659347
579.8528312,636.8281503
656.6989558,585.030779
558.783661,551.1402911
580.0800433,393.5116165
507.4168267,790.933391
690.5707575,410.2484861
693.1066286,242.5849566
836.8052003,809.8290965
500.3559936,982.769952
805.8364614,442.7126765
693.9295927,677.8907018
954.2681817,862.6730196
468.8445642,517.1595835
432.5554785,410.6132509
724.6725427,341.0561936
724.1020482,313.6194179
638.9291774,563.3452645
624.2572406,575.1406558
572.5276639,341.7563673
913.0522472,603.0193364
583.2586309,603.8447269
553.3784187,233.7781167
590.9460312,628.4761276
872.5496331,692.1321358
723.7389013,419.5097673
482.7507481,597.7118814
626.861873,593.0802797
721.5490092,909.4047822
438.3037636,575.4783839
229.9341426,670.3771074
794.3988703,463.7136251
710.891178,896.8540783
528.1977085,347.1507197
772.4114437,763.8480498
566.0405313,521.9885276
876.4356987,547.4873781
375.5271723,443.3225261
217.0702851,779.0199077
782.7407335,624.1359533
790.6619974,160.1051805
562.8930287,393.5539474
527.7054731,767.2506755
593.8716249,546.6135765
614.8778613,544.04706
492.5804469,337.6884607
518.6268611,399.7880445
545.0025359,955.540694
685.2783348,561.1776533
831.028452,681.6358194
667.275337,704.6429951
797.3223817,541.4235032
568.2926681,382.6717217
495.8693073,350.7301699
490.5547431,426.3626356
404.8185086,309.2404437
714.6056397,571.068863
525.2740923,586.9886787
976.1970937,605.6426633
806.1957133,592.8503638
505.8665201,551.3261001
820.4202817,299.0663522
752.9022425,483.3448775
576.0240218,309.5907708
416.2120415,355.7232352
774.4384807,298.6403684
833.7912955,807.7427414
513.4762606,433.5515187
786.8530075,395.7350352
631.9730443,594.4733352
430.5912706,424.5856139
557.4672629,449.7037994
490.0968434,376.8653217
451.3904738,465.6823269
496.556816,590.9019917
948.158203,970.0833754
683.4003856,557.0915272
731.9138631,598.0355271
719.5490423,536.693199
759.0741814,301.2256059
451.2009082,347.1616054
604.1977388,666.0558629
976.7222118,926.6007732
741.3549928,782.2811864
770.9465571,775.2838998
432.158715,442.4255533
468.3167496,620.37247
369.9075564,522.8377998
525.4730958,488.0283586
929.9767402,861.8776953
357.2030934,994.2845927
669.0565409,551.8912159
723.7035169,763.8190701
395.6610233,299.1319171
543.3990778,214.9597811
542.295091,576.9004609
220.8023193,702.1778973
719.9746287,636.2252165
831.7776512,385.8381423
475.3068738,605.1154488
434.0030625,489.7078896
447.1806156,441.9932178
855.3432035,405.8365624
871.773139,836.5303461
428.4981537,497.1883464
541.9952824,475.132572
277.7285171,622.6729034
566.9552821,397.3394737
788.9837857,690.392932
871.4730309,416.3819375
433.9896248,377.8698978
878.1429878,435.3810257
710.9465915,437.0369467
693.7018713,812.8929284
595.0157301,512.1521642
198.5821377,720.4884914
617.7487455,562.612371
486.1519936,571.4536232
746.4063163,742.9853559
478.5403955,789.9238839
577.4044623,338.3975978
702.7211597,466.0052622
556.7498377,555.5784366
480.1868182,425.2345768
696.1929201,544.3487044
626.6390652,471.1018564
731.075379,432.6147849
810.3233125,288.2139002
647.5329764,295.1072399
699.4667699,363.2357849
470.3091812,510.4439042
477.5607484,327.8019103
950.7155863,919.1972267
413.9443247,370.6083877
408.6393333,888.435634
683.8708692,624.560746
723.698768,207.6083021
904.1691182,533.914401
668.0054808,565.3171839
510.8781747,616.1594348
512.7879728,201.2692134
684.8192067,543.7503256
689.0592509,546.6206595
451.9326399,413.3267557
553.1674457,480.9037658
592.0937168,375.6002828
331.9110617,515.1159355
738.4815918,525.4465637
580.392166,718.0843201
503.983897,226.1195607
405.5631986,493.3534271
286.0119092,665.6782902
430.2049186,258.4520363
853.8117876,134.057574
934.8720698,868.6358727
324.4243727,578.23493
716.9197667,463.4738682
683.4369985,426.5214497
222.7385134,645.2787919
545.0976183,456.5615151
921.8177328,592.5689028
766.4698179,475.0005229
544.9694585,669.4625628
467.3512592,551.584745
770.1931782,422.1085648
672.2346641,365.6943012
537.0307571,538.5758808
634.121395,973.2103276
815.945535,544.2777071
448.9981627,826.0765278
562.9620297,478.6723866
571.0944314,516.9878988
414.8319305,407.967881
612.0325791,955.6797843
561.0771145,260.0504365
407.4470053,263.49579
694.425843,478.2912201
553.4359745,201.5185606
480.2068474,516.6333093
420.1399032,370.379015
490.494311,409.7482248
707.2167296,66.60473591
747.1168503,354.2204453
593.4853479,278.2430431
606.9897197,683.3803302
950.6633486,630.5233693
636.0164671,209.6152814
724.3588921,274.137841
566.7437997,423.3145576
495.8604836,259.9628913
533.3339276,183.7241071
708.3805194,572.9113033
922.5604903,861.5373346
295.5852285,299.4243265
636.4729586,719.4423574
657.7942689,254.1260907
408.5263789,667.5378844
637.4580138,543.4407623
545.6347958,403.4264989
813.8190412,322.168783
690.4699674,512.5978508
491.510571,394.3239484
434.1798047,630.6636297
211.9476835,712.0202363
612.5443794,593.9536007
408.0388623,839.7175144
598.5448808,417.2992401
478.7048985,509.1648456
621.8468628,824.279845
664.578079,700.1000251
578.9552333,350.1665584
370.5763543,598.6211607
550.6579256,518.8432724
449.6741813,734.3469412
471.158002,517.3414853
632.2080614,568.4422139
704.8948277,255.072185
498.106808,437.8471265
465.6095144,257.8641253
697.9499152,552.685997
248.8279821,693.3844503
337.2629578,573.5895593
801.9171686,426.0367125
280.5926001,632.416519
638.7962387,664.1958091
704.9234258,547.5225215
180.8418563,545.9774634
630.7153107,866.2621019
638.0506199,445.2468703
865.7566847,615.3929858
676.9332223,557.9003489
599.6780201,271.661753
760.0845091,357.5664903
823.2667774,408.3605808
689.0256193,555.6443149
499.5120116,199.3665571
389.5594037,943.4419031
758.3663289,324.1175938
708.7242663,408.3514084
952.0644325,910.1382189
307.7976208,720.5438184
631.1158493,622.0921381
758.5261879,562.7487661
557.2919439,477.8317436
422.3393978,461.0980707
210.8289407,705.1881782
567.4995755,471.7230723
514.8129275,754.3623897
446.9172701,601.6236901
766.9945914,881.1953311
772.730053,955.3474886
530.9388001,324.577154
422.9168285,365.309938
640.9167552,544.9779435
601.3077093,665.9624256
554.6295459,199.8304423
958.9847168,712.5059764
411.7844839,364.3291181
810.3222039,204.684438
319.3040631,358.9553043
886.1010593,544.5995977
458.7571526,364.9137697
498.4802166,584.5468149
638.4319383,572.8947971
591.1461433,548.9157441
239.3603516,823.9232079
437.987671,597.0014697
603.7247685,568.7327846
473.2565418,603.4075022
720.094639,481.9371546
522.6517976,431.6924678
631.2139279,472.1121993
466.5845026,526.3806858
563.8423699,556.3561683
834.3375363,464.3469594
520.7746724,404.5779797
477.3271994,202.3680626
513.953036,727.8205392
789.1758981,621.6879048
617.5956579,941.1966086
520.3522469,568.9622827
903.0384957,631.9521533
496.2652319,303.7649813
790.5778958,292.019986
315.4165744,719.6657962
717.5538692,547.2383234
432.2071476,705.0318087
626.0964947,434.8026214
490.6578402,383.3184071
483.3562376,712.3379899
579.6802986,639.4732904
902.1758027,439.6163756
939.2426558,868.155962
419.5973775,397.0319998
438.0445377,316.1356638
582.449419,730.878688
353.9429959,783.1018131
520.2954851,483.7908985
725.8102811,522.0512927
536.782557,478.1810051
597.6432081,570.8120985
622.8013124,570.2822305
691.6089492,783.672633
979.937577,948.4481106
357.5682177,296.3156982
703.4511088,288.5372533
466.9197105,482.8084071
646.3616663,472.8799855
312.3222832,711.1783396
654.2363852,543.6534617
464.4698286,394.838334
782.1668982,263.4632792
759.7786783,307.9070611
361.675593,487.4818801
778.1691816,308.2234984
500.8933209,380.4076018
604.2763575,188.5318439
831.7878231,610.7148535
489.1775235,219.4233754
502.2769973,504.1877015
324.9263306,942.3110655
378.311588,324.6385192
334.5126381,855.0122907
393.8527642,370.786654
537.0725532,399.7648732
738.9600001,354.6664453
471.3824427,598.264858
540.1294227,603.8656207
531.8948526,442.0590752
571.6844009,413.7864203
790.9273803,537.9848148
694.0363751,577.3672086
521.763308,911.1497944
799.9240929,41.42698203
515.4441538,200.0400284
678.2388792,380.0275218
352.0363737,407.3678306
550.3828203,303.50642
640.1030641,455.7707666
723.7145277,455.510283
419.4762886,584.7251647
794.5072705,452.1879106
413.3196899,569.4456827
703.4319185,574.1829863
549.4810277,547.120712
742.2641109,749.8659294
471.9067818,446.6402392
388.7372036,431.4537556
813.5312023,737.1501224
280.3807282,392.7906325
833.0511596,229.2223179
618.1845338,438.7268619
438.3165271,788.3317937
225.5734739,654.8809562
433.0303963,416.4669755
380.9852514,640.9973293
626.5092726,594.9098285
310.711979,367.6097655
609.1636424,947.6263974
757.3922845,382.8336281
389.4609207,392.8920513
662.2309946,373.9467438
519.0413618,473.1505399
639.802147,456.4118316
544.2075706,423.1027358
582.4630664,461.5063364
823.1214048,298.1237054
435.0496284,650.6427647
636.7957176,567.6764544
563.7256853,560.469916
485.942279,443.6367278
508.9670283,356.4515738
843.9596777,725.9140384
597.2923454,535.9849603
745.5528515,437.3555151
576.034748,389.973557
323.199222,545.3193908
629.8068517,396.6824458
578.4862628,364.5512615
339.6477186,583.4456047
751.5831779,424.7798431
540.7104037,443.6426408
756.7608935,323.5845918
434.7719464,401.2732
810.2780259,434.5044871
665.0741196,534.0096769
799.1196598,287.6209537
570.0167357,370.7517194
527.9182738,462.8180521
727.2463299,493.6586862
896.8365654,845.5863452
432.5791181,672.5689764
397.7506945,314.1550107
505.4300877,419.2260288
782.9743423,312.3587876
676.6213693,386.4461533
552.7082127,662.7444389
550.5023961,456.7646033
350.8872201,997.2669386
463.0757257,474.6681436
224.9806131,522.7494397
531.7721908,549.6900074
575.9035621,450.5513583
219.6353835,722.0611295
786.1231183,462.3279243
481.6967218,377.1663602
495.8184179,792.6411496
817.0902694,644.7032291
626.001577,526.0122855
510.7699692,438.2268512
503.4675875,499.962109
495.1021911,297.986788
766.8645141,304.3042306
309.0274454,322.1812357
783.4907716,624.4453911
364.6922094,356.8604037
276.1745403,599.768024
878.5954196,679.0850568
592.6378304,739.1202867
560.930933,444.0936344
839.2515318,950.9145874
663.1247125,502.081936
86.0285078,638.4275533
301.7521788,642.1131443
590.943859,543.4611547
815.9492802,439.1495444
559.3678029,584.6031865
578.6495973,607.982795
715.5796092,541.055667
326.4761727,261.2859732
282.6764139,651.3313214
471.7230736,744.856358
478.3337519,244.4039958
460.1177587,613.5035343
976.0527698,910.3703495
633.6081566,469.2497841
785.6175051,673.0547165
565.0542777,198.05177
555.9491798,434.7449335
690.1934239,435.2577311
756.4554222,646.0995022
469.3407695,619.4633578
643.27136,857.0402057
789.7240415,289.4036376
960.2325033,932.1156831
899.6245615,883.7608239
698.0619558,483.136148
663.2397792,575.584065
374.3460648,823.0761923
783.619246,477.3609007
519.8361023,496.4502921
480.3604743,421.4198827
756.5261161,525.5167461
613.3868783,490.6896706
576.677075,382.4777223
646.7362435,562.3426315
873.470481,366.2151639
827.5462958,313.3320021
556.0434233,286.749346
772.1136726,595.9586161
425.0382139,543.6879992
547.9609522,596.2950697
213.0663066,804.8169761
848.7035974,625.5713605
657.0125615,133.1332511
615.55379,557.4677209
904.86975,442.3068136
639.9414225,909.4284758
539.352614,311.4189824
780.5525193,550.2256421
941.957636,891.9443795
588.4693489,965.5859122
529.3558806,367.4257325
301.957609,414.8825533
621.7859513,456.6261816
463.3612426,895.1967992
178.6111868,727.9079382
650.211194,492.8038562
817.5807371,499.9541902
761.0083981,359.5006546
700.5959992,712.9805802
356.9998654,507.4568363
416.5648367,445.2728623
484.2030659,400.5572932
700.2010334,420.3028141
752.164174,67.66560008
821.4662035,346.1533101
663.9282018,493.7282
777.4694186,298.1636962
576.3002058,502.9926779
856.301623,598.5492023
184.7048965,517.4809727
459.9975686,376.9604305
453.4523409,257.7135224
460.4882611,547.9902303
614.1139211,542.491325
592.1534598,607.068919
621.5554734,623.3352175
799.2311911,353.1151399
658.4353225,628.055033
513.7370744,698.0108703
641.4792651,472.1972164
232.9820836,720.9777209
518.3071133,450.0076169
861.1561751,271.3211415
757.5922318,309.5373453
291.2417725,298.6180329
951.3955448,572.8397
746.2846731,530.9926263
441.6653403,546.179486
768.9542153,448.3659246
605.410081,498.2922519
467.3911078,522.0666079
412.2756258,973.1607048
636.3776065,386.5098586
705.7444275,545.4307967
791.4699958,677.4204858
304.958211,665.2938852
855.4307206,469.4983582
554.38587,313.0403867
389.6570628,899.6883495
822.8096117,524.40371
693.7871264,709.0445137
750.9414502,258.6147367
502.574364,799.0873401
485.458193,317.6367405
687.5407784,545.9506774
432.8039782,441.1233234
476.755776,331.1197905
722.1515175,526.0716031
928.7218229,521.0497252
554.8866894,401.0844868
590.2559458,414.0093576
475.2130348,810.9994235
646.0110134,469.1690085
331.7995904,333.4328229
673.1087573,556.2884931
634.558112,61.05397213
480.3548266,929.7585647
498.486913,994.4543761
843.8479517,720.7679884
473.5267335,538.3357479
969.6097553,587.959386
580.7959405,531.1077723
820.5275884,196.1737057
813.1913504,556.3037456
302.8495143,659.3229253
640.3375269,390.8186086
685.986487,429.1776009
839.0734114,109.4958334
631.9161627,317.552204
443.4934637,933.5502337
470.6464115,705.2706254
446.648951,520.3617118
537.1109187,446.4676142
761.7579269,144.3613327
791.5236716,636.2956288
157.4013778,720.6003362
574.8892047,385.0016363
903.9855598,446.3707085
399.2744852,426.0965315
585.1233521,190.9438087
798.1658394,332.0348574
604.6690912,562.6301099
721.3199844,452.7028813
666.9441739,523.107017
589.0744638,357.3945131
639.8531713,564.6552669
868.1630477,716.122158
772.9657442,309.9010235
561.1614558,458.7038866
605.4929242,651.3772252
669.2337325,555.168959
705.462461,257.3596016
564.714216,488.2774342
209.6974942,756.7880608
473.8347065,662.8405924
650.773614,534.8310767
598.2889357,560.4193738
437.6548001,573.7038904
732.7305504,532.0772886
827.1699809,543.9636935
427.1945492,481.2417238
78.89244173,614.1325018
488.018917,315.0944817
667.0404099,624.2265908
543.1024902,530.2000183
938.0855773,533.4245238
589.5806463,841.4279055
450.758124,583.3281813
280.1467598,676.0348686
514.7885689,436.6047574
504.4994124,441.1648813
593.2382264,548.7202613
705.9677896,413.4206526
628.6086513,763.5353107
339.2551497,635.9440689
824.6639813,498.1803027
540.2345122,493.0314947
867.1475068,595.2412676
799.2880577,461.2767758
813.374714,548.3306955
529.6729618,320.9222143
554.253276,546.3734226
415.2150017,424.5988815
341.4922908,508.2367618
492.3245467,226.5638057
613.6747772,496.2756405
607.5286949,242.993097
937.9412084,885.1748985
442.916078,637.7255201
852.0973676,562.3014915
342.7531705,477.5347584
629.4537869,462.6644824
615.8171505,593.1783763
717.8182484,622.0385662
788.1839817,632.9595501
485.6523577,417.6188114
402.3284035,448.5814656
465.6225326,463.8216045
574.9237352,465.5860481
597.7071756,405.9246926
798.4290351,442.0168697
729.9188698,518.9374409
618.6477217,603.1589281
728.5577994,414.6063575
544.943452,671.2211352
642.7724581,466.6866732
633.0487627,624.3972099
471.0801623,434.0565648
189.187568,521.6405614
707.5443722,554.8534828
716.7078498,521.9595687
551.7594557,455.1433453
439.3426893,285.711465
643.0560425,520.0491189
614.4532786,601.7081221
553.8624298,305.4902907
980.78078,600.020944
787.8027082,445.35439
704.0483139,421.8091769
554.9136846,583.4200306
260.0614313,418.7403305
737.7803009,711.9802872
492.6241006,566.5439035
478.464009,592.6494904
591.457427,482.972988
747.8140366,883.4165142
676.5295676,412.8688043
528.6110857,562.4278784
634.4136682,484.5167716
507.5580047,416.0252169
844.9497814,623.5845437
782.9150488,294.2653641
412.4956472,656.6320695
631.5142158,910.4008754
475.5027014,232.8203218
499.3788332,356.11161
408.9658523,250.4837709
907.3258939,454.4104518
556.2047504,993.8238416
545.4644654,309.1824006
260.0755132,744.9109119
770.4181732,661.6483686
534.291628,719.6416847
604.8769482,230.2113699
393.4797751,331.1084242
676.0889556,367.9637908
499.8230556,838.8080888
709.4720573,527.3532525
526.0862404,295.4529703
659.8727495,299.1882469
503.2341135,794.2678191
639.1918937,531.0568331
748.4488133,575.5450353
429.7537452,582.0413292
504.7514625,947.1784751
732.7955516,166.64485
311.4332242,719.6861677
664.9080137,849.5095828
480.5855891,409.4538931
653.6858749,934.4688108
397.2529761,299.0187978
428.9194407,600.0420677
571.9893778,523.6070694
596.0166349,679.2167925
745.8765092,663.2960365
842.3750204,623.038295
440.2910718,484.6091015
578.1516392,353.2916929
440.7620497,534.7649895
801.3012676,328.4982186
458.7799832,540.0507984
610.9849945,598.9748936
493.1439904,380.6907134
613.2873316,289.0558177
455.1194519,644.571765
469.6939842,273.6341113
650.7240729,534.9456794
427.0831977,230.8605835
622.6496779,600.2559371
756.2326594,60.33933989
681.7356117,434.4113214
401.9655263,302.3940943
696.5244727,713.3095538
689.0364503,616.4593032
448.5523823,841.056204
625.8029031,560.0826903
830.254235,399.2558155
471.3513128,706.2467441
498.2605248,729.6503597
417.7215106,614.7207889
495.2687015,561.4714834
601.9388756,560.0993845
742.3650058,560.1532488
569.563465,478.0224835
586.0969471,261.6467055
641.8244951,293.0107931
643.7237768,586.6602901
671.6391518,485.0409564
462.6494352,306.802487
524.9138217,767.2492338
325.6741965,311.8185772
589.7522351,533.1473878
646.2365476,570.3871594
563.4484077,422.5807657
511.3052442,455.7862071
686.7403302,559.8109658
215.8263786,651.4176966
751.5884661,144.0647236
577.1279188,238.4567504
488.647297,334.8869092
545.9327467,488.154641
785.4574514,451.5923315
513.8276926,637.1918286
357.9003246,265.6723856
707.3481702,408.761095
882.655411,587.1468869
488.6437316,921.9784693
643.8591573,496.4206647
620.3833693,558.0659327
510.4009199,833.5937159
665.4397982,499.5292512
442.0164876,502.6744855
603.0467126,560.6116598
697.4929443,495.0622721
495.259803,357.7655251
359.8570423,939.5556267
438.2374291,271.9080079
651.9318909,608.6000201
411.948897,428.248744
532.582631,467.3646785
215.482422,779.6113498
764.3509044,319.5523301
211.7899369,797.8049593
769.2048423,435.4919721
548.0223431,463.5607448
577.0185598,676.5034131
778.7800641,649.9431343
458.2574568,613.4480612
428.5264523,416.9767435
831.9649847,421.9347907
554.7175575,198.234612
930.8785028,852.1295876
596.4211734,573.2345311
541.7705871,709.3876116
913.7874245,499.1440731
710.0290094,706.3142521
706.6511487,569.9004582
637.2157311,226.2190572
697.0209777,518.2699034
321.0678894,490.4214772
969.4120552,606.3748881
296.8907356,676.6962424
330.4325277,595.9788831
548.6757558,311.2920314
220.4632463,501.0567167
476.7354473,376.6383518
718.6672041,618.6606789
914.026756,449.6541139
725.7128617,355.4609547
442.7713645,443.1103073
730.2664817,508.9979664
969.8243387,904.9567329
558.1906354,992.4868861
586.8329933,787.4111481
357.9363981,985.0059697
556.2051998,596.4155227
718.9903375,319.5507004
452.5186845,214.849587
790.9977895,153.0242558
610.6964814,86.99257543
761.948646,368.6710057
639.5736766,525.0026948
500.0172952,412.071913
366.3058243,337.4178854
262.7615057,413.4313503
665.9902636,376.6951204
450.7197285,441.1754535
601.5036117,892.5795942
489.7064167,797.0023013
630.5286213,595.7996975
681.7614234,540.638208
869.8737525,414.586383
806.6277713,686.0942737
717.3086504,163.5427824
660.1100886,886.1993238
652.3940751,579.1742338
455.5344469,829.4831441
586.1165718,315.2492633
453.0193241,408.6562496
188.5478926,540.8638406
463.0158478,289.6840748
414.1660239,922.3842905
503.6243754,994.38668
693.7333457,525.8281271
457.669285,465.8729415
575.6392279,883.2515364
782.5806498,576.7283583
480.3888328,794.2608615
501.2298322,450.9237076
706.8519498,271.0469934
669.1541251,475.5445986
773.2302732,299.4733852
645.5165158,493.8511185
504.9081156,540.0989796
580.2365915,351.651108
603.9178396,712.8934319
794.7140789,335.9877433
740.4532602,445.9188164
493.0801277,798.0276251
787.6049781,601.3190787
670.6512802,567.9605063
404.9925692,307.5742639
798.5729546,470.9439407
499.7603764,435.3747367
601.9171087,572.8323245
561.8117675,420.488644
930.8239132,852.2669019
920.3530259,588.6591627
517.9797852,558.3797373
519.156743,235.0291984
561.4357672,349.6072719
709.5363245,559.4888036
698.6843435,409.9224168
771.7206093,285.2094904
850.7669027,530.7631492
397.2635075,926.3733019
696.6248283,516.8567899
524.8954554,606.8328395
511.8833939,494.5816092
805.3126316,344.8055526
735.1449131,298.3972268
450.3296913,414.9870016
821.9584539,634.5405875
526.9285895,332.9473752
501.7789044,450.4005883
848.8654038,473.2179017
819.6475928,338.0148643
339.8050009,298.9503287
696.1297465,553.2448447
648.2032124,537.2390925
816.5353247,440.1185801
378.7798394,779.9015026
418.0671151,441.5724993
364.7510835,592.8893518
769.2801202,448.9569071
489.529345,673.841746
597.6329313,543.0490027
227.8746275,695.2318633
518.5490364,544.206292
422.8556923,547.2875702
703.1903849,229.7829625
713.6390108,533.6182725
385.8592185,857.3533418
675.1363936,558.2135059
751.8984016,150.8064785
713.7640696,469.399969
706.4463926,150.7964076
358.6509171,710.3106808
563.6951397,720.4805309
522.5540786,775.2434702
602.5346726,573.2843838
439.6112182,534.5352407
821.8778278,580.1632231
715.641045,480.377617
450.1603495,481.9466822
517.6789131,573.5171621
704.0223674,287.4406607
993.9415698,916.7718689
553.2065003,388.2503161
404.4872856,419.0176963
874.1893294,523.9379235
645.9425666,575.0959012
510.2884599,491.2640424
336.9094584,700.8823952
718.4499991,214.947015
893.429822,449.234649
712.8358811,465.6761005
822.5871035,637.1501871
609.7858353,552.1486072
421.9991265,406.2132575
937.7827877,526.3504942
472.8473593,311.145085
927.6215962,875.6812151
661.0799234,17.37753766
477.9011546,467.8004197
840.5589265,425.1173832
745.1096628,510.8590231
615.4548126,397.7082919
616.1774211,525.3602721
551.3165816,463.689033
734.2166497,444.1726341
828.3011427,731.1874364
449.6395759,246.8108834
625.3023683,543.559899
792.4628709,313.7982274
732.3947432,474.4648255
661.4500213,420.225089
538.2226956,506.7930597
493.0441591,578.2358494
379.7631268,579.793214
804.1774999,518.4869278
525.6081766,328.5570557
648.3277919,524.066546
616.0073453,556.3639199
404.0709273,851.8170156
209.6820192,489.6819186
622.7285662,700.5183826
665.8682908,489.5132843
617.9587448,550.4398667
513.3989602,376.2255939
653.8264387,586.5776132
843.8658986,731.8795868
384.0118,744.6767963
632.687803,961.0154251
659.4369164,420.471908
790.3956557,913.0475199
959.8406085,563.4285056
563.3739687,365.0813384
552.3050524,547.7662483
719.5582105,494.5828628
470.618098,453.5742592
391.6253306,669.8855588
460.2653185,914.477432
752.0091238,688.8384089
822.2571838,632.3532733
269.4113286,731.8299013
700.260297,556.1305983
779.7347235,631.0398652
541.8708079,460.8838461
733.9225338,560.391188
671.0436844,367.5360938
637.2146525,542.0835816
589.5091585,291.0787182
705.0889475,539.7381637
713.1272705,208.3172721
529.3468622,489.6376027
509.3409164,489.5029001
767.541087,286.7824209
649.2813127,608.9023541
593.8831001,344.3483743
503.0440085,502.630692
558.4941142,388.4178638
294.9874241,752.4770752
738.8627755,441.3174899
423.6701923,251.9500175
900.7227059,598.9964769
774.5596895,354.4097435
556.4393479,448.4282301
229.4844074,697.1165927
824.7913621,543.295174
542.2104201,559.9844266
374.8074101,521.9157752
677.2065749,441.5455463
748.3337467,486.6167077
480.9063107,728.6918962
476.8295559,623.9806702
688.8803216,439.8953711
665.5762273,528.84827
674.4174703,537.0981217
574.4717378,590.5186315
400.2116472,855.85799
950.2039359,665.0942445
535.1478343,619.2521628
503.2482852,224.3457776
770.9203259,943.1485744
743.4754793,502.476182
571.3318005,436.1740099
526.3437734,545.8277798
405.9618647,266.7686649
389.2592057,301.126778
509.2956747,422.3642637
842.1508494,367.6908336
506.5893533,418.3139706
461.8271152,543.4526509
774.6315369,534.8326855
353.1355518,990.9056189
492.420498,212.1291663
690.1863231,477.1708085
674.5533451,849.1291894
710.900451,286.4241959
701.5171468,405.8477406
650.4768316,476.8616423
551.1779802,670.8148753
466.4931803,515.7001692
954.9150329,477.9999599
597.0967725,575.2137007
632.5923161,483.0347502
762.6053395,366.2497014
716.3544853,160.7092842
402.8199948,886.5027652
500.9734077,501.0163916
461.9431257,631.1372514
701.1641119,509.890259
609.4173703,387.0483348
706.8422723,277.2884659
716.1836605,527.7908324
464.9307394,398.2806997
442.2454225,632.0689708
956.3473515,869.9768607
646.7466101,532.5088719
498.4461056,453.4799861
466.1400705,621.6333092
703.3664978,430.2994751
671.7180401,497.6270545
762.5458063,317.0100922
529.6046199,478.0052043
507.1275496,500.8304782
820.5068401,724.9578315
559.9871046,524.3472548
763.6099595,527.324816
346.7001625,553.5817371
486.4409112,673.0509139
737.6574292,452.82557
669.6274999,532.5919458
627.3679956,472.1624699
672.701762,561.2710905
918.6648221,643.9143193
494.9845927,452.5602808
598.0302042,570.6812403
609.098806,291.9019148
498.2430424,673.3433859
225.6718071,518.1231032
494.5898666,635.0218981
567.0153397,405.308554
796.6772533,271.6176252
940.4939178,872.264528
806.9727616,372.0942327
865.4902681,583.4983825
622.505249,565.4951995
384.9090983,582.7555854
404.5750274,434.9656769
464.7540721,835.891266
598.5962795,499.4693276
569.2211712,571.1379798
224.5860218,517.9645607
853.7798487,952.8019704
793.9903769,449.1693139
341.9299217,996.3824185
470.3719353,414.3252099
536.089805,910.1892207
247.922699,436.6283675
657.2152652,219.0439849
797.5449198,318.8855657
206.7666273,482.5864727
665.3614342,418.6637336
752.0342315,453.7190535
167.7570785,623.0279943
580.5882332,600.3639374
474.0093963,668.6932305
212.8064365,532.6391241
462.6793966,773.4560435
565.1904821,585.2489526
625.7920271,536.6313532
651.3173681,361.3764624
498.6114924,659.1467484
352.8174518,593.2848096
578.4881054,894.3602723
748.8956873,562.8389857
480.4916153,265.8862968
566.7328189,538.2157336
467.4966917,388.5377527
450.1858317,977.3443841
487.2689238,427.5022278
479.9603401,400.4821172
466.6627168,735.9901169
276.1023034,677.0137871
618.6597662,542.1995007
469.5551582,277.3354144
948.2350689,523.7866938
569.957517,742.6066549
588.6520234,553.6320077
644.8253667,584.8655296
719.0150407,467.7981214
640.4433205,522.4889561
676.504475,198.5228844
367.7833697,997.8636042
692.9282985,201.9721869
593.1067709,550.7042365
701.4102596,324.3329467
571.7365187,571.1799138
513.4050424,541.3730446
707.6176428,225.2269129
474.7734564,532.9246594
831.6132981,444.9711969
751.3427528,273.4661456
801.6207607,436.4751738
489.7836571,272.085334
661.8222165,647.3113453
556.0749876,427.0572724
584.6508912,462.347669
865.8305545,429.8518244
349.0789011,708.4356879
534.62369,694.1476398
912.9486707,420.9839535
541.1724981,938.9607371
569.9234359,981.1471896
701.1468991,545.6283272
523.6725368,354.2891442
935.4131573,524.4148464
563.0099529,507.9091881
451.2174169,977.6003129
327.607784,702.659793
602.6002731,571.3636542
913.4085629,855.4475095
887.7950905,443.1398094
522.5565354,319.5073457
366.3454932,335.9871165
634.3956315,526.1181337
417.5686327,595.9417965
609.9677308,742.3872486
707.4246466,429.509813
155.1799814,709.8148908
770.8287789,656.8861804
725.5420818,299.1054864
497.2895964,700.1566683
388.4140402,342.8052175
963.6182588,903.11914
796.2140054,453.687462
561.9450657,743.459291
512.788617,498.7336762
881.5858947,617.8383389
776.0953898,467.6538076
490.8473909,316.3966489
427.5776204,579.2829654
474.0905617,601.5302737
693.2562707,244.7671309
513.0575503,535.1287304
632.2333338,632.6112914
760.3901601,278.3091304
884.5018708,590.0365686
444.6769081,529.0823855
899.6415196,847.2965483
583.1805815,786.6053143
646.8343969,498.0507608
523.8662072,408.9279114
581.0147035,605.7841355
412.8795872,315.7897035
912.4213654,722.7721471
225.1179711,784.2764443
721.7093775,321.7402084
453.4500639,966.4395512
421.3652336,770.4092609
870.3476816,686.2331134
504.4770762,698.0781067
545.1675332,578.5529971
706.0041777,4.363491839
408.3544904,299.6471176
567.0383051,471.7506104
628.7326465,489.1167818
675.7846829,337.4725646
695.6759515,548.9196304
234.0160208,398.6500611
559.1122174,423.7386609
567.9509137,510.6115146
745.1961762,310.8368589
605.7182038,496.7433701
683.3227407,467.7889072
488.5578623,406.9935382
185.6495937,554.0602062
597.9838689,313.5038749
427.1860402,949.1689065
588.6689366,271.0630607
495.3469307,705.6261133
523.2711742,558.8129922
762.8764301,530.8664484
732.785949,343.3981431
481.3181748,817.5197872
578.0625041,463.0266981
435.1157232,635.0772041
535.2143036,552.8266752
564.9251142,455.4727159
490.1633127,584.0568333
602.0819862,628.2215569
729.2049801,795.2726042
406.3474676,496.7718902
765.3444836,445.2894311
513.9604215,756.711652
533.6421702,405.4535781
494.7551635,374.0596541
697.240235,423.0527577
610.9285623,646.1076508
545.4359422,341.2998367
435.0604445,970.8544837
621.0702938,969.3420618
286.7865307,602.4611572
809.3847124,291.7370624
580.6009069,549.1893282
662.1689745,575.521676
753.9340674,345.0439722
483.7898087,520.9705794
422.8583589,865.3201864
615.3209452,704.3927495
875.004968,335.0084905
836.6063317,405.3048975
791.520286,448.5318427
517.1004487,501.1055457
720.4649317,530.0274769
459.3434668,560.581322
152.1238909,717.0357206
561.4893681,461.8392799
385.5060488,621.4634213
504.9670196,496.6840734
591.7214617,562.4211923
560.171427,688.4515593
443.0904232,440.5652697
492.5385758,705.759019
887.6078469,582.7700439
514.4838018,545.9470628
626.0819934,435.0805722
782.4655532,409.2086412
494.2071849,981.4805927
905.2603565,570.3717816
714.364915,550.9329197
750.6728614,494.4937715
369.3450166,542.1634588
836.3994184,560.7508546
538.6153245,667.720601
655.8078145,287.7539639
647.4746416,829.7146688
554.0136299,764.398352
471.554376,804.7735378
316.6865023,427.6190661
670.3864666,554.8043405
522.1721459,228.8267973
744.5375203,310.1583731
646.5901069,546.356039
747.6537882,678.5171411
776.5472524,425.6172685
508.1895306,942.6042897
324.4851343,362.1750879
733.6756521,345.2933403
441.7705496,288.5094854
518.3143639,487.623812
916.6444965,849.9666774
496.5264951,536.7189402
751.7084315,270.3942905
651.8739606,261.533231
451.3502207,998.1326542
510.6620633,554.5546382
768.7755107,303.0636167
809.1852745,624.8821561
724.6236308,419.9051833
722.7832082,393.1739719
394.9858137,319.2363525
801.7350784,275.671512
800.6237959,259.5151779
695.0499535,444.0481694
412.771202,915.0040406
270.5765266,300.1503667
524.2542669,363.312925
873.5831059,693.6640935
644.9602079,559.6534889
753.1127512,305.3994861
425.16537,228.9928199
531.8068561,333.5796648
757.5814307,58.45603123
770.7668487,364.7073803
415.7915935,642.130716
630.9568593,434.3713933
514.2150632,631.3671882
596.0927817,184.8236249
642.9646753,600.2001296
219.5049167,671.7566027
302.6367286,692.5216807
471.5172988,599.1436949
489.1762501,317.6831248
791.8064022,571.0765519
742.8842365,676.4037703
722.7945636,511.2527886
490.759649,498.3087371
692.8054119,374.2337835
844.6457483,620.93815
301.4819571,641.3570587
544.4278317,384.2580452
581.2339908,507.8428083
763.5887468,555.0895415
788.8189232,400.7748191
565.3261772,671.1045267
554.0097349,471.678443
575.005365,504.9746264
663.1968295,591.0297367
728.9648696,404.2064871
709.381544,570.4094114
644.0511498,861.3508779
603.0493941,513.7181998
418.6533394,614.0383332
709.5453878,406.997717
565.0418587,377.3151662
580.7753121,471.5301385
311.924471,322.9332261
722.7995372,349.6360637
603.2462553,536.2814231
239.1526293,404.9549674
486.2708804,705.3341218
906.2427451,845.8573384
533.7151561,559.8508104
832.9758666,236.7926391
457.6507089,503.9896487
661.3468044,586.9799242
721.7165233,452.631696
272.980238,593.2777266
535.3215504,715.7909488
405.6628502,505.8876875
844.1139638,720.7169657
766.513996,486.8001347
605.6036165,815.6695952
458.8782116,424.9043913
810.721649,568.5342513
884.5686097,597.005544
491.782111,281.7234356
308.2278811,316.2914692
702.0183707,410.9233365
825.0814332,550.116012
455.0416122,781.5837916
768.5499764,152.2549653
645.5701017,468.7058337
953.8579655,493.0643398
682.6852375,628.7969944
546.0120695,554.4426053
632.9228949,589.4530662
425.7720129,569.3651369
600.6530681,567.7038881
506.7538862,621.111757
407.0191718,351.3336678
471.9308557,283.229485
667.0797192,666.764624
477.3363976,455.7273074
148.4157659,438.0935276
446.7256072,630.1199927
352.7869512,389.1898706
184.9649014,539.1999174
924.7989648,455.2995686
677.4737705,717.3717981
558.5195065,309.816487
714.1904799,474.4727861
647.5520768,581.6138411
580.2358575,591.8196495
628.0169291,481.5866185
800.0457211,361.3099991
465.3494197,406.4569842
601.2400715,755.8700061
449.572732,991.618705
534.6160798,606.7931829
550.2455522,450.0632363
445.804909,288.3448837
744.1299107,612.5856676
536.6221288,661.6846612
453.5193795,964.2866702
224.4155116,785.5297617
652.8455781,255.7078385
711.19217,525.5065081
491.5859988,632.2251105
563.4760172,407.6786266
683.7992764,380.1597589
548.2075344,336.8278013
537.4912185,633.9966579
434.0938155,559.4350855
890.2263814,940.9516282
503.5596738,381.89399
583.2839033,288.1018465
445.7371813,540.1329739
556.7446544,326.2547418
574.5281401,390.6770737
552.2413994,187.5832842
710.5586965,492.2032208
622.2419784,864.0603501
555.6222113,587.6852796
725.4602573,205.3440568
622.3991258,742.6777775
735.784948,890.5406055
562.2808129,213.7689572
195.0624549,368.6932995
379.3585883,535.4873733
826.5130477,636.3870185
479.7624452,657.9245628
873.9952396,696.8689589
333.3643533,320.297154
402.2051274,359.3040644
747.3885251,352.3206722
968.8043635,586.7400002
580.7632976,412.7628099
791.2962498,460.5859625
778.728156,412.0234602
487.2349926,724.2091841
705.7035901,502.6633282
935.5200445,881.3583449
512.3504618,314.2946025
303.0104668,673.460287
248.719402,695.454529
820.8682642,368.5857379
864.0951016,976.0329192
734.3348473,431.7700676
568.5163148,365.2835699
809.488978,441.8612941
767.9069454,286.4674044
824.7248029,557.7286015
744.6522424,601.4591719
227.2906803,667.4666363
462.9783062,508.7162129
555.4539482,860.0305957
881.4420651,442.0088255
554.5498786,198.3852358
810.0961753,618.4689779
803.233312,339.813929
581.950622,456.9674617
565.9490143,528.3130323
647.5069849,478.239675
433.191229,571.0734178
478.5323659,416.970559
557.0076554,438.1534094
799.586563,345.9312503
952.5728771,635.2712035
466.2229886,269.690732
577.2240199,527.3882497
576.1951013,391.5865828
652.7092089,356.9230016
582.5548531,531.7637346
350.7422819,394.0024965
610.617683,252.0484484
566.628763,484.4247551
716.360957,207.5233268
577.1131479,405.386676
388.377742,338.2656114
924.2467916,735.2874777
414.7060029,524.285618
884.9657028,451.7260522
541.5033316,442.4156705
728.3127602,309.1550505
567.8210161,471.6935702
537.4798482,550.6693856
371.1582492,634.589103
824.4825052,493.0652174
681.6642287,443.7376242
429.8160798,793.4561976
613.3203041,381.8873876
753.6449551,658.4132072
765.5363562,598.9551071
542.1483551,195.6627049
440.0945251,584.2578112
622.9866685,470.1798319
537.1830058,597.7860755
300.5817226,623.2060099
528.7026476,515.7807568
658.8661222,371.2193446
625.5382543,827.4742216
338.5874454,935.9657087
770.6212664,561.6714793
763.1700665,951.7603076
485.4367556,398.3585293
566.5525563,561.0022703
831.964775,750.1636249
538.466716,330.7328155
760.0617834,303.1635311
665.190894,173.0467664
535.324142,505.4854183
188.1547244,513.7537611
178.7610836,727.4536433
861.89318,526.9501058
583.3203214,361.4819345
765.7351649,127.7054267
946.3061554,525.1224165
715.5088255,161.1225854
510.1530644,284.3818224
386.8683776,341.2005491
497.0601971,537.3017741
470.175928,446.3687236
373.5543205,786.6643812
439.1252446,639.5731421
667.4222527,461.0341982
737.0239558,563.239082
688.2041083,334.325596
846.2140916,412.2191729
751.2607635,327.1559143
812.9390306,406.2314352
460.3262,420.8194771
278.9807229,569.1828172
500.36654,442.9305367
791.3101968,373.2069345
851.5137499,528.6707558
781.227624,293.1173726
568.5186368,311.6525129
434.2664829,425.6180207
854.6547959,413.0537149
713.3564301,535.0957599
825.1902529,281.7788461
414.3217482,808.1456793
474.1996211,368.3587472
698.2264138,522.8837035
198.7493971,757.6501618
480.3837094,438.0895786
752.0491672,318.791418
824.7003094,841.6222601
460.1324847,238.4403069
800.9748683,425.7103088
697.7834348,496.6272839
699.7511483,471.3782402
391.5452588,728.9667339
243.1791838,519.8512333
790.8196092,621.7747396
706.3301874,140.80146
651.5545124,541.7923214
730.984596,463.8984521
798.6257166,564.9421394
735.7509718,511.8289782
489.7476436,722.7898024
794.3062746,332.6937866
498.9423259,454.8811066
753.1964483,452.4676375
650.9667001,640.8283817
536.0607275,509.8146651
408.9512612,613.2418598
791.8353449,441.8996761
557.4596227,762.9433045
350.1430993,270.6116074
859.0251422,521.7181612
531.5461022,609.4124983
721.6604655,910.6130315
634.9970162,718.6662764
471.0176629,385.1956357
540.9179911,357.1366621
465.1349861,686.0821971
242.1234647,380.3454426
469.1235196,385.8281969
471.4316542,671.6984761
624.2765357,465.6746171
666.8908726,460.4897463
542.1037876,314.4054653
656.6385237,516.6291514
752.412404,535.6008896
871.4867382,688.5048804
503.2206309,451.5254086
489.2072152,632.6572997
453.962703,528.5222006
831.6673185,264.4266527
325.3197684,530.1280598
675.2679989,563.5984561
544.0427231,387.3835975
759.5107637,551.3764124
744.4372246,534.3498914
439.1634604,244.465173
813.0600896,591.6774669
546.1598989,185.8782836
910.8058929,861.8324184
555.7033617,487.6441208
374.8951371,545.8549836
647.4204565,477.8552282
563.0547452,651.844725
664.8603751,878.1801819
640.5162465,548.6452106
367.4958603,312.7066911
540.3954348,493.3592147
271.5537918,719.214907
946.5313151,463.2586407
544.6795971,462.7350827
246.4533931,810.810564
782.6188206,689.0225673
536.287625,359.4059219
904.950436,842.9521534
761.1471043,462.4798434
497.8358972,544.5568698
761.0844551,142.0394622
799.9760758,785.9382573
635.8957677,545.7657669
631.5154892,471.5914411
397.2412013,417.452768
725.5170641,173.2971792
736.6859915,584.7219053
467.3613711,477.6720937
385.2631669,321.6574061
542.3783836,414.4879312
819.0553462,391.9751666
727.710941,162.390821
396.9135736,408.2884971
446.0228331,326.6773199
712.5346344,501.1305974
599.0232142,411.6352316
408.868373,309.2537322
591.4827294,965.417675
697.1698258,190.7754043
626.3271224,526.2170243
658.0008076,948.8391389
495.0176851,507.623799
705.5507122,491.9259804
653.4321619,256.6684331
494.1949906,260.8942345
453.425106,510.9284952
214.5826668,412.7141481
593.101228,419.6441774
215.7473105,397.8832778
503.3177507,419.3106698
903.6499924,970.3131242
542.541733,676.8209369
657.4771277,486.9816396
746.4855941,390.334331
466.4911729,387.5235863
539.0654342,369.9731938
711.7150559,253.3536661
403.1106202,658.2171393
978.318599,913.6752128
491.9895336,710.4101147
663.4745266,579.1557219
583.2657916,616.2224506
508.1530077,550.9362627
538.5129614,546.5914708
846.2227504,724.1884783
546.3383938,309.0093369
883.2866223,592.7738088
650.414422,588.0045793
819.9534535,303.9890887
520.9547852,498.3436716
405.4117289,396.3049566
726.6296049,446.6729171
459.3772932,545.7641999
662.8048149,423.0838687
521.9865202,611.074562
709.5707651,457.8455256
748.3463904,350.4493775
521.2970939,477.7096608
723.6013786,320.9748668
832.2087205,474.4046304
457.9988152,270.677235
484.2021821,508.2721351
649.0872678,533.3144133
459.9905876,578.5428844
582.4069338,524.0643312
398.3227022,494.2538892
778.5794876,649.4215612
813.526768,543.9620638
80.8762894,607.1808892
450.8005193,715.5023839
440.3053933,937.7646062
607.0672448,502.2150507
222.0765916,459.5445505
428.8438631,411.985517
586.5261138,593.451438
817.7217953,304.0169611
494.1762498,616.3781515
648.6044852,263.1343892
520.5788598,609.1671
573.2370894,733.1675253
553.5809277,320.8418565
502.3826111,484.9789435
953.6766543,901.5699239
441.2321587,343.1368864
385.0836083,569.9229817
572.3385776,569.7358147
635.2842559,520.0217689
475.8651741,226.8681664
648.9781036,875.1182931
604.1164686,659.3390344
443.9038896,754.6724335
489.6465838,289.0001565
632.2460524,595.2323459
765.0481356,485.820276
716.0389621,201.7896165
678.9492934,376.584968
431.518725,410.5694783
689.3196003,522.7438192
519.4814644,333.3710607
520.5682834,400.2355071
657.6134969,589.8539982
594.4562164,448.2230316
635.6712671,535.0200406
860.1860257,744.6993408
430.5957348,871.7959626
449.9804614,562.9039655
460.9100574,608.7716004
498.0966061,509.9995965
635.6874462,452.6871691
708.4655797,541.4080418
351.0815196,926.7031948
394.5470592,584.8907276
598.4120919,574.1170454
454.6627506,234.2461806
461.1877244,505.4414994
406.424019,292.1763137
573.2797844,359.3062165
821.0610807,392.9753132
615.4224843,652.5777648
643.6950888,665.9136176
505.8676287,620.9509997
695.7304213,194.4190613
935.0940237,927.6565393
728.1962704,304.5233235
725.1372287,169.3952742
638.692842,302.2359696
907.989808,548.0555653
491.8987207,430.9716301
592.008986,823.6912653
649.239966,387.954501
691.131994,411.8290012
514.3924945,494.9826457
579.7253006,459.1401083
499.1124766,433.9680584
686.8813584,467.423829
217.943884,515.9511252
712.2313953,398.5829501
724.2283803,484.3957336
877.409009,430.7573637
473.9772478,668.4668248
763.1974363,305.5046239
422.8708378,346.4737173
404.2632494,265.0358755
468.9317218,680.5023491
698.6021295,436.3845154
627.8390933,603.1820994
871.9288034,833.0299999
432.2916387,488.9875951
500.1308488,738.6808056
384.1624758,663.900788
815.3281059,379.5263411
674.871505,555.5105525
438.8698538,581.8538696
505.4381773,485.9100778
652.3848919,483.6945152
470.6798634,409.6907249
412.5371587,313.6160958
477.246124,252.5202315
234.4682279,566.3757498
443.5481132,295.6058506
802.16435,424.9718993
714.8137365,416.6142562
619.1893635,837.7742404
695.1401372,478.8140887
421.0498602,775.4876357
386.684265,342.9103344
751.8923044,430.2316954
468.8378528,382.2981397
623.4961167,642.9639
494.4544711,274.3011473
369.0940002,779.8423313
829.3323684,803.1018002
690.3799485,203.3030414
776.7619406,397.6773481
559.772686,596.4285187
357.8788723,501.3241371
797.1046973,279.4403441
907.0087976,419.7793606
616.9847154,560.6264109
722.5532996,311.8940667
404.1309549,272.563218
444.559849,632.0246967
582.5322173,266.2621562
644.7068246,473.9759304
703.8945821,189.6467396
559.4349015,444.2958033
699.1813428,555.1236403
523.5102061,327.6433469
549.8025732,997.9591517
569.9878379,391.9061542
771.8862807,435.2706226
487.150127,695.3245275
571.1235239,521.4153049
873.691596,447.3788157
899.5030531,847.6066757
915.9097686,445.983462
817.0387508,431.8757069
690.6901536,618.9391103
621.2132545,797.3074977
535.1023979,469.0044067
399.6945887,949.3635118
983.6109467,686.2046559
656.7620545,492.8827096
730.9414516,505.1881615
444.3270191,566.5318686
834.0823253,547.4659201
453.9148098,645.6057806
621.2102434,557.9645139
362.9013879,717.9198855
544.2729014,214.2289562
520.3465992,431.7761477
435.4458526,499.124997
600.9019723,534.1764934
298.8620144,723.5909561
447.8811127,495.119187
638.8100509,538.1683255
822.552618,336.4074589
533.8387169,708.1810964
269.7750897,297.9235215
498.1056245,841.3275524
548.4241402,257.1255487
748.6935978,749.7516819
568.6635301,347.9858677
469.6372973,362.6234698
444.8334114,634.3567425
553.5514457,200.9084603
507.0561666,413.8856243
670.5913425,375.384721
311.1713917,648.3369198
799.5867577,180.0443455
731.0273809,555.1944495
547.9476494,551.2351283
648.7196118,513.6859606
603.2892649,494.3597792
483.3828283,690.8555635
863.505252,592.3073955
482.6410745,408.2993201
607.9117961,733.1092942
657.6034748,496.9133625
397.0301833,662.3760386
181.24623,743.3443121
716.8082055,542.3483902
927.8314157,859.1190807
742.2735487,364.5313288
537.713502,390.1866742
537.844583,549.2054373
382.1051328,919.0179783
466.3066408,496.870739
570.7561226,508.3325392
871.9514242,611.8648717
600.6708502,585.5226829
675.7865405,559.9313771
591.4487981,857.1169697
662.3029918,578.0421216
498.0595439,509.0005364
442.3782712,286.773165
813.5082069,282.1587798
147.0454074,691.5807472
775.4259029,484.7678947
766.8914943,268.2473224
572.3798944,535.1976383
356.7947348,377.2040945
231.756124,721.9625732
553.7439925,346.8583521
503.186415,558.281599
452.4184337,959.8155959
597.5591365,497.5089834
565.8525536,509.7044501
561.3509315,442.7023132
349.3934806,800.0922714
508.6372734,447.3074006
645.9277806,602.682632
468.3292135,960.2468867
586.6419745,316.069493
820.0890287,544.4908662
748.1899321,561.5811761
326.6570496,598.0212148
702.7749554,639.6353848
772.2788047,417.2352213
600.1387362,667.6429177
373.3091166,868.3398696
673.3803572,175.2717522
396.3002043,386.1652355
271.7953254,368.8222772
793.0753714,439.5234189
501.1214169,702.5131599
545.76733,726.3884123
775.3231503,319.4973166
444.9776904,795.4914464
506.7907088,409.3307239
871.4945282,786.4513057
700.8844973,270.872488
810.64327,432.562216
678.130449,442.2154866
378.5957717,459.1614827
472.4576966,369.0379435
457.1186847,401.0714072
684.6901181,557.2015542
576.8873889,640.1550566
266.3853942,454.1057359
749.3480292,423.329643
726.5265078,47.12657269
786.5896769,881.0402779
637.6397595,628.3564685
518.6181723,810.507645
598.3707902,560.0245845
617.7382591,520.7403501
569.5270319,475.5980033
561.7677093,482.1506688
802.4882475,338.5852455
643.2400503,562.1091218
486.960786,508.0135946
791.4937552,596.7532508
804.1345952,351.8914708
790.8555029,396.5015051
648.7916988,500.6919729
356.8751811,400.7837616
480.8414593,605.7002885
488.806287,595.4522119
717.4008565,455.5013404
487.777638,476.5662868
630.0538234,604.6407198
804.6494965,601.3229232
326.8501806,305.3098306
781.5761048,436.1257451
565.2100319,430.8280894
489.3758079,766.6190963
402.8670042,598.6554057
544.4689986,372.1769305
501.2148664,500.1497775
577.1452065,866.9228698
649.0386255,894.3546101
822.0007893,228.8397306
558.692848,299.2594113
809.0489952,415.3318755
738.5974075,442.2549341
483.6186393,251.8956726
673.9445899,567.1065539
448.401407,456.5293177
493.5357354,429.5634475
645.3424102,544.5481153
658.8154724,905.636953
494.6793312,422.5188991
819.5661428,557.2237853
549.1520518,469.3512864
230.9339089,511.2585344
496.3557602,451.757978
404.3050754,361.4325833
770.5361311,464.1392536
916.3258572,462.3103526
381.2113849,667.0595615
674.447147,356.0154356
756.8860721,697.1383432
627.7674557,468.5492134
686.4218557,763.7104221
703.8543589,151.8755957
547.9109916,550.7601902
654.1647326,582.7400404
497.4177712,622.3284057
587.676421,515.1685671
149.6398979,717.6559753
559.3469798,430.831119
931.8210128,863.8586827
499.9691772,538.0263518
413.1031291,252.4596393
325.6905704,311.3398783
613.4655569,625.2742918
333.7543157,298.1766504
718.1937244,469.2118617
218.7154943,657.3785439
537.7518525,412.9722916
689.7823388,567.2838173
778.6199055,158.2048015
481.0738248,411.4669108
531.3592031,467.6706063
239.5618268,686.7586145
538.3214333,455.1309761
876.1892364,437.5401123
844.934531,828.586422
594.4351235,410.5519066
757.0858096,321.2874178
251.6551526,682.1302514
857.8339976,727.1788683
196.3068258,733.0004999
410.3258892,454.9951661
400.9639774,992.9604243
165.5720852,712.1754358
571.194832,190.6171961
653.7332738,282.8116707
705.2441624,272.516583
664.6289235,14.27553271
761.3864508,648.7414665
381.5726742,334.4713933
675.160872,429.8911466
778.0723764,574.5233262
418.6556465,399.224224
435.0514411,382.6262358
955.4400911,552.1855058
598.3088151,561.0974627
424.3877374,575.8747193
767.2848723,310.4796786
667.8717183,622.0662924
386.0127856,345.8918028
535.5047792,387.1427959
325.233989,366.4201952
201.6028438,756.3810905
501.503035,439.8926758
621.667499,631.1632852
383.5660945,426.7234514
509.42346,387.0523882
680.6844317,432.7667876
490.0841847,463.2827731
496.8754403,432.6617752
822.3905269,408.8705578
447.9394624,645.5536296
761.1572312,262.662627
379.3097663,293.0124228
522.1164627,403.2123161
759.30024,744.7586166
527.0894821,490.0041226
472.0346719,522.1367276
636.2140474,829.1636145
972.031908,532.5693178
635.8162352,560.4746589
959.7257066,928.4771033
859.0001694,750.5655808
775.6627176,285.7105875
653.0648654,667.2683746
434.1536933,570.0789125
550.7318853,537.7256684
431.9482663,585.1167363
768.94674,259.7640027
828.6493538,243.8066407
351.187493,590.7575944
667.6777034,529.53597
372.4354278,839.4208008
475.4749571,538.3354136
392.2538154,390.5845766
223.6651139,435.5348671
345.5381704,272.5288895
591.5037922,737.4288045
535.1793986,491.3071255
853.4505582,220.4570149
553.2805798,411.8094236
540.345594,177.9171012
566.6220667,719.4789426
761.225663,365.2142024
816.1451677,448.0980028
496.2296677,664.6330337
530.6046258,814.5283942
822.5780852,636.0754285
810.6538764,329.5187577
534.3594306,395.6434992
570.3591343,435.7622966
495.7355597,658.2398301
716.0185734,512.3223655
485.2524033,367.5243514
899.1661824,891.1108404
467.1477615,509.1868259
341.7006722,290.1623558
971.1184605,597.7782194
378.6530129,244.4492519
407.7354135,603.2582366
435.8910188,777.3803466
577.6150009,709.0148236
441.6332666,310.8484341
744.6764212,309.0166288
519.4657347,501.0636535
556.1098627,402.4934006
685.8875545,428.1986197
525.4703843,554.5111581
511.7885362,431.6647208
813.153644,441.1208579
545.311962,466.8948804
343.3111562,571.4345889
222.0389451,707.2979971
720.12487,471.8173244
547.7134413,544.8392711
359.1912256,377.8756854
451.6889041,617.6171567
559.1110789,438.2586517
688.6579333,181.3402655
551.580781,384.759999
407.6506977,654.1964946
486.3915498,577.7488556
668.1931439,575.5339825
607.790827,665.8231055
507.6040553,337.0216127
458.2041555,760.7182561
376.9666517,600.281532
612.682711,553.8089368
568.8738589,474.2358708
869.5763559,721.0827751
559.8307062,446.2596786
457.4705212,637.1162555
774.8936989,155.3309992
419.9727336,252.183757
630.7883265,434.3743393
497.1915927,425.746685
343.6078188,594.8197761
534.3167956,557.1546266
606.1734669,292.0755427
726.7212418,327.6841108
437.5748931,726.8048267
526.3478631,485.9243274
563.5456624,639.6587233
563.506368,195.6895535
781.1110892,917.6045305
591.8109413,267.5729944
694.7680768,577.8516533
634.9587705,878.4898078
639.7419696,607.8212229
762.7695429,538.9384727
403.8870992,604.1317039
493.2096058,581.1639339
695.6919958,581.5049633
509.7198379,533.2271606
543.8446185,445.2100762
874.8966576,561.1239561
455.7538391,502.9401926
714.3247518,190.7614263
722.6950319,476.5102913
520.9547253,618.6513603
641.9369102,545.3587966
205.2498775,762.0890178
403.3252785,364.7258296
711.9850978,210.4913395
584.7432321,402.7706202
444.6378535,637.4850319
394.3661824,670.1704046
464.8927783,737.1420991
593.2462711,542.4415141
563.9180673,553.5268072
459.5184712,687.657426
821.7982504,565.1522897
461.4089443,257.1845529
828.9081452,747.1096549
922.5373302,598.4427064
573.1835634,743.368946
767.3460983,437.5689458
825.1186751,564.7176977
528.5645407,515.5013016
453.8453144,409.0173162
251.6658938,759.5590655
723.5070302,349.6371919
592.3877727,339.7794124
801.2369405,255.197569
595.8174366,249.7241333
331.8754826,511.6357101
627.8203075,586.7131934
538.8582363,564.8527137
330.4076597,322.3063272
475.1489474,459.6183267
821.1123746,729.1231034
727.9208205,470.7049987
600.591902,531.9387206
693.9634041,558.1413803
626.3419383,526.0456947
700.7125789,550.3876112
754.7499907,444.3109095
595.2982659,273.2161716
751.4882603,318.7675154
496.3385174,223.9197521
242.7771321,705.2824931
366.9789966,432.9193963
724.0247029,193.7595262
567.0315488,507.0973577
581.5236874,550.2281284
424.2304701,549.7250673
495.0506426,909.6502431
527.5097354,352.1359706
492.1987839,682.3233314
527.9714103,321.681037
451.7919263,916.9811835
814.2913524,452.1685421
379.1496676,566.5049573
475.8723349,530.6593904
782.9976223,653.8806215
708.7092257,259.4153053
666.9524732,912.7781773
455.949412,580.1513137
772.9316481,557.6284991
610.3168858,563.3578844
785.4135131,443.8912148
318.1299966,431.5577861
718.8799299,398.0815186
872.4453076,697.3466549
530.8732895,602.8931166
559.0203708,778.7249492
759.3331676,552.8720358
584.5440339,468.9022149
405.9343302,921.6292913
223.4753835,397.5028009
914.4815097,466.687906
418.7617247,266.9962197
549.8785104,388.3329303
486.4417501,680.9334936
379.6365999,331.74343
493.6219193,614.8421613
796.2784673,607.9317304
855.5382071,526.4588079
303.5925115,376.9425244
694.3806612,466.5141736
795.4341707,445.3599896
677.1641496,532.473624
450.9269114,380.8476471
486.9598872,508.2259597
622.7885638,563.0987589
344.0573143,274.3248409
637.1320939,367.3409034
598.8025636,534.5167497
638.3234332,474.6260633
875.6202249,816.1459123
608.3358694,551.3388662
561.9879704,442.1728631
901.2157952,863.7532733
637.9018317,541.1334339
407.0074119,862.8855727
407.1758098,500.4944633
388.8814526,595.5916574
584.6026983,473.6646957
582.3705607,993.2148278
722.8565087,402.2186674
515.5102187,436.5120305
797.5296395,369.1833855
548.9604638,548.4916826
494.6706424,746.7923192
953.0581616,638.879529
922.0868159,872.2677247
751.9022816,302.1407146
631.4688842,427.8979572
814.5830563,443.6165234
632.0543595,588.5284299
397.008716,662.9310419
464.5575704,750.1932315
338.5746069,407.2015365
748.5052306,309.0602552
584.9867732,524.4261709
868.0062598,356.2566133
540.7227928,371.2434143
577.9556918,394.9756901
325.7934428,319.0137076
389.874882,449.0725963
525.112181,405.080038
742.2768445,288.1262923
665.4817591,322.0998124
695.5225343,507.5270187
576.7441435,255.0226039
615.8759197,272.7239753
615.7131546,558.0825642
784.4967548,589.6417794
779.78783,476.7908121
285.9972581,672.9513129
728.4788811,480.1608642
830.6477178,188.0717196
477.981466,670.720644
688.6119875,560.1016201
657.5160175,302.8707038
532.8426509,326.6110028
333.4119919,402.490956
227.5922865,415.5594512
788.0822179,634.7334586
485.5899182,492.2351675
374.4402035,580.0627237
387.9721698,360.3304955
635.3994874,520.2461479
326.8952275,474.8953641
799.3744364,574.7950507
709.171305,424.5492377
632.6648675,537.4184035
448.7936613,494.542078
622.6544567,460.2236214
426.9319677,459.0149333
175.6277227,737.6181445
708.3756357,532.9455742
329.2382522,333.2434828
424.9879537,745.2966123
785.5019141,456.089941
620.4350976,159.4881016
464.1069513,611.6688248
649.8204827,385.619133
478.8902995,221.6647419
771.2587097,545.7870577
246.4058444,742.0941288
462.139912,823.3306793
330.170096,895.680262
671.2808736,579.2848458
567.5989424,503.58786
486.7811676,672.0450214
783.7160063,336.0600152
890.2537511,511.1301417
599.8645147,542.9773786
508.582474,665.9238138
465.0919616,622.0331129
820.2784595,280.9010747
716.7507545,400.7461945
647.0022106,130.4083383
321.1992551,656.8743963
907.4641207,585.9374675
771.3699413,307.5717984
485.8607391,679.5373459
452.0535341,865.1834989
597.4476652,571.2072429
669.0385042,128.7655387
853.0655995,267.6963308
606.8117641,559.743416
798.6374315,284.1131902
946.7575984,462.9840746
705.5151181,262.4874948
791.0146877,658.0403565
498.5669698,662.4044961
668.9150783,559.2518256
348.795871,787.6112276
662.2536304,399.7424123
315.8550442,432.9564829
640.5726189,474.0713526
691.5402178,525.3493446
827.2354914,384.4390486
596.713177,610.6893212
569.550222,474.8812399
454.7482604,379.6986109
473.8613422,810.4670692
545.4157033,483.5393992
730.8882552,565.5136279
933.893711,863.660421
530.198784,307.8190353
787.3468009,447.3194563
797.4367892,363.054886
873.4202658,808.2619535
714.0601479,509.2721564
686.977085,570.6600331
661.6697581,306.3986089
704.3896939,488.7455608
355.745817,984.0806439
867.7939235,727.7258483
830.3643131,305.7192455
651.5464378,569.362964
453.7513105,376.4368933
798.0359418,665.187055
354.531722,277.1845191
493.7652546,423.8489804
603.2959313,656.4010462
509.1571932,550.5737126
499.0208097,538.3125139
767.1568023,354.9256962
670.3413148,369.0049521
598.0418592,582.2062444
774.3207025,546.4617618
613.6115437,556.2136096
557.474184,433.9364043
786.8033764,321.0072313
616.8893933,646.6266958
704.2748669,418.3553613
720.8297264,418.1368744
440.0722788,579.6169953
766.837429,462.9881907
447.3797539,540.558289
438.056732,889.6426716
819.4567238,586.9538696
837.5107608,736.1692189
678.4809222,621.1287019
508.86098,577.0189917
549.4372692,557.4305299
710.8424907,408.1576807
414.3210591,460.5245764
159.5533687,722.0234788
784.2961934,298.7514401
677.2106796,204.5265223
646.0442106,498.7160836
773.9346951,534.0602191
535.0863386,491.7186716
567.2269269,489.2418524
635.3131387,925.4521758
384.4566665,427.0816973
670.0192899,367.1647265
222.250098,565.6060414
546.4871521,622.2655361
372.0938381,329.8202559
786.8851261,563.2124005
752.9582553,625.3642607
782.4581827,508.2951183
485.721134,868.0573848
587.3680585,473.4868681
313.9364973,649.8183144
807.8581652,597.3241543
609.8363652,740.7934451
592.7596234,172.3540309
972.5489065,543.1479142
444.818161,496.6474047
956.9289019,907.2174262
520.5715642,387.682275
718.9583987,189.5815926
946.8865672,895.77138
720.8246929,524.9525287
601.3261655,560.7165887
703.7313675,555.8779081
594.1988331,198.9390899
525.606364,448.4328894
720.7971434,314.8174293
870.5659802,720.6740079
808.3543256,567.340356
604.8647689,686.1756135
400.7313123,375.7188136
436.3963624,482.3076234
569.1266581,491.4748195
784.3390382,627.4630685
615.3259337,557.0276965
660.7484906,578.9514427
963.0498315,580.978125
502.8647796,551.4248026
734.811413,411.0821088
522.7994773,402.5188284
499.7745032,625.4427798
556.2157911,335.7895443
347.1107832,937.4441155
93.74067124,607.2915639
301.2351803,640.2900308
214.5347886,520.9442322
393.0315828,342.3904746
636.7532922,91.39509698
886.6323045,922.3419386
466.7733641,450.0167057
226.3738322,520.8654206
444.5406438,210.7732184
191.8209484,729.5099739
271.8615401,301.50901
785.1742116,661.924251
449.5829788,631.2677335
809.3872441,553.7633046
612.3743635,533.677214
711.4789303,517.2983604
387.6928399,374.1854142
519.8071746,471.2724965
389.4631678,243.3599094
705.3731611,436.6295375
673.2074501,358.857542
807.022902,329.7752505
737.8949481,484.1741125
858.3303678,343.2813256
776.1915659,432.3221875
607.5523045,559.9156231
934.4247914,862.0815357
722.0370351,361.2890634
330.0985932,756.4163384
485.9272383,272.5966482
661.3541898,204.0185511
664.8386681,627.1259045
512.0678062,456.5904531
814.9617981,154.6841257
395.4435037,823.1589737
441.4414089,640.1234442
539.6523027,552.9875579
480.0603512,587.362198
502.1097828,443.3442348
788.3333542,258.8101986
403.8356106,352.4294247
225.6045288,518.5492332
430.7617957,410.5592821
808.3491723,502.0661194
873.4299433,825.706644
520.6293747,430.3045314
592.9624469,677.0132438
595.4656751,687.3343027
555.7879876,553.5563928
473.8876183,238.4800888
469.3348072,733.5060057
508.4634225,385.2142312
576.2438634,727.8858534
714.2855623,621.4821213
458.4780624,381.696773
456.3919865,619.7423534
699.6646498,552.2783789
63.78354822,519.485591
852.8831946,762.9479638
915.8223413,472.9401598
496.216245,547.7403399
447.1290521,626.1744405
152.404644,713.5194534
722.158933,421.7061075
398.6986875,418.2938916
236.7678385,515.8801906
736.519631,321.3324859
445.7246125,891.9350399
760.4954893,498.9704662
628.2786717,848.9397449
603.089033,292.5518388
730.5103224,544.897941
554.6497399,299.6161529
501.4591715,500.7250478
422.6634451,850.3060144
315.2432029,634.0845166
444.3787924,628.1126164
380.6198125,792.3411766
572.9432432,503.8696762
577.7245547,364.9025497
751.0705387,551.2580279
465.6701413,551.8520609
506.9543278,334.8925506
459.8414249,493.5594195
379.6904705,964.3557034
420.662879,531.7547503
397.867439,439.0701687
438.9579703,350.5496053
470.479257,306.2301
774.7193686,450.3743248
546.822315,468.6535155
514.524774,504.6885061
757.4704837,526.8578594
788.1138571,329.4657709
645.6845841,397.6927677
522.0956396,584.1735881
426.9858832,521.5399367
635.1556168,793.5878289
580.4562234,462.387033
188.5976884,539.1236966
370.1512922,611.4649844
454.4447966,514.6042869
727.5151284,505.9471932
616.5643124,391.1624377
575.510319,526.7569213
390.161972,234.2649433
606.913483,506.0688789
675.0895789,570.4186047
592.5529198,670.8917855
495.0013411,595.3756151
687.9360888,622.9561822
890.3123706,415.9853096
974.7541088,903.2864161
712.6994669,408.5077571
591.5321207,504.6748415
680.2397,446.0874715
497.3135805,306.7936489
605.7423077,496.0860079
719.2439156,619.0758397
443.398591,775.4294046
707.6067968,387.9332937
636.015718,605.7352439
527.8099933,476.6669952
530.638662,537.130152
751.4650702,744.5241668
366.2807466,344.329737
713.3697329,390.8809558
957.0136476,883.0662497
584.6390864,467.3537511
808.0517307,371.6327503
840.0627661,394.7321723
914.3042283,451.4696011
559.1756906,322.4206165
620.8365202,471.108835
660.0951978,494.6147259
599.1000351,277.315816
401.0840925,227.7250021
583.9050925,865.9758353
768.5374676,366.1698242
630.0074282,634.547169
557.0070112,246.3829983
767.0308747,122.3260342
439.7088323,565.65159
716.0423927,470.097343
681.7263536,390.2821173
714.3962996,523.9946294
494.5506921,583.8022835
486.6523187,383.5551135
698.5015042,523.3026669
819.6239682,405.4940704
420.1110354,483.234955
552.8037146,742.6745808
249.9765515,737.1298344
432.9799564,777.1842579
604.5809149,815.2319736
379.8628383,727.024818
295.8070176,811.4337439
510.1249007,618.3114801
481.7056653,413.2162272
604.8303433,493.0392463
748.7289972,507.1863028
468.8704059,948.8673038
494.8570322,348.6428747
598.2119499,268.1162762
600.1541663,390.7507454
556.9907571,394.4147321
550.0366615,508.2843998
936.8959009,862.6278889
763.258123,303.439685
573.6680838,429.8313484
471.1367594,505.550816
492.8258156,338.0342747
546.3190538,448.9574294
815.9509131,572.678713
779.5725725,419.5704012
910.544375,944.8352929
902.368784,850.0527183
450.1193923,345.8706582
481.8516671,600.4318215
435.2235692,903.3499961
183.91483,686.0829911
734.7564189,632.37657
765.0186086,947.0876704
609.3944498,810.6252774
858.948441,729.1649538
401.2891032,305.4718415
425.6970346,808.0360492
446.6932639,720.3343366
755.5856135,138.5087991
610.580486,502.3390557
728.0517816,564.6909954
559.8271858,708.213461
693.8726961,192.8736688
439.1469966,332.2351667
516.5107639,677.7290043
587.2426851,344.380133
734.7176638,452.2595765
823.9985091,469.8436499
842.7224675,572.9269945
754.9317364,300.1163098
716.7584696,524.9234862
521.793569,613.7120131
863.8027535,724.3822687
210.2644084,796.560292
691.0364022,396.7228754
693.5144329,378.6965211
635.9949848,534.8567761
596.7993758,303.1671875
379.2253051,821.6947329
501.7244046,473.849063
669.0117187,559.1357812
658.2437494,359.3482549
654.696607,535.0854384
808.4932416,376.0989354
385.1022144,964.8920694
734.3547117,556.5470754
547.6064642,474.3586221
430.8425716,353.8411801
654.0301761,628.5459548
814.3432904,426.4330478
911.6773795,857.4415138
798.8853918,363.6454923
491.6298922,214.2874589
672.3988075,355.277841
989.7146336,931.3402707
551.2443297,693.7592232
962.708901,595.4567668
586.6115188,292.9186512
614.6245678,595.6191328
505.9066983,701.8138638
625.3405541,721.8421411
422.1074518,244.2893513
521.4972509,308.2809565
592.83207,638.618544
343.3554391,592.5106926
551.788698,523.5629834
280.131075,716.0781138
679.1137664,166.0496261
454.3861322,413.6298627
484.7639579,613.2791971
628.6716451,678.2368711
456.5986751,777.0985095
559.3546499,737.5259609
516.3765369,440.834257
575.7278986,243.8843032
705.7661795,228.6305623
583.0420251,457.5459287
873.9607391,599.1993979
695.1195538,494.3413091
723.5726456,414.1656436
795.4784536,349.9504325
460.2810033,940.5008644
585.9657162,545.1924606
679.7075859,414.7105551
758.328278,869.5657534
490.8649932,854.2825522
851.5166861,472.9473054
258.6433893,741.7151144
605.828956,843.9313018
448.7509663,321.7353401
457.880243,249.3231177
563.4316743,291.1907092
775.1978518,429.7360516
475.8557512,782.5938628
343.7648164,546.2341443
498.8143159,374.4529181
421.6485184,861.8673111
600.5905238,533.2013984
585.0279851,611.0794511
495.8155715,284.1543511
655.7254208,480.9681607
973.4010231,601.1724248
523.6158499,480.4798715
424.9463972,690.047891
526.2361222,375.534509
966.2047197,547.2063349
631.6991225,438.1815743
400.773408,449.0757095
779.4120244,672.1117354
338.1464439,270.2557225
629.6342892,692.7642164
448.8571195,583.3532539
885.5398377,534.2402823
226.1278792,766.998821
783.9307694,322.5907133
572.6705947,487.4352868
783.2724581,615.824381
487.6107681,407.0529812
394.520843,744.0487691
172.3915494,477.9477044
658.7902599,478.9972859
544.565639,859.3264731
751.0085187,885.0622807
827.1633594,338.4312787
165.9540927,748.2007316
693.2814532,242.1069681
461.473526,610.9821903
573.6562191,463.139295
691.9497748,241.4065437
543.307426,754.2692658
452.286349,332.0310338
454.2871548,412.7702899
588.1765813,458.1713233
555.3269569,399.6929566
505.5412294,449.1017014
466.6682147,614.9878959
577.3407794,381.779053
837.3095552,691.4774271
468.2941737,399.3458471
467.0215792,394.7102547
410.203437,457.1694634
599.6595489,576.8584852
546.606668,253.5276492
745.958139,264.0480562
324.8352031,300.0081841
931.1955841,523.6101826
577.2558839,611.6635804
588.1396539,459.203542
423.2638112,555.6980121
678.8582708,204.9245501
944.6229252,502.0771931
526.2748473,389.4164225
687.0328881,405.9402585
551.518701,412.748602
583.1222767,640.1866272
702.3334146,500.5945031
151.7695077,694.4553853
495.8177288,664.01397
587.9376692,762.2230309
372.9962598,623.8760129
434.7102709,597.3937517
729.6810514,543.9552315
911.8939703,857.0421906
84.54841575,620.0779295
472.3536557,445.1305125
758.4879122,70.8369935
634.541828,735.3319816
791.5845232,343.4537834
565.658314,505.2559412
784.3289711,571.349133
562.2589111,644.3101114
668.7936598,370.5283642
457.8712396,478.1980127
241.2473641,746.5582245
558.1840589,412.8828032
526.0933412,470.4233914
460.9418314,863.9887887
589.5241242,442.3109296
763.0588949,297.0099171
371.4540579,455.6825319
779.5130842,339.0299292
822.8396929,542.7358457
592.7368078,550.6015224
769.1742667,459.4754128
462.1416797,400.1714674
716.8617315,950.53223
547.7950261,472.2243157
560.0003176,177.9986917
385.3501897,339.6988248
547.3788926,432.0624352
547.6491891,405.7471994
574.9866241,979.6081489
528.463406,332.4864361
379.8327571,564.780233
566.2274903,508.949033
388.2886818,367.1301472
708.2343079,255.4911902
772.3104289,357.6181608
438.3576941,435.6144727
557.7005721,440.6889403
441.5066498,504.6248634
384.6823955,618.1151615
828.5153666,511.5106395
799.6396695,680.2486769
823.2633168,376.0165091
539.559767,413.8880271
646.4443148,480.7241623
536.4341212,553.3493975
425.8357258,366.3829415
521.3316095,918.9638842
664.460945,523.1488882
689.6931288,480.2121586
559.7654054,528.1801683
287.6122812,670.9432889
415.5630331,790.2351396
579.5402741,911.7599992
539.9793761,333.6172737
698.9542056,390.047563
457.5511173,400.435106
774.7684454,634.2076858
747.058186,319.0015056
493.3694498,791.1985757
433.9141371,519.937692
467.2774793,755.7971492
655.1865654,489.770404
625.2368278,461.8611975
639.9197455,870.3903917
713.575208,528.5149086
757.8657642,444.5820699
788.127894,337.5469466
419.2883259,438.8179173
452.4328901,507.3660525
778.0502199,282.3810695
646.4971517,562.2716133
582.0112339,644.615266
712.1584693,532.6421328
879.9853429,651.7910905
593.8693179,351.702674
450.3258712,882.7324914
916.7116699,858.5908007
148.9722386,501.9897106
442.7172393,336.943407
464.8946809,489.4822778
790.0008696,903.4453556
764.0045808,161.9368604
642.1627141,539.2390724
745.4487207,612.635207
730.3980571,582.3707834
740.6097784,897.7889317
428.2003826,380.0172002
640.8548251,888.8825534
872.699455,601.555994
768.4119594,595.2357725
442.2927165,382.1781254
443.4905125,768.6176972
704.8855846,0.448340163
448.86064,645.0145474
888.986325,564.7194946
591.6295551,473.8394727
403.8448687,409.8501032
769.0248493,291.1021402
332.6832863,493.2106594
915.227548,859.2483928
865.2552211,810.0421301
481.8824074,443.7009346
910.0045009,587.4916772
760.555442,560.4249315
671.593161,576.1539656
268.9236472,707.2041837
707.0079437,263.5899168
801.2004176,347.6155242
971.0107044,914.9213218
495.9971525,725.4517621
962.7356416,559.2298453
798.9906761,422.0605925
359.9830898,550.8161648
403.055671,364.7481442
581.0644843,456.8165245
291.9554226,585.3706383
285.8298938,382.4244639
524.8424238,198.2981084
623.7078987,575.4977108
708.9140566,520.1884182
721.4563537,519.8875677
795.5950633,606.8619864
783.9521619,323.97585
520.4295772,314.1184674
461.0807024,252.0267606
388.7340576,482.7618347
420.5862228,326.5008922
512.3618022,447.3561668
501.0620784,325.0814061
540.5423354,395.862216
849.4441528,503.3219022
484.2897442,267.321725
617.2808537,691.6445152
532.5031585,464.7705403
463.0667672,751.9349635
574.9379069,890.7685365
223.4072962,513.4591997
621.5396987,596.6408002
522.345832,466.8728792
957.3723003,591.4853479
875.6911434,726.4718414
604.469893,674.9263037
390.8566115,995.3473373
541.3398174,967.8914647
787.6140264,562.7591712
511.8105728,445.9487155
219.0817122,695.1511295
800.6701611,458.7166318
862.0373842,780.1902347
470.0646065,538.003682
525.3297905,359.3168097
634.6140199,567.2819159
877.8861739,588.2742353
518.3262885,400.0748125
620.671388,441.0770435
490.9420089,559.1186482
913.6374678,449.3211077
445.3297066,571.7151096
537.6101802,394.3731325
532.3803917,495.5415979
611.9792928,710.941675
913.6377075,514.9859548
534.9266744,742.2231274
622.3398173,600.4498947
482.9567625,825.1922793
704.3478378,404.284254
660.1340877,217.2550747
2.381150518,590.6949337
383.5555631,568.2771316
750.9722804,369.7914591
793.7768571,257.698061
763.0419068,323.6077631
702.9107254,190.9647234
626.5146506,536.1148991
395.4349497,589.3079584
461.1669312,256.5418582
616.4656645,636.2516264
524.7806883,479.7775875
554.2126333,754.545775
814.7930107,560.9093136
573.0668788,415.5142578
631.7522739,601.1594288
969.9990585,599.8453521
510.1637157,404.1064683
778.4673122,157.4079102
444.4351947,542.7924889
788.1405527,879.9008737
369.5776817,777.9299175
350.108434,791.0524024
795.9825838,524.8141278
576.8141483,387.8785309
702.9656446,464.7229441
552.4129283,805.5717036
637.1190907,853.9897458
168.9173928,540.2829081
738.9104141,696.8986699
395.7360466,317.7091585
585.5109325,476.6633806
509.2958694,184.7441656
770.2923504,449.072847
723.6438188,396.6558479
592.3510101,864.2070458
673.5157077,854.4426618
417.9230758,913.4521083
348.276086,587.6409011
540.7174746,562.3719455
634.3340009,925.352345
462.7092231,417.5814324
582.532472,523.7414586
658.5332512,463.1794321
774.1250547,563.6649612
382.6381158,876.6239037
698.5200652,469.9608435
481.1374627,589.4345542
472.5788155,635.6103942
547.9638885,781.6954692
653.4582433,491.0743054
365.1950362,348.5056648
466.4558784,737.0617623
607.3948874,492.9602467
707.5940482,411.971539
886.9496254,531.524312
815.4671866,637.2672345
589.207762,329.0575678
606.447284,845.7221343
435.0391869,997.6708375
555.0521062,446.1851712
561.5665636,678.7394935
542.9029773,900.6096636
475.5008887,377.8485234
436.7532173,561.6997487
814.1953561,503.1587631
457.4105535,344.8901518
641.3224323,289.2692066
767.2819211,462.6479553
547.0073265,477.5783012
942.1834099,867.2461394
620.5381498,438.2118912
390.559934,589.9659056
504.2050269,667.1334213
694.9631554,443.7642847
632.4380899,536.9058148
744.0948859,320.6928834
601.1534531,379.8669317
208.0512663,677.8287516
334.408777,574.5341283
922.6873618,974.2767496
500.4687383,498.36958
603.4162862,291.8547783
517.6399483,632.6781935
335.2585566,533.3679642
708.8103153,323.6270063
542.3753725,413.0560759
605.3878946,852.1496039
443.1126995,575.4533949
810.5834971,626.610913
423.6419687,426.9653186
570.925659,598.2680547
537.8432947,456.5249927
397.0425124,417.4209885
535.4206177,564.316118
488.6208711,324.5510158
711.8311712,403.1015787
326.4515894,316.0849545
750.3785957,430.6147214
748.4989987,497.1162626
725.2112933,729.3098526
594.9299357,644.975079
790.8308297,389.6663338
897.1175881,845.0087766
893.3822283,424.2984698
403.2440082,446.7717659
650.0151118,588.5516429
435.178687,636.4299135
598.0033738,685.001045
571.4000075,412.9627431
554.6513278,385.8797211
216.241898,463.1717223
367.1463908,942.275922
585.6660126,788.5415052
711.5771137,543.0621658
583.7434809,458.2320826
443.3717156,317.5915053
624.2510386,562.8125759
580.6937123,310.0278701
872.8173829,586.1362934
709.0953679,223.9331033
649.7727392,573.920685
370.5818672,576.3300171
761.9250515,500.1403335
576.6696596,326.1675727
474.9898525,378.6650758
640.5595857,626.2540043
612.2047671,814.7114034
814.9423981,475.4174387
601.1926576,294.0104801
538.9362557,291.8618195
579.6271322,489.926481
846.4747705,261.138588
483.5724389,678.6725914
457.3500165,417.8649828
359.7781839,775.1827736
448.1060028,516.1164373
485.42561,369.8578807
779.5690221,411.5161576
140.5732555,542.9812857
602.9304025,589.3208081
865.4035299,724.4521377
748.8652016,622.9250086
735.9826182,475.1583759
355.0661881,280.3758034
484.3468206,508.9816692
580.7438376,710.4381542
510.5620522,528.7923371
633.7066396,603.4857915
402.6343541,733.148888
580.7377854,507.0145553
602.7223207,468.8182008
659.6853861,851.4207638
201.6186484,663.2312447
505.1363014,200.1524582
479.9318618,309.1762369
443.3988606,631.6258958
456.9076218,915.1120826
715.4379518,516.6784191
438.3324816,235.9166019
906.391788,640.0641057
632.5810506,432.7877442
508.3732388,403.0034194
405.5259267,347.6997264
748.0499525,750.0659253
399.903779,423.6350275
470.3204017,287.8861384
326.5130851,534.5935554
776.15344,663.0559662
381.7981036,871.3987705
685.2860649,549.0049608
718.120334,473.1875847
800.8886694,509.9088337
524.8442364,429.3157719
691.2826848,656.1157198
525.1201208,401.5112645
458.2880923,382.8377442
555.2411475,271.605862
678.5064942,370.6429252
598.3235411,762.6180918
572.3753253,485.6734132
857.345747,816.6524836
522.0641651,375.4477577
194.3271427,517.6053328
608.2646213,288.7499527
945.055927,892.7918339
646.5953801,539.2376934
597.3700502,578.4335052
720.6094953,460.3450147
590.2755555,386.4581881
622.5660107,254.1061998
906.622955,460.3310158
565.2369672,482.2337846
719.9765612,507.6559129
837.6024726,904.637266
729.1481134,665.3536416
670.7466473,379.8331463
724.4325821,202.5727387
539.7827246,455.8844709
281.9055676,708.2095538
356.4031097,935.540895
541.4240987,469.0888388
769.099573,122.931517
694.4101732,414.0850352
609.9998644,531.2949394
615.6651415,553.9611902
494.7908025,577.6105592
565.5483108,503.8333209
503.8329366,552.8219114
398.0781274,423.3074119
222.3754264,787.5433644
792.09508,609.7508741
550.7475251,454.5600309
576.6439677,694.6134681
633.205176,396.813283
811.4234793,604.3565217
704.2037685,492.3584203
694.7584592,573.7748042
857.665345,619.0207426
606.530292,368.3764025
166.6642972,709.5336805
867.8282892,536.3369798
347.374653,353.614273
447.6528819,567.4728439
482.9505755,273.3520652
799.6787391,156.9937524
504.6828959,406.7263268
491.4170016,443.4062896
538.1177858,302.6666336
535.1171389,374.2258856
629.1078678,466.5744733
724.3059054,477.7866964
335.1055438,707.9834824
184.1993732,656.7778458
826.6259122,406.2944719
672.0883327,580.3403612
928.2931954,454.6640822
457.4338335,254.6840191
479.8728679,745.9165745
328.895494,319.3566383
469.1600575,659.5120982
721.2544589,511.9956693
159.2093073,722.3972279
656.632097,584.8847102
689.1896429,249.4210263
459.9215716,363.3283446
531.4046995,747.3352876
496.5680665,578.0393427
644.055629,605.0394161
793.3150474,648.0508412
737.3782491,891.332148
584.8737139,371.4415925
568.9716079,481.5425743
628.3207075,474.616494
137.4229815,707.0026208
645.496217,546.5632432
688.9797784,390.3293165
774.7015566,421.6631916
968.2947504,928.4554573
603.8447189,565.243366
428.4627694,563.9846789
503.9653359,685.0758032
482.0248438,738.290613
771.445384,418.0004376
420.7029374,328.8988999
396.4038407,538.2384034
563.6377636,483.2834705
476.6672102,676.5047503
729.0461548,912.9985238
836.5208818,742.0324711
570.4476402,518.2334228
714.385903,534.3884823
521.7677422,404.5579007
725.3817735,159.8236986
634.4866541,784.3039197
788.4559262,555.036701
628.691854,431.1501471
559.8332979,679.5428201
477.0998675,319.6060482
537.5067085,551.5839928
168.6569086,549.5618028
597.5938767,290.8041939
958.1471764,899.8596581
445.0246848,547.6156036
500.8299676,225.350312
764.3771955,944.3722016
749.055696,877.5688488
779.4915419,423.8726114
784.407425,566.1785746
416.7795998,358.2830866
862.2521174,717.6876713
307.0350588,704.1773548
323.1329025,422.6343167
583.2152019,413.1756305
534.0989913,467.9077932
583.8632665,484.4521678
639.6300938,289.1752678
553.9174089,760.8304142
471.7825469,500.1756859
500.505366,498.4742373
513.7831849,389.2379264
781.3154857,427.5205934
564.0793195,518.2318975
429.9617071,442.335062
633.9296272,557.877115
708.2974215,431.3542591
842.7430959,909.0600128
961.2165548,564.7082537
430.9490543,410.5818057
663.4111882,173.8533107
471.2008617,501.1250396
658.4712162,543.2405993
605.0854045,556.9469418
549.3695714,905.385997
594.4413555,539.9185403
209.6974942,756.7880608
385.8219466,427.9292562
592.7392946,455.2727618
798.131249,535.9437994
542.7482868,775.0647443
500.7573862,230.1137329
539.8225283,457.8017738
444.2950504,435.0930249
753.2198182,301.9180071
771.0848438,437.3195986
579.8633477,606.5192019
521.3549194,412.2486541
651.3873878,665.6158594
517.1054673,410.3991726
465.8315732,629.1180283
390.3885848,872.0555268
639.3985373,528.7649453
567.7859164,524.4396474
717.4544274,481.2150842
568.5589049,652.0323727
670.7877992,170.0864218
535.448317,616.8240471
459.4871017,614.3010316
353.6373449,273.8114582
481.9192599,777.4232626
519.7076878,639.7591182
956.7175843,871.5203309
704.554062,138.9262163
389.2301432,363.4523705
770.2976536,474.900107
541.2215598,473.6697938
629.8483183,322.6945348
284.6948969,665.8502466
501.7659011,596.5128044
483.4647277,276.53658
397.667342,408.4346704
633.6098344,520.7372578
412.7630824,237.7174425
873.0432767,599.4890911
572.0106054,453.6879426
436.2785243,508.048153
637.8705221,512.7674044
459.776948,606.5484533
432.1155706,559.2111453
258.3608834,426.9833709
550.978797,567.4583227
221.7568887,775.8956717
696.774036,504.7813374
553.6174805,446.2374894
736.2348331,785.7490426
441.9410299,499.4504396
460.7544979,431.1289608
443.7221289,267.2090445
705.1143847,206.5743283
744.8289396,858.6946849
516.1993453,306.2564681
741.6758492,466.5395596
742.6284862,673.8386328
354.6905323,272.797835
723.8247706,275.5974016
284.9451344,837.943376
658.1582247,175.0562948
783.0305799,504.9557593
394.2744856,409.5618099
522.391613,543.5259465
561.7691624,516.7947143
460.7173458,757.8242703
836.1960406,542.8531856
473.472833,811.0872404
658.7600139,530.0288977
567.5549591,484.2852051
584.9999112,534.6808082
640.1648145,561.1600397
784.9854848,532.2025472
820.7778408,571.8165493
499.2961548,387.9210708
400.5807114,847.0195795
830.1038589,462.1990301
684.5802497,402.2890588
371.8458029,337.4796058
365.4712052,480.0050588
975.1620779,599.2841852
776.3434401,769.9109427
509.6663119,487.928298
459.1063824,541.3221263
853.8379738,664.1619402
193.7239603,653.7750031
508.7152029,414.8442131
785.7488258,436.6730803
855.6171553,466.6886999
814.8189273,357.1476941
588.7489035,607.5775588
770.7491865,546.1352746
571.7986437,352.7577506
597.7241038,555.086491
681.0181865,435.9672862
708.0235895,715.2513443
637.0770998,584.6949731
777.7035518,679.4156601
664.7887075,667.2833764
562.8192188,477.0691391
640.5455487,396.5026751
629.9386219,606.1686032
569.5590457,641.0913725
822.8604562,493.0201702
437.6939896,590.1479955
859.6599339,734.1234188
709.6619375,513.1100426
769.6575437,379.9053555
236.9853431,649.4456936
690.8174595,413.8546387
838.7046168,366.4001789
561.3559201,358.8090265
904.1185284,537.6377889
217.2593264,522.8235293
636.5194886,210.9438375
241.8834591,781.479594
696.9671521,410.0971311
655.0305864,493.740799
942.0179932,985.7008572
935.6943898,887.9542607
509.841526,304.5176404
626.3950748,482.6722837
812.4209535,439.7984655
458.6518384,784.3030004
920.3515878,858.2262449
914.1301077,690.5118389
383.1501857,450.7488052
598.3027329,576.1093781
792.7894649,414.4749143
518.043558,606.9788039
479.455446,356.7574179
762.6928417,549.3610129
737.870979,170.3282262
733.4290849,439.9573841
454.82222,933.5933795
597.9806032,943.9650642
591.2303947,765.9877469
559.0895966,606.7289553
400.5362637,315.1928081
573.002342,527.4928861
712.3288747,517.0269912
503.319833,672.0961904
269.9182601,662.3680154
572.1315595,951.4519562
47.69574161,606.5439194
653.4509028,474.6761041
695.1730648,762.1241403
645.762289,626.9949837
647.1714924,601.6011665
481.2545668,277.0772083
451.2245327,530.0938775
710.8619207,434.0245972
624.0888277,567.6664881
762.691044,640.6729315
666.7111194,562.7840767
200.9651758,512.7133311
455.0474397,693.4471527
917.882231,460.5973705
530.8025507,702.0503403
404.53816,453.8351397
754.4798139,534.8801981
561.2476996,532.9002554
453.295553,899.1657108
950.8393568,637.7643409
592.5678706,643.8761462
712.1699895,508.5552467
814.2958616,577.9104486
755.2001903,880.6889687
645.2190143,481.5183583
353.2854186,975.2744516
861.1365654,719.176337
925.7291457,519.1235215
745.1514739,929.0434937
544.6784287,504.2634417
547.0172437,434.0207945
503.4180763,616.6982871
854.2644441,754.3759498
194.1988781,519.0674842
545.0658143,517.6773121
679.1259757,354.5970986
540.8837003,475.0869189
650.6654984,412.0352443
624.1443611,562.830461
438.4303804,550.2357129
773.1642982,646.4873338
432.9814844,640.1567699
873.818048,461.3431764
818.8844166,548.8130718
684.9976417,373.5266103
488.21828,283.6224774
870.6933909,431.8057334
489.0117022,692.6177506
429.2187099,386.8017248
463.061509,498.8441837
718.1908332,604.6776392
627.3232782,483.8794675
395.4676825,405.6970124
504.2752114,787.8986225
407.2906818,235.7544238
634.5017996,222.3169224
671.2007719,426.1920164
558.6053308,720.9753808
413.732363,859.4216236
543.762794,467.3689409
892.574155,843.7174951
422.4400381,482.9659258
739.1466445,259.0929342
219.6982275,399.8648085
714.2908206,490.182368
472.3281586,299.6766406
485.0624331,428.3923056
644.0457417,372.1408468
841.6763061,399.6515867
695.2035655,244.4369036
518.8936671,351.6714795
534.3520152,483.540047
382.1925451,650.7573675
756.1400937,350.5973269
447.0443962,980.5977023
586.4582363,689.4607948
676.4489865,537.2779133
615.4892832,548.5391952
769.1051907,311.3128835
861.5872294,361.66252
518.5657998,632.893818
400.2243208,924.2257696
427.2506668,324.0155065
717.6291921,887.6357131
595.2131456,445.6957328
379.6656475,754.1237611
499.2021959,377.9432561
418.7260108,590.2163811
500.8819057,552.6496626
380.508506,736.3790349
880.2253635,593.0321821
313.5362732,659.2922531
722.2955269,72.08487849
442.2250338,536.3608197
448.4474426,792.3893996
636.9789314,622.4020356
799.7129101,470.8979743
805.0402228,272.4616739
503.7814629,187.6733576
239.4387605,386.3988496
495.2241339,242.2932785
216.4515677,695.332509
493.615927,376.6061962
726.507737,342.8002238
677.3642617,618.232961
895.3694916,851.9989801
752.5123102,281.2313646
855.362214,413.1881877
806.1451984,555.5489345
702.8800599,166.2085865
620.7340073,572.0794774
719.2546268,620.4355067
528.7362793,515.2035225
483.0484443,413.7603866
464.2805476,267.8867782
67.60572115,590.8588669
400.9081294,731.8804853
580.1707364,391.6305017
619.2144861,766.7770537
338.3955727,613.636461
626.7865501,480.8284853
569.3489565,628.7287968
641.356783,907.3148125
488.4491774,213.7169315
831.9161627,235.5738383
642.1594034,628.2889396
319.3911009,672.7010255
518.4441266,474.2221435
488.4448779,615.4106411
858.9205021,484.1959884
424.3837226,694.8443242
804.9417098,314.2727685
168.9064569,542.9091393
411.9475337,884.8464055
884.798009,437.5158963
627.7676954,591.8798865
672.5405398,409.4953465
816.1784548,371.2092529
783.9450011,323.5162271
534.3433863,514.5051456
487.8577248,511.2783209
528.7645029,710.2256638
208.477422,495.5728968
583.923384,838.7688501
339.4963687,269.1669024
254.8720458,426.2495163
871.8760414,721.4707112
613.8124198,629.3620058
410.3025193,533.7966432
565.4992041,511.4059614
634.7631377,526.9920815
957.1565185,498.2584665
839.576463,186.2263333
661.5405946,641.1365868
779.6149529,453.9285352
957.1852664,592.3435836
455.8289823,528.610498
836.9855379,567.9590646
604.7144827,535.7578859
375.4146524,821.0082029
825.2559282,366.4617322
327.1288963,329.174636
833.2826262,241.4999392
167.5659849,542.8364705
781.7932798,891.2937242
378.7807232,565.4918774
491.2180281,571.9679043
734.7787251,359.7260992
775.5103939,561.8585419
697.9616301,199.5803429
612.8137771,700.9290094
232.0659246,516.2522055
571.2194004,557.2265224
713.8239174,738.5365962
792.4609234,326.7718645
764.0891318,306.1308961
712.6170731,417.4693787
700.8747149,430.5114431
586.5197321,376.9052707
432.9589534,340.5739845
388.0010525,792.4533348
818.4513548,979.3054179
731.46245,545.4669013
856.1985409,414.5063805
809.9672664,431.310591
553.3406973,757.6595641
754.8470206,347.8815029
823.5828699,255.0480317
456.4565832,636.5550468
560.2755128,726.5818475
574.2749665,391.1829764
442.8057302,839.4657435
241.977403,376.2844936
871.9980741,546.5947929
420.3162109,580.9156524
705.7270649,28.42472034
612.4084296,528.4952893
700.2357586,321.5060719
481.836222,510.2766072
803.6505092,467.7116836
741.4125037,440.0243071
701.8259287,901.4403194
789.814375,168.3196799
791.2782879,584.2185725
860.0678281,590.8603503
736.8792724,437.5255493
624.0177144,533.6029364
373.9627839,402.0420935
908.0094777,846.8144019
472.0610978,783.9233592
496.902825,600.7119035
504.7706678,484.2136855
414.8119613,434.8675803
648.0699892,355.9503722
425.1192444,578.7355257
723.7189021,206.882011
159.9593903,715.268331
636.3998229,480.4670427
604.6057828,541.7493219
746.3718457,558.1091829
716.5958242,914.391433
672.0318406,180.5235877
317.1029955,327.6681479
354.3973752,499.6601302
495.6088081,298.1222637
875.0577749,406.005113
463.9222095,288.4212925
492.1200753,407.4776069
883.9339528,442.5477405
444.1056945,501.9262142
649.0208584,762.3756187
559.7029509,778.762203
616.8913857,526.7118323
612.7620787,766.1248314
737.6355425,358.6686825
554.120607,323.1505848
705.0643941,551.2080707
858.5008031,363.8351249
592.8739111,497.2339577
466.6802891,624.0366239
372.9403669,589.4309814
465.5154057,553.0753956
562.6464465,201.5746606
630.6370665,549.0341496
541.4504348,701.7563221
862.7406077,669.4686638
808.0643445,594.2298174
399.7787951,817.1847125
635.5548821,460.0924289
376.9993695,521.7117468
717.9377194,488.4576227
432.3350677,974.3944446
592.302248,331.0083636
558.7064954,450.6813598
973.6184079,915.8572617
730.9407625,472.2077051
635.6306994,661.3644839
585.4684023,481.5297664
497.1765671,664.2691256
608.2292818,313.1050114
629.7627186,594.5655397
589.8261049,546.5765526
407.1127112,470.7338531
555.5196235,666.1013488
586.2464244,545.0300946
747.4728514,391.1731354
762.3584128,875.4806551
369.4294927,778.5228849
724.902002,493.8245624
552.5200702,473.1820896
703.3216456,288.091901
434.1445401,536.6742274
703.3634717,505.950181
817.8091177,613.6309659
705.3277846,540.2719597
689.4875189,254.1534408
653.4294804,888.0536736
404.7674694,361.9093182
754.7269354,442.9786343
694.0208551,574.8154849
749.2123491,909.5671482
598.7516592,339.5056612
710.2981524,569.1481543
523.0737737,897.0679059
603.0461733,380.6526866
806.4240339,553.6754042
565.2080394,481.292663
364.5833597,252.4467478
605.875546,262.4376212
621.1108316,967.4681344
508.2463673,440.1116433
508.0461354,527.2001215
311.0740772,719.0746466
434.4536517,456.7797096
426.7930967,893.6259999
429.6368059,783.4804723
273.3855256,716.6998311
365.8928067,347.2325191
791.0722585,245.176901
678.7760418,556.7583122
613.7949822,719.7630571
655.5523339,668.6221705
720.7739683,301.0144318
727.8891663,468.8402856
476.7369154,597.1347934
563.7963043,520.850586
699.8046144,160.9567719
539.9408158,402.6579606
453.5302555,412.367352
478.7798319,524.1764476
263.2562729,460.2482761
957.0114305,467.6753909
650.966011,604.8205322
424.1854831,810.1646934
653.3991295,636.6394997
457.6036096,415.6100352
402.815995,593.8644676
730.9562825,408.9356422
587.7064573,475.5871594
551.9082289,426.2071227
726.7093022,323.9014888
893.9941295,469.597583
512.0145648,234.1499018
574.8067959,508.0885826
798.8596999,258.6818686
496.3969871,437.2324086
832.5611562,461.3687505
676.9400984,228.044866
596.2165971,559.4442788
724.6744902,502.8654971
838.8429186,358.0535259
812.4218373,368.3596038
445.9280503,219.3107993
444.2190833,449.9810608
571.2317145,452.0225567
426.1169433,926.1758968
622.1162455,640.7473553
548.4401845,356.9304816
649.7402761,173.8421116
747.6693831,476.0260764
230.0660326,721.5821799
649.1877433,866.6885453
682.9126294,470.7594063
510.9729875,408.575286
729.714728,462.7530723
524.1806518,356.8254901
790.1824655,647.176977
503.5677334,583.7662208
680.9934234,616.8590234
710.9031475,605.7805836
532.6278278,742.8655714
581.4024486,241.0898347
251.1426033,682.9277277
508.8865371,557.1453916
813.3798374,439.8480048
569.7586484,344.2194175
584.7478162,326.7739957
507.4268487,790.5033539
198.7273006,539.7298062
943.3211783,983.0093119
507.3249201,622.3298265
205.0396985,531.1850587
886.0850899,380.0255787
973.6570131,580.6039788
462.3720677,542.6392953
799.4039034,926.0633208
813.1079978,327.0029087
580.5747506,794.5721171
618.3057875,482.000651
529.0753222,916.8578262
654.0905482,247.4969746
430.2287079,489.7748753
699.2821628,379.7093921
451.1906464,580.8016973
620.1992267,475.1592534
347.7093516,607.5262853
550.5789474,436.8424667
675.1032113,850.498781
530.2001922,475.532125
515.0431508,343.0431148
786.0758543,426.079712
317.8075672,491.8488612
715.8414117,777.1244179
978.7727236,578.9211884
637.9431185,894.8546625
570.9371342,734.9224831
457.1753267,511.0917806
100.112108,614.8084595
551.6389061,401.785726
472.3958114,402.0397743
888.2125724,840.8555186
608.8746499,400.406565
661.8994869,282.6524805
970.7530066,901.0180966
817.8274391,240.5703092
371.4723643,633.2473628
979.4061221,987.6333082
563.3057317,503.9045689
532.4885373,346.1899997
478.1169514,828.4294465
465.3671718,613.3032877
523.5132472,483.528033
958.9335128,872.084026
604.9145648,718.251053
744.5717062,579.9984752
716.7832776,512.5182662
410.021137,844.6425074
707.668697,272.1929373
485.5569906,789.8706882
803.8155664,276.6178153
343.1376948,598.8038565
499.8749038,347.2073002
417.4617904,528.1621578
681.395565,374.4338838
101.269546,616.1716368
436.8804184,578.4565511
728.2208986,321.6099143
379.249454,506.8740024
873.5068691,780.5831435
639.2152486,499.8675852
350.2831088,270.552833
450.1571137,535.0494592
289.4468912,384.3086919
504.1311871,696.3606116
230.1054019,724.144058
833.7562257,558.2955143
188.0085878,738.1323003
421.7507017,828.0081012
828.4189508,724.7871079
699.5246403,579.5224924
503.760475,691.3553026
614.8962876,600.250045
817.5762729,242.4316585
547.4905736,588.0304459
474.758236,265.4364105
651.2334462,563.6119535
745.7883179,265.4388342
428.0078358,427.9243461
374.7567454,834.7485397
771.5189093,765.1239326
569.945113,191.8835512
717.4631462,950.731035
644.0576514,613.3160956
929.2622962,869.6114064
776.9588168,569.5061704
605.2354961,664.6176559
801.828468,430.2521087
553.3805759,564.1120478
614.2250778,842.897725
607.8473192,540.3586901
534.4640258,559.5233412
465.9804962,633.0159217
855.1281856,411.1920522
480.0290565,804.7096026
738.4290695,715.1521194
466.565522,862.4918908
661.3981132,491.7809771
614.0137902,651.7405483
576.971071,487.3548873
678.844923,567.4047509
777.4153383,576.5770869
782.0316076,306.8656073
717.0301444,534.9092824
690.4487548,553.4942127
652.9719552,859.4531316
891.2563487,399.9779904
510.9948743,431.3263658
649.6048356,610.9057606
817.8985824,357.5634189
533.4147783,465.9797717
713.1556589,523.450679
863.6918215,586.2384434
725.2810583,522.8866705
352.0672639,587.4374786
480.1314496,636.4851778
316.1023154,344.2114987
660.4392742,623.7898258
357.7358517,276.2735682
389.2185631,421.5016821
793.1100517,333.5716207
562.1904943,481.0851453
630.7888808,535.8382646
443.2763036,732.6676609
654.2816269,886.0023157
532.7881212,804.7398987
643.9253869,604.2787756
482.930816,421.0865841
787.5165621,564.6908282
763.3724407,315.110152
604.9836857,201.7724626
372.4690145,445.733676
354.9783563,548.752396
425.2584,424.2759671
570.8735262,381.3603403
626.3761991,830.3340251
787.087635,575.7663638
300.3589148,671.1876842
501.9750315,462.4081776
566.3558898,724.8293553
704.5676345,574.3323147
859.4014421,716.054065
623.4260071,487.100839
406.3947017,660.7260516
520.5765078,484.4389211
558.5847623,445.7109853
804.2916677,799.052113
503.4426447,911.3155871
444.9365085,489.097643
435.419202,504.4280643
771.2464555,415.6556256
370.0579326,832.0269491
511.8128199,342.4168218
352.4690609,694.4636592
368.4937389,374.9252235
753.7221506,534.4301865
635.6230292,469.1892128
317.8873843,713.42938
241.0698729,387.2035761
489.9329097,283.2376754
747.8837418,355.8154397
726.1710461,614.2524325
553.3803063,547.720052
891.3658426,410.2205093
747.6343433,242.5907233
650.7794715,420.2892122
750.4254403,363.4737031
652.9400313,412.2493854
833.3998351,535.3366242
632.6548604,566.0513937
674.5404468,710.5509183
633.1506014,888.7289627
587.9087565,736.7506111
501.0292707,276.3036972
489.580549,825.2947636
534.383984,337.8007233
772.4979272,924.8725595
371.0504481,826.8720819
643.8341994,520.4956831
839.069891,727.0817746
723.3665862,311.6946767
470.7661521,539.3139978
714.602314,523.0416192
661.9789445,490.6943717
548.7464347,348.9656846
671.1214941,562.0953319
377.0239528,454.8989499
414.6140814,427.731287
510.2365968,436.2235283
589.4139862,864.8940773
677.1516707,378.6897097
585.5858809,835.6301347
590.9823145,515.8652933
461.8346655,295.871098
446.4349968,600.6025869
551.2852719,779.2879548
493.8258664,330.5260291
411.6483844,971.4660048
752.9179273,244.5790236
88.26885483,528.6770449
275.5104314,354.8369391
665.5808863,384.7167069
408.0877443,780.9037178
292.9212725,584.8165962
405.0345601,851.2027365
609.3188873,561.280848
706.5577591,531.5336934
887.726494,435.6390856
469.9227843,540.3931649
751.4949267,443.6533384
700.4450238,548.2656112
472.1447949,302.7292942
843.2998383,524.3979642
518.0184054,618.1362016
624.0418183,833.9545109
513.7385425,699.3927893
663.3518198,563.744713
457.5408855,563.1721799
227.3153235,656.5597141
483.141789,256.0867275
772.7684335,356.8783306
310.7628833,723.6499812
809.4348378,682.2742935
747.9818353,305.25699
591.1670264,352.8903221
721.3522978,454.787335
300.4841534,676.8627246
429.2806401,551.3822418
619.8465663,630.282129
198.1817938,542.0151125
917.1613602,472.6547498
721.2902028,644.6562598
214.6782586,480.717539
784.7214951,313.5056091
704.4699005,204.9179686
818.3510591,754.2651706
575.2160683,599.2049557
505.0298337,730.8553914
498.4570715,546.5427673
485.5401373,211.9536998
709.7357923,503.5314675
740.3104942,481.8626889
828.6498332,389.8380604
812.0186171,756.6822962
595.2312872,538.5929302
518.453954,496.7916767
547.735358,285.8150358
513.9860085,553.0294291
398.5532849,270.7305979
483.8759626,584.4701762
526.1599154,187.0934279
806.0039604,162.7537889
376.4400805,462.6406216
707.5239536,573.3311442
597.2144608,253.0733961
593.4706069,704.5380871
654.0342358,604.3891161
724.5328628,513.3352992
588.3734425,340.0595571
511.7247934,239.96748
709.6870901,505.1112095
799.7295686,610.0115666
686.4262301,371.1020466
719.073735,440.2942556
447.3004911,686.321954
733.9769137,513.6404747
752.2174303,273.0847076
490.8071528,846.3771564
492.3575342,587.5461892
600.5605924,565.4599516
448.2921828,263.0775579
788.7142981,473.2809384
412.860412,573.863018
640.3926259,856.8146148
765.993432,763.3180147
392.8319502,703.9606021
578.9317286,381.4663348
444.8789377,521.261756
525.2636058,511.2899169
404.2704551,911.1284618
856.9849072,528.2516879
542.0664707,571.9649792
443.3518962,941.7551429
544.0224243,552.7811893
700.3886964,737.8326825
621.0310744,564.1332341
369.2251711,523.3590594
839.6748861,613.6809022
685.5023561,160.0921845
442.9433728,298.4778352
600.7248706,723.2531026
783.627021,652.8315623
440.1766043,500.2214434
636.675108,718.7267223
440.5407399,742.5657029
702.1485079,228.4472606
653.2890514,505.2228244
544.6923158,700.8015987
472.4045901,616.4507577
858.773961,770.9259031
429.1926135,674.3639876
504.2205918,489.072654
779.9244239,543.2621617
335.8164674,562.3992329
252.3281151,668.9144337
498.0837826,245.5704784
574.7228891,526.296003
783.0849148,472.2971307
977.1808756,912.6891277
784.2447497,303.0838001
434.1790407,642.4750048
819.0444702,407.4162207
674.8613181,762.5906164
619.3350806,442.0326863
798.8878636,315.7850442
706.6929897,707.6959622
635.309783,630.6595763
579.1293538,780.4482946
567.3127963,581.2747549
617.6531088,529.2922224
712.4309231,476.4463562
513.3746166,282.3177193
645.7506789,605.8060532
429.2268144,459.8895915
264.5178267,851.0334128
345.3859216,613.0359927
405.4856436,730.5043121
772.1318441,667.1237892
465.2963431,481.8517615
868.5637662,738.23865
536.542132,399.3352121
934.5797366,901.7304932
638.397318,565.6652128
664.0991015,852.1773091
408.0332595,240.9217646
757.5340618,148.753261
710.2711123,263.8806756
635.2515531,413.685106
980.1518308,584.3259878
452.6916665,583.2648729
649.6070678,606.8180257
573.9749333,803.3032587
715.1272973,566.6181393
568.8773045,657.225204
897.3491896,620.5020119
810.5753176,440.0317871
722.1306644,528.3274908
421.8615738,551.2493988
550.3121863,683.3983198
531.0759483,456.3876365
716.9717197,545.9352369
706.1011776,386.3445047
463.7883271,462.3698373
561.7156963,352.25774
554.4562793,311.8307374
285.4638107,675.485235
359.7100817,987.8612601
715.0405891,472.7601384
789.2511611,676.4831043
598.8820961,549.4281239
703.8435279,410.4319132
512.1085537,382.8091614
836.9245365,542.323443
622.4054327,640.346674
360.9765641,489.5143081
513.9124233,344.178382
916.2440177,851.4985516
753.5392664,322.0001487
582.2711938,527.8352318
560.9786914,413.601468
885.3952891,839.5584495
666.079968,476.2535269
469.5098116,238.8771137
641.9367154,474.9302986
794.9255314,680.2335915
528.8213546,515.1703221
703.0209383,408.0952499
237.3118173,403.101516
449.9934197,427.9010286
560.4892873,432.1246988
707.2997526,475.2883356
529.1719926,756.5996819
792.4124309,578.273918
517.3307618,399.741681
611.863552,744.4861818
611.9352945,530.1700147
418.3124988,614.3268146
213.8767319,397.9827534
541.2934372,638.2804398
784.9926306,675.5018665
706.9026145,542.9636304
674.4864264,367.3231646
819.021355,493.3455501
629.2412109,772.0941825
425.7697359,838.3221606
405.5940888,460.6481008
785.2820426,444.8138453
477.2526406,220.0377172
929.4030697,896.9746985
605.4022161,575.5333139
761.0266745,76.83108292
809.3531031,503.1803673
697.1416322,896.4628828
300.1197781,640.9220488
822.8661488,391.9395426
825.0471424,419.3961883
523.5330666,542.4756964
755.2392,710.1191261
223.1768932,759.5689691
679.2710936,749.699301
802.2110598,459.441502
281.5030664,338.9940336
504.4160299,442.6689248
947.8268901,554.4695166
552.783221,467.0300218
945.558634,869.3514243
339.0449107,515.4213408
494.5379435,571.1769886
221.9429189,785.7469115
669.3045163,379.0288795
509.6474662,392.3901811
411.3770242,300.0674809
652.2890455,569.3648026
562.9935041,469.678693
388.5722213,322.2218533
482.5115664,609.7500175
437.2955932,516.8042419
582.0409705,484.2776833
872.286707,786.2367677
820.7539766,572.5110189
748.45527,426.9378641
563.2001927,772.3379719
414.9636258,779.9165044
877.5259183,682.9482455
714.2922887,514.0605037
213.4905297,403.2950766
689.1423189,549.9198188
680.4758855,405.5906418
476.7872055,529.8941741
705.9939459,283.5900292
566.8661021,404.9963163
499.7516127,541.9201917
436.8028633,532.5918414
734.03408,429.0254936
469.462248,423.127704
765.2002944,924.5982233
776.6834718,302.8668175
723.6104269,447.9588707
511.6985172,790.3001403
414.3760532,482.9410831
465.4745684,504.7055763
710.7829125,533.9403511
454.9492862,246.8186977
794.8786268,256.3987353
426.4200626,609.2075505
460.2491993,872.7682786
654.3482311,902.3336776
455.5102082,516.6699989
780.3124238,633.3623625
566.4836002,449.0963317
770.6444116,454.0534804
488.1814275,345.4441939
628.7127072,594.6261946
525.2375993,575.6512596
766.2156256,362.8675518
559.8274854,566.6888023
336.3980776,348.2090557
854.5681026,406.1742278
224.4568283,403.5631447
419.8239604,408.9176108
559.0050306,241.4852717
626.6762623,250.9720183
630.7258421,774.2616266
603.4403601,537.8089722
566.6113105,919.1726137
793.0320472,387.3532805
668.6676572,558.232582
441.888957,262.8907042
653.4578388,605.5644785
499.4087047,597.5450649
349.4176295,494.3525708
783.1825589,636.152109
578.1642379,329.5784932
860.1418327,573.5487954
738.3121453,171.9240565
532.1958297,497.3062713
567.205954,768.7937905
530.2271574,464.020096
580.8130334,300.5353568
755.8548165,298.845943
461.446351,451.997108
637.4995403,525.4077011
698.7655987,556.0916522
448.6557491,352.7749671
797.2457554,161.1159203
669.6909282,62.22594978
858.1458506,736.7886797
216.9042841,668.8939786
457.8163204,899.1597143
355.5084929,305.6348552
573.7210555,419.5694819
649.0752234,440.7035451
896.5761261,421.3361611
389.9273144,423.0709354
505.8008298,614.2364487
558.9728371,397.6426643
741.1334883,661.8270946
413.1790362,423.7250381
876.7601954,590.5427012
562.1097634,411.7260781
592.5515566,385.0541216
791.1558957,431.7537913
485.4435568,411.1498885
883.5818318,555.6933737
437.5233446,303.7138332
357.7113133,822.9084774
766.6971049,370.1283097
596.731738,192.0723062
713.2552055,551.7148092
919.4594428,852.173193
524.7643594,397.5258677
676.0773456,388.1795277
592.0248955,386.3621391
217.2207062,527.9546819
430.7295273,577.0699309
632.3390975,437.8209882
674.9957548,427.9807595
864.2153366,730.4417768
504.7334557,509.8578318
552.8056471,563.1079313
668.7768215,875.8805633
331.8846508,333.2705821
794.6913832,544.5022324
538.46748,638.9705844
241.2323234,654.3409965
531.4174331,478.9086751
733.1639717,349.976696
352.8422898,285.5973011
660.9656507,216.4939118
495.788037,271.2905738
520.4166339,759.9631942
392.255658,687.3454182
601.3710626,570.2499913
630.6236438,758.8839226
805.9555578,202.4762719
461.1897169,450.3836852
703.4574156,186.810379
752.2547023,926.7472182
476.515351,233.6302927
561.8610989,484.8464138
978.3044572,592.3483683
707.7600342,515.0005596
588.8991598,289.2687051
690.4445152,718.2080326
521.1600206,483.2779963
456.7662041,217.8363624
734.4792312,342.500418
433.1213741,458.4800926
328.9700979,576.3111709
838.0735853,207.7406019
429.6494347,412.2608352
649.697686,586.0003162
702.3521404,564.9585411
227.4211471,656.6666906
204.6999664,516.1338001
798.9611641,472.6963912
574.2242119,526.8406847
449.3073791,620.3274647
977.0445513,903.9108914
980.0834589,504.1925906
463.0407757,557.659213
384.7148587,349.0503465
411.8685406,401.5652542
825.9424183,312.7679727
663.0927437,418.5346305
469.0280477,661.6082107
787.9476014,330.152677
591.8624599,529.432044
787.46386,666.2665147
559.9275564,649.0525758
885.2100828,522.6007173
695.2734054,195.1500325
834.6994548,444.1599097
685.4952852,467.0723318
501.9144496,355.4289245
808.1722803,478.2435404
707.7399901,329.3721664
633.2100298,804.7329828
616.9394737,707.3472857
596.7665082,763.2951151
600.9230501,477.4097505
594.9815891,382.7518287
523.2329285,352.4338124
819.2747534,687.4319396
285.0424489,719.1178133
775.376122,635.6951814
756.4810092,549.1943427
469.303962,522.7191227
638.8379,970.2040583
701.0380793,317.962768
422.3351883,872.2636713
390.3405717,585.2414308
566.3561445,511.9328415
467.6791715,400.5429391
513.0331318,223.3630982
569.1377138,629.7975589
775.1934625,432.7362408
518.1837323,402.6470958
427.6970165,643.2156917
870.8037237,434.8386424
836.40207,540.2231308
976.863225,599.8283654
224.6611799,497.0422357
809.3869445,561.8160438
556.097953,279.8772762
756.2170495,279.3798773
602.4105426,574.5089512
859.0562421,464.7467004
829.3581352,387.9146355
603.4136046,542.6164583
177.578463,512.551571
453.8082671,338.187552
479.4312372,251.1886039
616.7755101,710.4440254
451.0225931,455.5550167
600.1293133,352.5322642
449.1506961,515.3953907
967.1122947,524.508221
492.964297,415.7245126
531.5141634,555.6656893
480.4612944,737.7645059
856.7916263,717.586754
444.2178099,631.2156243
594.7351418,213.821756
412.2487055,793.1807541
562.1477544,197.5687878
787.1094469,675.6122696
647.3140037,409.3418394
861.5417631,466.8468663
716.6018764,351.4195833
633.5321296,550.067601
616.1770616,692.3148943
553.6735982,466.3886643
435.1091467,251.3782783
567.4311886,543.838811
601.5573025,937.928999
509.5527283,551.2047068
487.8146104,212.9576909
588.9886395,354.5048105
669.2699109,367.1033613
510.6941669,922.0493621
671.8570609,416.8972425
506.8588859,407.9016266
580.4155658,639.8235339
654.4169774,548.3553085
739.5477075,355.9849097
871.8516678,690.4189866
952.166511,894.9816971
422.8044883,406.144266
503.4994365,693.6554226
455.9838077,931.6921231
551.7938214,445.524654
578.6841427,474.3519152
489.1633667,991.9939167
789.4362175,345.2687274
871.2729638,787.6682678
462.0832251,648.8344859
811.024184,498.757537
603.8064132,544.6691742
629.4231064,557.9704269
505.6314881,585.0498342
470.8837955,422.9219205
475.9581892,928.7307546
599.2134689,900.9240742
587.6915365,542.2498757
725.3850842,283.6358076
863.2211582,403.6952983
760.7896051,541.6188607
594.6462764,560.4350024
854.4913416,360.1175245
902.519265,637.5247929
415.6311503,500.0891436
611.2605193,620.1158518
587.3565983,613.378213
765.9451792,673.4496102
545.3559603,409.0023353
421.8014563,577.6217374
596.2933731,577.247842
557.5712289,364.1414287
660.3953658,479.634402
855.1782511,531.8268341
698.7579286,192.3734702
528.8729331,515.2489875
928.2721925,892.3186092
333.7988532,259.6113941
145.073784,519.0081248
800.9862686,281.3731503
818.2806049,335.2066896
709.2730538,415.8304653
567.0026511,452.0233507
783.0636572,296.6215423
809.0003079,612.541895
739.7028476,514.2286992
426.417426,551.6870622
567.2133544,456.7500403
587.6793123,764.6353509
453.948771,399.2564841
586.8792686,229.6222679
635.8825996,612.7683634
445.8823592,496.8916956
746.2323605,524.7097631
369.9691121,778.9476776
801.1827404,344.4237175
499.6932929,319.9976407
699.4905292,582.0674674
722.6976086,343.6675901
791.9061885,604.4498545
956.7699867,921.5721675
800.6791795,814.2751399
224.4264475,782.6073812
535.6019589,620.0439352
669.2857155,558.7928714
500.6267695,552.5793548
383.6046848,483.4325899
649.0834178,497.3541809
545.1899892,306.725723
458.1048934,857.6654331
720.3676171,887.6558548
626.4694689,498.939982
478.7391443,777.9851817
362.0870077,712.4000655
665.954235,480.1771405
700.2558627,230.2443822
341.9826088,319.8949056
591.9088401,834.9509384
323.5573203,315.9507324
502.4147297,540.5436424
359.1003977,574.6071314
499.5276364,553.3408519
438.5073811,634.2135779
552.9107066,443.2402253
557.7734532,320.2779316
913.4950913,416.8400978
499.9700761,211.0035521
750.195277,422.997786
544.5419546,472.9176362
698.7296151,196.6783756
858.0373305,732.1565766
429.9516551,581.9294009
780.1104391,558.5926665
467.0231821,357.5560643
640.9295637,389.2437767
655.3368516,409.1683787
412.1190177,451.1293239
204.5586086,529.7687484
755.2292529,268.2356636
461.3931696,434.2147312
715.3143911,297.4668864
494.6602908,419.120891
376.9297393,535.2128909
873.8076364,778.8460082
494.4187571,976.8284315
643.5997067,742.8044778
680.5160488,328.2020901
223.6211006,551.7531494
737.8263665,450.1033316
423.3177866,424.5273201
881.3135158,584.3209106
551.4187349,298.9292886
479.0142497,520.4005952
446.6650702,601.4681772
728.5674619,507.7760525
663.6996863,853.99148
573.3980569,902.7501129
814.1586385,726.0251937
481.5329829,509.5242824
766.863031,304.5241175
843.0427397,372.4565111
363.2650142,310.0503519
614.1890343,264.6858826
480.5819488,246.107095
701.4338542,414.374394
937.1594861,486.8891634
574.9020731,400.0588705
381.8812914,742.1048056
764.2946669,320.8838114
765.8666654,441.2134595
619.3915728,541.0560849
506.3464714,630.2459617
739.5495202,318.6702964
965.1023806,920.8585173
670.6757287,574.2075575
724.9475882,457.3936543
809.8494883,433.7783423
951.1104773,902.8734701
453.5885154,324.8702947
518.9508185,376.8982086
750.0955955,544.6405497
625.5316478,747.5624037
750.9895681,304.8973651
905.7667787,862.0859234
655.923016,402.9195933
335.4021165,299.060084
654.5115355,606.6417652
845.7920406,651.2345829
556.3452992,274.0873824
865.0207584,720.1688992
692.5336172,575.3801202
406.5971358,718.6855196
943.1263095,987.4060876
483.2537547,456.4222158
455.9341017,389.2640228
490.6134974,514.9211421
707.4343091,155.3598118
536.8666287,546.2757648
608.049978,290.6705569
600.047324,537.7214688
241.4517156,525.813188
730.1713693,506.4610773
354.2263557,527.9441514
862.2425896,576.3365987
256.4100083,664.050764
714.0891955,486.6000344
620.3413335,642.5534612
214.9124368,402.0268201
735.5815103,502.8607124
433.1837686,335.9098093
549.7869334,401.5078588
418.6321418,571.2581194
554.2625939,659.2645897
819.3196056,384.6860556
585.0643731,400.4797144
978.1550847,908.9705871
402.0962328,420.6615197
568.9945883,747.0096779
488.760536,357.2585986
271.7043178,367.9900335
716.1672867,470.0460486
529.9310491,344.6349752
476.6085758,574.0773888
752.1995434,438.0574648
845.9141932,404.7289586
549.2140269,453.0784691
511.3031169,306.8282073
418.3198244,265.8334981
696.6674184,166.2324264
450.1334143,562.8473641
963.6450892,563.2860513
709.9235453,471.7826406
821.0036447,541.3498942
385.106379,330.0787337
440.8295826,905.0979753
747.6266582,14.25938177
373.7627018,586.865802
602.3841616,778.47602
568.6693725,508.8068086
446.884043,509.1913599
784.3012419,639.9695819
794.7515457,306.497604
424.0848129,221.1398885
553.2485961,760.056736
604.8028388,571.1021678
790.1103785,521.5013875
516.0187082,371.2142465
751.2700066,272.0031167
535.9534059,306.1984459
590.4626643,250.8237765
675.2740211,145.9060148
580.8942288,461.5128762
709.5675292,545.9903966
489.7184162,376.2865203
770.8758033,367.931468
563.7899974,518.1240853
751.0938936,244.2791133
782.9825218,436.2691814
692.3921246,545.5564732
502.2583613,533.4914677
457.9699774,348.7042608
312.2749891,716.7654169
910.7535803,866.5442315
582.3165852,531.9322017
424.8696362,276.6317097
580.2728448,551.3851879
619.6413758,654.0475842
669.0197034,534.1957784
362.6447387,525.6906665
687.2880092,432.1560605
639.7601262,538.6631127
545.2364593,592.691299
512.49928,394.2576522
290.2240894,664.0472539
527.6766053,421.7759974
547.4253327,693.9068173
655.816009,482.144526
698.9854553,420.682706
785.066066,337.0806587
421.3516461,359.072477
833.4328675,383.0225502
648.7014102,64.63344326
436.2521433,572.4559219
769.1265981,288.1658652
712.3413086,407.5102013
795.4430842,440.0428399
793.392947,343.1631709
600.7000775,392.0610821
378.6095239,239.6484518
593.4540233,549.8437025
804.2989933,599.9182507
494.1258697,426.1341614
450.5896062,322.2374192
224.6896132,544.6673356
791.3970099,186.4150883
203.1802205,527.0244043
666.1140191,990.7165296
657.8915834,469.4109592
527.9430518,476.6530381
804.6641925,436.4111133
310.2454953,656.5789991
566.1267002,513.319002
582.0989608,587.1338492
623.8561327,565.2299312
548.0898011,394.2968072
620.825749,568.3776937
622.4611609,436.0208162
483.3742593,416.7686408
509.7273432,565.8039061
853.1663296,566.4462039
538.732039,397.1069252
865.0874973,521.2781995
703.7242666,226.9617499
515.4315251,495.9028525
525.1799537,557.2979375
789.6749947,346.1602469
725.4076751,596.3759289
768.4360183,371.7553554
797.5723494,256.8932091
642.7996331,465.8715834
543.1951757,600.1566286
427.8842451,827.3769817
370.8914881,448.431991
712.8089009,478.0215224
441.3922723,283.1051039
518.4586579,396.2573187
701.4907958,281.3780395
482.2440263,617.3004268
587.7852108,983.6022375
410.4081481,436.0256845
449.6206103,626.3526441
537.8784394,617.4168891
782.3658418,134.8371234
274.0403015,346.0117334
653.0529558,603.1076129
443.5002349,636.2544261
433.5103327,884.9917431
544.0960993,455.646887
603.3183274,575.8038056
479.9885038,764.5326785
577.4765344,748.8893928
815.6255775,452.3169093
744.7882521,617.0185479
517.3968267,536.0395141
719.3251559,421.21061
652.7023777,847.6394999
954.7372421,503.278255
932.1814482,871.2826843
700.0619676,264.7279837
583.2153966,334.3509194
738.8959877,435.9366767
913.6579164,857.2507321
758.0890813,691.7462891
218.999678,666.6435232
838.2993443,370.5443271
586.881291,837.0653748
574.9956125,412.4427788
470.3839498,231.5672552
652.7313953,264.9817186
677.5032974,329.0015305
516.8808019,485.1257646
971.5791316,902.1266823
743.2297961,476.207435
274.2163096,595.2057481
684.849977,570.4197956
505.8092789,306.2928861
611.5861696,853.5378328
807.9019838,740.4159768
683.379952,422.734837
569.6797601,491.3711025
881.9316939,616.604808
792.5723947,714.3705433
457.7124443,831.5610372
558.9658411,174.7402336
600.0817346,394.7745659
475.4391832,338.0639858
788.6633788,798.8629819
671.261204,388.9900418
293.738529,664.5578786
521.6681057,558.9230191
747.8940784,964.331383
457.2963557,903.5711784
485.5391636,336.804839
333.2782144,320.5411314
485.7099435,612.9240853
699.4242697,566.8129744
433.9479036,431.0575665
845.5220886,718.1832942
780.9930564,668.1560706
483.6982766,362.8808193
398.3500269,437.7889998
554.0310974,565.9818172
931.4219423,493.2905366
576.041774,868.0927999
620.0951558,700.2150248
645.1605147,504.963093
847.2321342,399.7366665
509.1357109,344.5536772
596.4293528,995.0938323
265.5210235,712.3837892
579.0708393,588.8765214
616.121603,553.2206914
540.1441037,536.9797163
280.7129699,633.2102344
481.176847,450.1998193
280.9640613,389.6758196
462.7607267,669.5200627
548.8124096,353.025171
666.7296055,526.7037673
693.8063166,363.5854852
585.39651,461.8900519
577.9357075,255.7240103
697.7868654,494.562554
541.0380014,459.2842341
388.1554585,386.0723833
265.2491989,419.8870266
403.5835755,418.4840674
644.0240197,535.4551759
566.311502,508.7788735
632.9754472,196.3326452
682.0030469,429.5813535
425.2192854,557.0713438
432.4062409,494.1810741
695.6806555,511.3046471
475.8332353,497.109702
296.8632011,413.3192548
337.1734781,316.7056062
551.0519627,748.8924642
801.8964953,802.0366737
578.3736979,992.8758669
562.2424923,386.8900431
557.7153731,307.3909831
517.4015456,395.6418486
474.779164,679.2578071
492.6052099,244.8040921
475.9991464,612.8197623
619.4129503,634.0295449
827.5637183,388.9167044
705.4338329,434.5674193
573.1503512,573.7186833
744.5660285,267.4167711
705.104018,561.8075401
607.1028839,191.3420872
570.5523702,638.736239
281.2849476,309.3779879
500.2659297,442.851934
872.5761189,787.8390332
605.5260315,266.9302579
784.1639588,576.2468178
964.476817,563.3178518
715.1799694,541.1303208
516.8127896,429.6225353
721.1516914,421.1973424
492.2701519,244.193156
683.8892954,559.8558876
717.0061453,543.4172567
856.1578383,569.7318866
702.7608885,395.8653292
604.6964459,847.1072292
386.6601461,585.4822324
480.3422278,844.6382869
749.6815592,544.6524592
325.4254272,539.3545736
807.1624321,168.4854725
443.3166616,625.2851357
958.4697256,463.7651493
470.2401951,395.7788496
547.3693648,254.372659
790.4957267,328.1924581
540.1069217,543.2225261
615.5141361,557.3974549
744.6662344,309.095712
194.4361872,370.8650059
712.9958599,329.0476223
625.0149489,571.5913554
588.4378445,528.7515732
857.626575,469.0625334
654.9053779,320.333175
517.56882,371.766847
811.0748187,676.7477875
387.3368987,598.1295494
624.2312042,443.9880578
646.3607375,491.535934
390.3087827,549.1603902
791.7139713,442.6815029
666.4495266,655.4018189
435.0744065,281.9686249
779.6869351,414.8965731
485.0075888,396.8240016
610.1965009,553.4242602
770.4947245,348.0026245
777.1524123,643.8005941
518.0271092,413.8442545
421.7384475,547.0975407
830.5858176,610.3419819
459.6504511,751.3167145
450.6226686,235.2057514
497.4247372,277.0248901
514.2822816,547.9684589
873.5423284,437.6820024
360.8210047,618.7811737
667.0331143,847.2227512
813.9949744,200.1388563
562.1337624,366.6530571
771.7909736,707.1891401
578.6766224,360.8814245
487.0711338,263.0997472
475.6974203,977.8698226
640.3702747,570.8059139
406.8327521,354.5365274
954.142299,599.373193
747.6820418,573.8148368
799.7856713,321.0876726
557.7523903,681.2430986
706.7297374,719.983529
517.442383,473.182215
714.7620082,270.5068456
718.0736542,480.9500457
462.9337237,427.6487145
631.9879352,919.526848
468.9943112,321.0851027
566.1900236,437.1865884
846.4619021,462.6326401
670.525802,395.6504569
914.6363801,515.0286619
785.9840676,299.9055744
484.5681004,298.1586608
637.5020421,451.093094
534.2293084,614.6746344
644.230933,534.9537863
827.4827776,881.5397035
454.158995,771.7823628
603.2471092,566.2130076
766.4613538,370.3083311
560.0284963,644.8559214
912.7866845,860.9859668
218.9707802,535.6680633
478.0431865,733.6948025
350.0572599,780.8762424
648.0789776,257.4687301
820.2115558,412.7159867
524.2826254,493.3829292
548.4443791,355.8068524
493.2763298,407.9625948
680.5903979,433.5977359
876.1805326,677.5845861
632.3812082,465.4129425
297.3336247,321.8575273
678.645575,533.9617464
740.513932,873.8446251
605.8575542,507.2683738
400.1577916,661.8090841
859.8182048,717.5910373
723.412487,340.0223869
299.496117,667.5384276
778.3181196,446.6043017
502.6267664,337.6366648
740.9954563,735.3723276
736.5543862,661.9436405
264.1122395,725.1034407
568.3869716,568.0823592
474.2984188,715.1934683
397.7323731,927.2296362
485.2311157,939.0544043
910.685598,860.4758018
278.0433513,676.1148293
519.9741643,430.3248611
397.0213447,662.662159
718.9896035,208.0780793
767.4926244,356.4072579
534.0008229,474.701511
535.782656,345.473696
457.2538405,498.0484625
451.5534787,435.4623237
512.8300836,525.0432915
570.1388133,449.6064968
509.2965286,336.3591941
439.7421044,521.6098684
480.2076413,342.1189382
695.2344407,553.5307143
144.5466885,526.4351142
647.4498186,530.6894148
975.5513212,598.3481408
768.9672485,769.9353049
452.5201376,532.3871861
557.4631582,399.5933347
584.3952307,288.9158081
499.4010496,540.7743732
528.478192,411.7692866
563.5663807,384.4117194
759.894509,321.6640085
501.8953642,583.9668435
572.7600893,956.7032067
455.3873515,478.1007101
579.6387122,185.3438399
496.1072006,677.9713103
389.1008898,370.7686226
878.3331677,739.8965558
897.7923483,536.4147885
728.2956073,320.4270719
957.917133,874.7174029
260.6555355,718.0596862
786.8883169,610.2027871
416.1408832,549.1275868
574.0269163,519.4082838
295.7949731,639.341095
513.7933269,414.2757333
479.6679171,598.948818
807.0114717,740.223837
240.2153444,745.6339225
603.1304696,341.6453374
539.9254156,440.0800727
297.5747688,848.0810496
494.3019377,260.5669951
561.3168655,865.8763388
933.9257846,852.1359811
658.7588604,912.8997586
774.7593671,455.0205103
328.5628478,421.5035417
560.3992234,457.3541023
749.8715743,553.1702537
501.86374,278.3785815
492.6841132,591.5701143
647.8357511,901.6465208
619.1900376,722.102959
956.9504591,906.1508789
467.2316384,321.2901967
638.0059175,468.0255509
556.8991652,367.6862369
564.7265152,410.3833768
685.6770459,198.6571274
702.099551,366.9272262
908.4752273,440.18847
662.9663067,478.0045775
822.8691899,204.261275
752.6317662,359.7950071
667.3167137,382.562614
766.8162763,289.9689206
481.7858419,687.399387
675.5780243,427.8245153
596.8666841,324.1854361
669.8736027,361.3039607
492.6664959,576.2362664
717.8937212,653.2113707
506.9096405,808.1908518
706.8226925,554.6835323
486.2830746,567.5750984
551.9911021,312.6416485
538.0350325,508.0080578
330.1319701,551.3465134
943.6519668,888.4957456
193.4934225,371.1603822
445.2691097,386.2732358
403.6644712,292.5956114
608.2245629,560.0585997
828.1841435,561.0808312
775.8973152,766.6837209
780.2854136,314.6735124
601.9165095,496.9116701
553.4939348,309.0382957
712.2174483,198.2554641
694.0873244,500.6969456
350.9815684,534.8767089
421.1345759,398.0323345
631.3972166,713.6399273
511.0064394,187.4570018
477.4311055,202.3273196
445.1032735,349.8283915
429.9071025,905.4052611
686.6343868,411.275356
831.1146659,464.7041397
800.2942657,345.9643253
774.0181376,921.0636322
603.8957131,769.5541594
837.9854389,348.6467609
665.8173115,429.850132
382.9789864,930.0797031
587.5557965,265.7369894
481.6033322,845.1747991
766.1208877,362.6073398
796.4623853,581.9161751
789.6124803,334.3981395
512.1576753,358.7631436
510.1174853,617.1396905
586.0107482,366.0322382
418.738999,275.8190644
514.7713561,503.6268688
482.1388319,429.4696759
573.4357034,393.1682052
785.2831811,869.2365917
678.3374971,622.7590279
508.0268253,212.5251256
780.1325656,424.3961067
671.0271157,433.4992214
737.333337,438.1671784
593.0431928,303.9775344
521.722201,738.5520368
637.419888,559.012215
672.2162828,499.091943
821.5553685,502.4951745
611.4238238,530.6620648
781.5440911,307.9699307
662.1268189,668.2328764
620.7401794,462.6614945
615.3425623,532.9413327
543.3482334,638.9710441
601.3532506,587.804876
537.4907841,505.4636469
241.1228446,719.6714376
621.1129588,768.4292138
520.4314648,544.044887
982.9019407,916.3616391
474.6570714,374.7799277
702.3800644,541.2220238
463.0256003,544.207274
379.7689543,579.6828945
482.0064026,680.1953767
744.5462241,315.8199996
437.8601704,422.5766288
781.3047146,103.389732
348.0130251,572.0819429
472.3476634,889.6642967
674.8647637,405.5932953
291.1107065,666.3809503
796.3887102,331.1609304
479.1700039,666.5509217
472.302212,436.2583166
922.6395884,722.331663
595.7352376,345.2164301
785.1753051,394.6341593
797.1446058,38.74872519
798.1772247,340.6617386
600.5845315,807.6906322
846.6263002,398.2417744
605.0254818,828.2101238
212.1028535,378.5595619
918.8833155,598.2958018
454.513543,250.7872749
267.8348358,728.0661046
483.3974494,442.822996
823.6220444,384.1427321
392.9048162,333.7733508
482.7910461,749.006858
654.1293182,476.6866563
471.960143,669.6835988
786.2608957,500.1039782
202.7948273,505.2841896
522.2345705,589.3328012
778.8548776,303.8533832
732.9135245,345.9595824
796.1567492,575.3755444
235.9882135,783.4554206
596.3255367,549.9815183
488.4523982,713.6759901
881.3983964,537.5227056
693.5214438,136.6912015
643.3374248,622.920203
543.6389786,569.6048311
825.055981,382.9644445
959.3943637,457.5321597
419.3893557,375.263474
607.0519195,569.5199812
479.290943,265.6980224
508.3765495,619.5326001
611.6217487,283.6816278
416.4938282,249.9257172
501.0083277,811.8242917
429.2647755,570.1955629
501.6517183,849.0174073
650.4866889,534.2839922
484.6646359,426.6261488
720.4352549,526.8266231
504.4089291,543.3538857
626.4195982,562.9654979
588.1548593,512.3152825
837.0576549,218.8789026
584.4223308,867.5478674
695.9213502,388.7863268
440.5275719,425.0875259
663.5157235,570.3615227
622.0756029,470.0925583
898.3846248,624.6369459
769.8832128,299.1251684
798.594332,340.5837628
572.268483,802.5668759
617.9218324,558.2190637
695.2811355,576.8737377
428.8994415,521.9022987
175.5847731,554.8951661
728.5761207,434.5700937
441.8721037,566.0012694
502.6342717,543.3941273
698.6432664,511.8199938
462.8763776,412.8453614
233.4583047,654.6706387
574.1382527,989.4974363
355.2403086,619.7292112
495.043362,631.6906668
507.8968079,668.1370363
441.4861712,935.6244913
651.3607372,197.6896796
546.6029228,449.8465462
536.4902988,467.5961615
737.0387418,319.9824299
763.0134135,478.6865944
700.8354356,275.4705968
449.2177197,541.7882262
340.6704502,325.5644091
702.2766977,502.7090648
335.6168048,299.2826871
230.9503726,765.141567
398.5692993,286.4089643
562.923065,477.0500839
971.8009207,602.6972995
715.2683554,395.9021233
677.3584342,403.6517137
711.0710361,460.7240081
649.8788924,496.5753418
956.5580999,874.244408
628.6803339,747.7779446
403.306208,813.3454264
765.4414835,869.0824787
338.3862098,552.1476461
782.9889335,441.4132882
581.1211263,457.2415054
632.4764554,585.0972633
331.1788057,613.6593397
457.5813184,220.8099537
550.3055199,455.2274639
698.0430651,553.5253655
662.2600871,890.0305449
771.8968571,993.9117838
596.8874623,563.2752701
680.9600314,428.837846
450.9689172,247.0453541
969.0327891,549.2555825
746.330544,289.9195067
689.3935151,564.4986884
780.2001285,688.6664107
734.1625394,403.8194286
444.354269,626.0054929
812.4545701,508.4033484
480.3210002,275.3821323
484.9635157,513.7273304
382.8533733,327.1009635
327.7988177,578.0696597
459.4967193,533.9754737
423.2485459,567.6014455
457.4288749,559.6254494
671.3660089,405.4255386
534.7716692,351.3745153
656.3313896,574.2911538
885.8410245,557.1890388
500.5999092,446.6440627
294.9777166,631.6623138
620.2146118,594.064359
610.4853286,590.3717268
472.4939349,663.885243
939.5386292,488.3212904
869.2017488,803.9041239
588.0040337,898.7692918
510.1409001,407.0316486
692.4649008,195.8787263
638.4258862,568.0712437
482.2662876,488.431192
402.210131,432.2320305
542.8271751,439.1455746
492.2938213,623.073522
693.5626857,468.2282839
924.4344247,462.7804641
542.4966411,471.8209809
937.8258122,866.805906
221.5407474,709.1845861
227.571718,784.5276301
544.5256406,451.0910046
808.5156377,438.600078
428.8234294,564.503494
521.5820866,596.3918082
457.2926555,917.9562366
664.2363995,526.7887217
620.4255399,919.1455144
769.8905084,516.3283009
719.0353845,464.4910642
748.1664274,442.9747063
411.4703389,811.3623078
643.9534457,623.0407396
490.4891427,539.5249838
648.4152192,600.4853933
805.2157066,675.787966
577.0235184,307.6355664
664.6605926,485.6837138
734.442948,553.5173004
513.1841971,533.1927066
553.0092945,549.3608457
595.8883552,971.199274
475.7233969,462.4730321
799.6282692,814.2379907
694.6224496,485.9580083
544.1274539,677.4477105
400.1175535,274.2802326
445.0987493,724.2234337
572.328241,463.3649486
667.0695773,379.5314183
758.5956533,274.0743655
321.6889139,308.7322009
472.1679851,528.9240101
556.2986943,469.6696459
785.1175845,460.1009118
523.2264868,801.4135147
275.0271544,715.7060571
463.9258198,907.6440368
718.8405456,478.6469379
584.4221061,655.8769031
442.1077649,482.6960818
397.9187479,925.0088292
491.3760744,610.8826102
443.033961,519.791268
830.7921466,741.0614505
286.8931332,672.3079705
658.6679726,475.4755027
646.2420455,309.2015602
402.1888884,444.5983671
780.9835586,191.5763281
388.0627131,592.6119651
759.8460315,496.8086843
565.0029538,192.1899386
716.0272921,540.944073
732.9779714,525.5140299
582.5505836,395.2478325
424.6627529,570.7735493
823.9414327,376.5731421
587.3236558,943.1674416
585.6495039,458.805953
960.9891929,569.8382781
481.2824009,676.767971
467.5987252,264.9161119
386.3643973,991.4906466
707.5207477,542.8040223
562.2149877,187.7401343
926.0689377,854.3853708
632.4935484,451.2754973
725.50863,513.1946627
557.3455448,695.674792
814.824575,837.2122377
636.8748456,481.7682488
696.8244011,386.6715979
694.8429204,517.4859454
460.0085495,347.4955309
550.9546481,285.8244172
313.8225991,478.6218235
504.5589756,509.5941306
777.9475123,533.7374719
384.8454154,484.4844697
885.038509,551.5520461
687.1851069,562.722983
742.0577669,513.9419729
613.1757405,287.051074
594.5667139,577.7999201
388.0081084,610.7739413
790.4236696,637.9415834
696.0392931,426.706799
498.6168405,384.0938405
352.7802099,279.0869874
555.2127891,469.6395797
560.8590107,204.5945736
555.9733586,395.4739248
830.5066746,446.1401658
777.1710333,652.6569942
442.3322356,632.6157418
710.7225254,191.4327665
604.1738895,569.166917
356.0985373,471.1140167
189.7641148,755.7478816
442.2565831,540.2288139
564.2301001,448.8939957
405.9078144,450.9662474
234.2564758,782.4558172
832.2921929,391.5093592
703.9484227,231.4176134
738.0824763,573.8730888
501.8215694,438.712278
810.9007132,261.5572589
349.0597109,969.151489
523.9545633,330.0771457
717.464839,475.5208632
699.2963196,473.9966153
341.5210687,512.9055336
544.6418308,548.3291285
559.1664925,560.3397473
718.4792114,620.1656209
533.9637307,370.9677409
416.4375008,595.0583629
554.6993409,202.6295909
487.3841703,509.2480031
884.7447077,691.8965577
225.5644555,395.361683
779.852187,438.9703588
915.942801,858.1040368
585.721546,505.371108
632.6298277,566.5045604
644.5763877,476.2251321
622.5041405,472.0469478
636.8301432,552.9790123
969.8573711,910.293481
491.3199417,441.0121055
476.1400548,269.5070542
734.8433818,442.9980865
505.7182562,444.9298898
796.4551346,365.1536102
568.6815368,509.0354709
570.2106457,408.6943182
575.0265776,519.273414
534.305635,361.6347312
899.7843605,513.1796191
743.8686475,623.2086843
509.1616275,551.0988795
712.91817,566.5390143
654.1041357,309.0827996
531.4579708,474.9713551
615.522795,596.8678118
477.7755115,216.7026831
565.4332142,471.9707688
441.9974921,535.7591187
537.0335734,316.1912206
506.7182921,501.3598865
453.2692769,439.0938414
521.7206579,348.4988743
190.1203406,380.6488003
519.6944748,237.2572347
541.4051931,176.0532656
902.7158566,432.2260131
659.5901239,491.0510296
275.1494118,797.5741659
685.0874659,423.5687522
692.3325464,554.6183853
607.3858541,87.18686731
570.5012261,360.3512431
503.0857897,746.288276
921.3400286,648.2789812
859.4357628,604.351737
354.7685068,272.0455939
208.088733,677.7122684
705.5521953,828.3903541
627.7096602,686.7581339
648.8294052,363.0813794
458.9814585,389.1415431
807.9574123,684.4032303
459.4102058,503.2509258
550.44123,775.9472586
836.9572244,736.80949
673.6242578,371.0441915
463.4143491,425.5159333
657.3300323,490.8778823
920.8478531,510.9972777
443.1946738,631.2827562
545.7350017,179.8341743
478.9702065,794.4494284
874.9982716,435.5662915
564.0963375,513.9108829
513.5531714,566.7484751
340.13146,430.4914268
666.7102205,550.2410199
667.2623338,550.9959564
408.2075898,247.5590502
203.6852045,362.7257452
702.2960228,468.4026431
338.1770045,299.3935916
422.7626472,387.0814934
393.4449749,314.4161002
149.2863837,509.1120259
200.1344367,509.761929
569.7764005,510.4686007
213.1232931,514.7531974
310.207684,413.1172949
722.0824266,520.5638388
836.9748267,519.3451634
641.2269903,565.8797926
751.7980759,383.6913832
810.3354768,250.8778289
463.7698409,672.2904614
619.6963999,591.17731
821.0194044,497.3473695
495.6867676,655.6712659
792.4057945,556.7167125
552.1002813,415.6779611
483.1853229,344.9291606
329.6882271,689.0044105
768.8532455,481.5190687
501.8570137,948.1279333
608.3661904,667.58243
740.0150301,782.6759757
576.5376048,459.0647024
659.9804906,635.0805053
641.7088891,473.0401786
460.8519173,439.9246643
730.4416359,162.6065918
568.566605,389.983586
756.0520822,662.409427
437.9618144,478.8246818
724.8211811,504.5842667
456.9822107,767.3986666
835.8105425,520.9886734
527.0281512,636.5514948
455.3268595,858.6664991
492.5983937,663.093596
689.4142184,434.3261163
684.575351,614.4435276
591.0023437,735.5316432
970.312065,505.4783353
780.6763197,687.3544234
443.4254364,519.896761
439.4627595,519.4324579
542.2701781,442.6547379
684.677789,423.2955233
784.7953949,525.7197507
260.5232859,786.2076208
611.652579,642.02305
657.471465,410.5636698
506.757916,420.1954197
904.0125101,430.6489246
682.0624154,334.5055339
673.029899,331.8832307
837.2987991,543.7739565
417.9723922,813.2599288
509.6983256,726.368396
602.4453278,584.1154405
715.2422441,500.5817787
567.7156869,651.7176905
753.699395,355.2596007
196.3301807,773.3603496
649.1300976,505.2369695
574.2371253,451.4603033
825.2231055,504.8780759
579.8984025,701.0274612
397.4513953,369.1064544
844.7471526,920.6472805
494.5416587,362.4407323
676.4468742,545.3852273
612.6213951,528.0102387
612.9159304,263.0040951
601.2923391,658.387863
662.4294288,372.5809966
784.6391163,332.4852033
492.211113,984.6499803
832.9241833,422.2626987
621.399839,548.7647025
602.9134144,937.4014503
772.7997881,129.4839736
239.5186225,522.5485662
940.5456461,866.7782844
521.649994,396.6973222
473.8860453,428.1251778
513.3005671,535.1928537
659.36041,529.2508944
537.4409134,508.3026401
528.0881847,364.2924494
541.7764745,460.1836515
745.2923073,324.5357633
425.3258581,481.8212982
723.9090819,548.4929153
606.3942973,692.1140626
392.7632937,843.7756426
550.1860339,698.2749685
496.7164053,218.0380298
431.0860677,918.2859206
259.5176473,724.7384252
799.7464219,352.5569816
720.6102593,459.4973931
707.6864041,530.0868781
570.1949759,523.0754255
516.302023,490.7332551
211.9584397,799.9602014
755.2177926,150.0797487
445.1845887,363.4938866
467.1427579,643.6078274
576.9217846,857.0731553
526.3550389,676.5148211
861.1501978,524.364346
760.7126194,268.7931532
572.4964891,209.7489811
397.1659833,916.0516998
445.7789775,351.0860966
365.0387427,305.0152691
418.5455834,225.7714901
910.8561681,855.4356627
658.7821704,548.4012123
515.817937,735.378345
241.7647221,743.8251422
666.5736266,476.6445552
482.0507904,393.9671441
488.4544506,751.6979228
538.924391,503.1790928
823.7564961,501.3548719
465.5290232,229.0684765
561.9609152,397.4512558
624.3631091,910.1105554
602.8386308,675.2129882
790.0414074,200.5711709
773.9895844,296.5885718
565.9561301,454.9567005
489.3488277,391.1868626
746.3622431,526.4884353
588.913002,606.5125368
928.8549413,865.5704529
613.9121762,599.1037459
464.4592971,621.0819833
694.8438791,577.7197505
627.8506734,731.2180459
290.3327144,667.7533626
505.8016987,214.0472633
616.1605978,731.2710327
483.8371027,595.1430248
271.2804691,664.2303048
201.1987847,511.9456285
693.8617901,557.6986397
597.3406581,546.4877329
637.164662,449.3584868
343.9440603,562.3210481
616.6991685,632.1147701
435.7951124,552.2048535
668.1516924,149.2887285
449.4820539,714.4334547
836.094846,559.8728325
754.7075354,549.5023807
700.1383542,622.1980699
440.6419345,577.586991
420.9704176,361.0604221
490.4068238,707.2493562
714.5044452,228.2502734
564.6070592,390.5413472
719.2301035,479.6855292
367.2200958,601.6490343
516.8288788,614.842224
750.0761656,441.0624596
472.3081594,665.6079615
747.2451749,290.5126203
714.2273773,201.1767164
575.1345884,507.3308464
418.1172255,418.9227755
656.9227673,471.3395866
571.0944914,505.9224967
596.3645464,325.7950981
514.0660054,579.0513362
427.8237231,569.8030093
482.7428832,418.3650561
583.8999991,410.8670276
733.2675631,914.2367349
295.7589445,665.8347015
736.9707295,427.9545586
617.8480375,767.4299029
573.2902559,503.062338
793.9350382,438.7285543
772.7167052,350.3643187
476.3324218,773.3604541
534.0091222,474.2793509
713.4941625,524.1874587
470.1699657,795.9123111
506.4658076,992.2114634
695.343575,330.1962824
670.1540112,382.6989255
496.3840737,674.1675228
507.7455928,649.4118037
727.086456,518.1001618
871.9684872,833.1945808
699.2423741,66.54997314
839.1975115,621.8215836
459.7807681,487.8166831
231.8294095,643.3792696
623.213536,474.6572996
892.8729148,678.1122602
951.9365724,902.1115133
813.1164769,120.1255361
612.5905199,654.7013318
552.2503729,468.7623306
496.6014884,445.5501863
536.6890625,303.660533
411.1112667,604.5878792
608.8140081,590.5423042
94.76211453,615.0172726
719.5310355,486.9728642
482.259741,400.5543472
547.941777,455.7946274
923.6402684,594.0997323
754.6258157,627.1223525
471.5389759,411.6254324
723.4782822,221.6608347
549.0593663,721.90967
735.3776081,404.586588
792.9174599,720.6076908
814.546084,636.4652659
440.8594691,227.8205079
616.5129885,662.3344599
499.1918143,431.2785189
457.4532035,548.483534
619.337103,733.4985048
445.1957343,425.9229872
587.8741811,384.1026785
573.7650538,373.4839033
575.9383173,211.7503609
477.8462054,689.8989597
647.3046558,572.2133025
580.8321638,526.9560605
758.3263455,260.7211081
514.9034858,503.8422844
651.6097462,510.7950253
475.8856377,493.8666635
718.8855476,207.6344403
706.1982225,159.5304952
569.7159085,489.8885169
465.5973351,407.7372965
551.0022867,468.7323271
474.7826545,607.1107903
699.6678856,941.5639433
886.2659517,530.693719
442.2994878,905.07915
573.9237742,525.5580323
653.6494568,940.6157387
590.0685674,399.2944064
682.487852,380.4796855
751.3113234,909.4353916
606.5723428,181.6609442
681.8563261,346.5668621
702.1305011,205.5155535
730.7460435,502.2465377
490.5303396,318.5902103
480.4563807,246.6694111
343.6713818,352.6620777
400.5511096,473.6107269
557.5779103,500.7235435
641.4953544,666.89473
782.4737926,613.0446637
653.1796924,885.1721614
585.6473466,808.3773084
478.6445263,410.3987965
473.2680021,494.7920311
504.6291602,497.4268497
718.7016896,188.892806
779.1459974,401.6130802
618.619588,714.999657
812.4099576,560.3295093
369.5112123,338.7455639
513.3016007,673.4080733
661.0310864,517.5907907
576.9340088,647.8227013
551.9041392,798.7553995
813.9354112,448.2523457
696.7588905,542.3794803
590.3249618,742.864861
899.9246996,850.7262732
459.6180029,579.1685089
646.2942083,482.6153271
254.9673979,422.6979384
226.4909811,695.9499639
767.1009244,666.9732282
669.8065192,407.1149315
713.8100753,835.3301826
715.1752654,801.9455974
431.2079806,635.2413671
191.5980208,380.0399745
771.1280032,620.3713208
820.0183948,448.5370243
479.555487,689.5295564
549.7955173,384.1574413
707.585689,429.2810463
523.9887792,395.255605
642.3733426,597.6292671
601.4554189,348.1432401
573.9649262,982.8619476
677.6580629,547.9510752
649.0312251,533.4255685
657.409385,610.0549005
649.0357193,487.2388637
602.774843,586.2315902
642.7045057,622.9003121
825.294908,498.6866441
630.8919629,534.6767547
658.409286,464.5738457
492.1775412,214.3707
640.9443047,472.0744859
711.7049589,548.4103011
795.6620869,545.3344552
540.1313552,425.0360435
598.4579928,905.5827544
745.3012658,580.8649221
670.7762191,393.0180203
350.8721045,655.2260389
804.3197415,435.8806394
476.9612811,374.4295379
198.3416977,718.7246747
930.0256821,525.3668954
439.4433296,439.2471813
841.8635048,367.0878998
675.8309882,850.2920573
542.9104677,504.1612081
843.0057074,745.2351635
505.6854485,503.1331054
648.3926732,471.8888859
759.4617918,312.0060159
387.3454227,346.8618832
740.227681,538.2506263
415.5604564,810.1437369
668.8724433,892.1963593
466.124131,743.9336649
720.9345912,493.8297441
689.7286331,567.1646597
608.1080581,288.9896469
693.4722922,396.6497051
427.5688417,356.6279178
465.8855636,237.6906357
578.5919666,859.2445274
335.1297077,373.1358327
387.0053011,439.8258991
261.3857841,465.1703441
486.6176983,403.6481617
381.96379,892.8610134
625.7414973,937.2344248
559.1271981,713.6273283
521.6241374,409.630467
612.9076011,547.5782454
727.7215623,207.8184733
410.7533481,892.5682489
431.1422153,581.9810505
333.1477176,261.0441687
672.8194503,369.9321374
755.93354,527.7339593
645.9821306,628.4956424
764.3951124,488.496736
714.3234485,541.3736505
745.5900785,307.303417
729.3451244,404.5648584
532.5187084,700.675379
781.3366834,412.990114
496.4709018,662.6945235
462.841158,736.7399135
551.2541271,689.1010654
483.7727157,578.7953657
586.9116569,237.2943212
687.0565426,548.2335809
929.0054523,878.9438311
491.3586668,584.5303296
792.1214161,485.4149145
539.9294305,755.1520517
557.9032459,549.1213814
816.4782633,194.3589288
623.7693645,222.1176578
259.3962887,424.1889442
738.9093504,674.7042022
400.6903251,406.1103971
566.0428983,372.9722966
945.1819446,469.0253215
502.2540169,619.1423239
611.2824061,530.5175629
411.84956,423.5791573
205.8651494,676.7232581
582.6258616,476.6579273
432.2823356,895.7354844
780.7221756,598.1252871
268.4893271,705.7093126
843.9984477,958.9628136
501.7496321,659.9484035
483.8025872,524.5128594
748.4412481,348.5859389
602.6599411,537.2166525
821.7184633,641.8108104
712.4763895,197.1054041
464.0165429,511.3037278
799.2051097,323.0845185
269.8317317,407.4480839
744.5144201,581.842378
693.6542776,88.6293576
268.5916602,719.4816379
433.0149962,410.7492698
277.6920242,390.7427848
594.3625421,539.8551902
546.8397975,556.261164
919.6058791,851.5521025
394.4428236,439.12817
910.1995645,644.4117182
923.9653643,597.7025419
807.8827935,246.0340293
401.1856766,330.0761219
843.3041976,144.0816058
623.6573389,864.8579936
821.4543537,471.661519
532.8241197,394.9706338
900.5493793,513.0079135
695.1368714,479.7746206
572.5653104,794.9557072
782.2628345,680.3788247
438.3456196,525.3383335
658.592365,491.9273385
548.2212717,406.0853245
696.9719459,564.8808786
390.4593836,484.7753956
491.7455132,293.860316
262.6541541,519.7127071
483.1570843,407.6018417
431.8309076,357.7568124
699.8818248,232.4480771
243.6104029,692.228728
523.6395643,562.7992456
472.5579773,729.4414212
430.5961692,357.644696
486.1321292,239.5576263
748.6565206,569.1774684
535.8839554,741.1058499
722.7662651,362.0822356
555.3485141,685.3745225
621.7886778,700.7742904
466.3719266,445.0844833
437.3070684,592.6683784
573.0320487,355.2681672
620.7391157,592.3667549
485.949979,267.6527044
672.2078037,551.4491021
356.9372611,412.2730581
442.397881,528.8758916
553.5254242,202.2201342
490.6447022,277.2184925
381.4314662,620.131167
559.6114938,306.3940959
589.5279293,478.1059753
692.4698744,552.7703454
391.8421011,429.0704572
513.8685599,563.9692383
457.1024606,366.3303308
241.4232673,748.1715011
476.0912027,594.0044564
455.2477016,462.0068276
778.807284,598.7110252
409.8102089,988.2957685
485.7594846,811.3321371
445.9916433,777.0499313
693.0911985,430.4115705
641.2214924,624.7797136
674.2210435,425.9943397
956.5080494,866.683489
430.1563512,545.6277213
169.4008945,710.8947683
559.3044796,377.0605329
600.1982395,757.2578799
734.0901677,342.5462173
583.6717833,267.3699271
711.9518557,277.8327506
779.7994101,536.5649944
751.785582,912.2169895
570.5600104,652.2825765
770.7158245,234.7471942
974.6842988,915.6293725
499.2132816,339.0651144
451.0121665,405.1909425
646.1759807,476.8863597
825.4056153,403.7260958
226.0488111,542.360237
883.8668094,554.9708645
806.0923016,336.8502413
619.8723181,388.2135429
441.78192,487.7722836
540.547279,361.4449106
490.2386506,572.7128535
459.4970488,365.2217241
544.3414381,346.1965186
572.1872427,574.7627697
651.8772863,541.7797433
627.984391,687.689895
277.7423742,563.1112743
688.8470645,536.1927078
208.8611673,491.3610525
629.0243504,743.6744767
877.6408501,435.6789302
934.6650067,878.1260877
667.1596562,850.684005
443.9218365,640.693303
546.659445,448.2397049
660.9567522,302.4412099
656.1647145,587.8278592
597.7771504,186.8191335
380.1928928,938.7646902
754.4450438,312.8760566
562.2215792,391.808183
615.1982234,597.1150696
411.696742,568.5669711
810.8095107,437.9704628
835.5812032,569.0162724
408.8277004,490.0280251
568.7195429,484.0922922
750.559098,132.8136797
420.7675641,360.8766189
489.0447796,314.7101602
717.8268024,910.0968073
452.9119126,622.7483093
704.8996365,206.6264375
763.5744702,569.3439714
881.0659899,537.9325175
432.548168,903.2980749
463.0879349,645.7443277
678.332164,553.1665763
476.744915,428.1755946
684.9430371,438.1369868
576.6022914,186.2367802
784.1949239,183.7770312
597.4475303,572.6620188
571.7219126,349.007932
853.8756652,670.3809101
511.4332392,715.6371701
627.0484725,445.9567805
910.3719623,862.6098784
446.9427822,600.9097473
949.1729798,558.2341699
791.6182897,483.5082256
395.5269461,405.0097719
788.4865167,258.9409523
464.202633,230.1085931
467.7393639,383.2794192
901.2087244,864.6249854
483.9173093,389.7605651
686.3303986,820.7773468
680.9691247,530.9411021
541.6282855,905.4609641
812.3750376,409.4321844
806.9968805,537.3505194
516.8197106,201.3636327
436.4132156,447.4398258
943.2566414,664.748723
442.1368424,493.8177928
794.7720692,535.4205548
631.5783182,465.8651272
772.2882276,666.3950536
226.3564546,465.7353555
331.7248518,661.7115098
798.0332303,444.9615439
709.8359382,546.1223831
759.5131156,348.8952096
627.6317456,535.5234152
524.6949389,304.3015771
483.1456241,741.2596077
548.9788151,356.9065791
890.3805777,415.8330562
791.7043987,904.7957249
958.0083204,873.7894027
680.0879307,617.2074074
691.0948269,441.9043145
611.2234571,497.1020757
832.8749717,212.6792804
724.9455658,161.0774129
521.2197636,753.6185061
691.3373493,574.4900841
220.5238732,394.4796911
604.0680809,308.2260474
505.293344,454.0568652
715.3325177,407.7871074
946.2551611,635.5684185
345.9898381,591.9560863
647.9117781,533.008005
778.1697958,433.2971361
612.3596525,528.4710315
588.5575402,765.1186882
494.6281872,561.3059624
762.1974303,365.0277875
506.9000678,729.4290938
648.1409976,543.9427788
304.2198578,566.9495575
845.6675661,157.133386
680.5410216,472.4582641
945.6561583,889.5787991
869.1748884,416.8703521
451.8412427,218.2504157
577.8976716,474.7796749
480.8987305,383.2685962
825.6729906,844.4914867
507.9351285,619.3434898
791.0044559,157.9006916
487.5744849,510.0829212
226.1764616,786.9934384
540.206753,360.2552986
685.0871962,404.554307
767.518556,436.271229
650.1303282,495.9451207
77.51168662,618.6800266
256.1682949,767.0071159
518.5607962,603.1369687
383.4912061,338.1894951
691.9218958,410.2123607
614.1265348,521.3167068
361.2569577,984.7283531
772.8938069,360.5007804
722.9705268,536.0342698
662.9278063,492.2125395
587.4144987,525.037483
685.1508941,331.2597583
536.4803516,323.8861318
724.6342221,519.1434125
729.9798263,461.5041217
178.2165056,735.7016773
966.9377847,929.308553
769.6879245,442.2495226
205.845255,520.0907813
632.5720022,441.1608488
650.7674569,542.1990619
360.4341583,493.6340314
639.4738453,606.1664929
726.2588179,342.0347569
788.8405104,584.3622177
524.8753064,480.0443392
704.7411558,424.9864206
876.626253,585.5366191
469.7712097,236.3884267
681.913028,416.3287836
598.6290423,506.0826689
416.7289801,234.4673002
373.6325346,860.417696
728.0335052,307.9379004
813.015552,448.698492
728.7598888,555.3718592
497.7109283,433.0530124
509.0145021,300.9151233
413.3566772,602.247852
492.1373031,414.199032
656.0147728,472.3669997
784.4669732,147.1431603
742.9254634,420.4880381
444.6004916,523.0465711
817.7598312,500.1651554
715.6347981,565.0255894
495.0409351,591.7232662
906.7127942,854.1174908
631.2338972,471.8152768
670.8049371,430.7355505
285.8742516,588.2276003
521.6266841,909.262892
512.2780751,373.9208354
712.0137559,499.7467352
481.6029577,705.4611772
629.9656321,748.7683547
773.1122104,547.5434572
729.5640672,567.4879919
549.6478078,306.4000924
550.5552031,525.1046568
166.3296586,542.2827627
795.3191939,540.2625784
458.420147,281.7526243
529.9002788,330.2566448
895.3230964,888.5180603
912.8283308,438.2505448
210.866737,512.649981
508.5217873,538.615412
748.4059836,33.58763165
473.9097598,587.1572294
506.5302246,362.6926703
881.5267809,593.2436069
673.7235948,400.2898311
508.9270599,346.5243013
448.485119,401.824108
564.3316692,685.1035711
452.5932284,962.0631679
446.0716102,227.9384746
831.2685325,237.662241
640.9572331,477.36439
523.725149,188.5338497
645.0543466,971.1666378
579.8182708,955.436956
751.0317687,668.7850172
521.143467,564.7445045
587.3786199,564.1450391
709.1625113,419.8830149
534.0326119,361.8440458
548.3066316,308.6782739
587.8802632,481.6235171
426.2689673,510.8612588
515.7430635,428.1604675
467.9918334,795.2418694
790.3260854,293.9259018
150.504793,432.4570363
568.0333374,512.0846353
901.4425579,619.5869658
454.7347927,916.1060656
399.8197673,268.6714884
418.4034316,392.8358468
523.136393,351.1457695
387.1327119,484.6494684
525.8593129,542.9836885
273.2312544,638.4101279
519.2401106,699.0194789
517.0818427,560.2861755
651.6319475,608.1533724
743.7641722,625.8017361
581.2265454,624.6352953
543.436949,568.0604624
633.0122847,840.6774612
261.3249625,669.6267676
752.9832281,628.9069587
644.5817957,614.1116288
448.0369118,541.0755789
702.8681502,536.5311045
715.9995029,397.8547159
161.9342047,708.2264778
500.7100472,504.2885143
529.7517453,410.263279
866.3008732,433.3081263
727.204414,465.4669113
731.99777,658.0929672
594.3356368,328.1910791
480.9093068,450.3161145
467.7654453,620.0270111
285.7711096,563.6978273
592.2498156,382.6820014
548.5750256,446.3798391
252.629976,745.5940153
451.1248662,482.0907871
468.5047872,902.7823521
341.3077287,291.9864513
723.8163814,511.5576298
376.2253323,779.4181026
498.4708687,253.5124176
719.0633834,657.5016714
684.7291428,425.3579341
221.9144406,702.8943473
740.8889286,219.5505353
334.0284473,865.704278
570.6613697,520.8054971
891.1744942,901.5730998
519.2397211,400.2396859
557.7731835,711.4159862
833.6933967,235.2044142
521.5850827,495.5670675
703.2091706,535.5936394
496.2711043,383.8870958
821.0125133,408.088522
529.2906247,571.0252784
596.1110881,251.2223266
579.3127924,415.9519004
485.9444811,575.4819986
759.0814021,368.2963999
792.4572981,439.2681796
692.9609114,521.4551286
575.2063009,368.4551096
745.251425,292.4992699
587.2031062,262.3874759
692.875117,955.8007388
265.2862611,722.4191665
908.075977,857.122214
668.9259992,372.387039
477.7493702,670.7572083
395.1645632,604.7862663
907.5421851,444.3384894
543.3692513,508.2565483
812.3723411,546.657955
506.6081841,380.9922116
749.1552127,884.2474416
253.0272489,439.6355353
912.2601582,856.315628
469.0613647,431.0922503
980.2677064,608.2570058
586.1617236,820.5592568
612.3396233,404.7423098
711.1581188,272.4780338
437.6064275,534.4910293
632.765373,870.5819674
671.7527803,430.6722422
420.4523554,747.4345125
602.6986512,504.3738656
597.9875991,576.3598118
355.2967109,289.5600071
496.0387239,380.7290327
584.1066128,864.6716623
485.4269283,405.6668625
467.1298746,761.9711974
349.6860235,296.9171902
145.5556678,433.3970923
454.5035059,454.3673896
767.5132529,540.6171679
530.9859593,543.2646899
333.8061039,580.7718191
546.5802571,473.2969222
805.0179165,669.7328456
572.6506254,493.4033007
455.9092937,826.5818246
240.7787232,697.0410824
664.8714458,554.467281
389.0477383,337.8325446
148.6393078,690.4711168
505.0794797,821.510888
230.3720282,785.0567877
340.9304551,278.382614
297.46138,635.1659194
872.7874815,592.4616338
742.8405828,705.9600178
657.734406,403.2427793
467.0433012,674.1279917
587.3211989,735.7050412
636.0313279,534.7672878
503.7181545,490.1562925
381.5381138,875.5514226
642.067407,560.3207548
775.5915593,282.9747263
656.4069522,580.5961019
761.0081734,301.7928529
405.6664755,401.9701142
490.4232876,572.7790452
372.9858333,453.616799
671.7627424,394.8691106
370.9591858,665.2961418
279.328964,651.6163135
780.3263408,682.2749204
516.9295041,569.4376804
346.8796461,511.4602227
669.4311331,520.6596998
731.0834087,450.1205063
520.5859756,497.2065031
227.3580634,706.5894241
651.3361239,488.7025613
720.6689986,322.2321958
396.0605283,804.7999476
513.7416735,368.2067027
536.405598,548.6253614
553.6255252,545.3869615
628.4598931,599.0481683
815.9216558,574.2243771
761.0221354,523.772486
865.1752992,790.1370847
662.7786586,136.1835855
558.9932258,421.7907485
428.5312161,530.3886688
601.844722,577.245481
467.9472659,370.2698656
385.3067008,319.3678792
548.5825909,449.8909038
630.2805711,559.2709226
933.6499152,527.2805211
539.6678676,420.5518479
255.879602,412.0132222
589.2470863,512.643086
413.6647851,719.8730214
552.0495268,561.5458028
445.8347506,366.0091923
758.8104764,303.6756601
504.7346542,408.9913034
432.0567714,324.0682217
535.6242052,527.5179169
472.1847335,915.9467291
760.6587338,505.4576086
499.8502006,593.8873046
529.2746403,352.4932136
830.7143519,495.0297613
709.5905695,211.9090288
455.8593481,799.8131714
445.0935361,490.4660228
653.1943285,493.9309957
314.9757377,720.6405569
675.0364574,535.8225106
698.4618503,506.2663049
436.032062,507.5384685
294.468478,301.0731644
667.1840297,478.5902529
592.2317039,511.3962248
583.4704728,191.0657034
474.8519702,678.1497437
202.7308747,749.6050279
706.0471573,573.6505276
685.564436,621.5546021
578.7835096,735.1992639
453.6843918,511.775866
595.2756151,724.7468872
529.3337841,514.6086955
308.2950995,372.3698643
438.1073068,728.4400627
680.3503773,352.0998243
386.522893,946.570109
705.2559522,428.1314668
904.6680201,415.4585757
570.3389853,485.846853
348.0270321,250.0516235
886.0405373,531.4385428
716.4263028,474.2880845
483.7471437,701.8435957
731.181697,484.8298868
623.0377077,475.9377999
576.0182992,714.8227279
434.5695273,571.7187243
359.9886626,298.6847888
328.9301893,889.3432418
657.3101379,473.4006601
639.5933612,628.4459777
546.4612954,449.8755886
596.9564334,182.6647682
479.1665434,403.9402368
691.8940617,472.3190484
563.3536699,689.9442157
814.5803299,299.6004198
635.1627626,296.3071735
689.7341759,467.3078055
657.331006,399.5749899
710.9986344,529.4297248
477.5074321,267.4270718
689.4521944,202.7678873
510.7827627,375.8199398
518.0306896,493.8498022
758.4551195,313.8652758
475.8414297,304.7742586
713.2500672,465.3020589
515.720967,674.9124093
665.1823551,509.2472927
441.5471876,520.57345
413.2867324,299.5839764
174.5478847,687.8523029
728.0773986,567.2003046
367.4475476,535.5069091
875.2010802,814.7222473
754.4878436,533.0780621
228.5050748,548.1219242
400.1289987,270.031239
682.6747061,383.7099787
477.4181772,219.946223
530.1955332,484.9823492
596.0973658,538.0160302
564.7186803,563.0521447
522.7809312,607.689717
470.5333672,357.4083657
582.4626619,455.2100593
794.0906426,154.983827
956.5671182,499.0150536
346.9964955,519.3171448
527.4211995,362.4950771
848.0675923,260.8229865
546.2801339,453.1217611
797.3378717,557.5278325
493.4943588,438.0684759
579.8101662,282.8192343
570.7574708,348.503847
648.3137549,564.0945387
640.5730083,625.9429994
559.7352193,500.7461715
716.0372693,160.3661655
544.3457375,363.9176556
572.0346494,735.820626
638.5140475,521.9213121
630.2497858,438.3435851
475.5672382,322.8910206
413.4318653,888.7094061
438.8325519,459.958374
824.9555654,501.2340428
902.1683573,513.0393587
817.6344579,317.7359444
791.7454607,335.6465677
747.8280286,506.1532483
950.9157882,894.8137732
768.7166516,443.6911772
266.4442983,802.9280052
550.3126357,459.0056355
678.2271044,620.317561
612.0182126,528.3012482
560.5882946,470.6516985
350.348155,271.3248189
785.1171651,534.3059934
624.4626558,597.7158721
335.69033,277.0155714
273.4776418,711.8284934
493.2408256,714.6288121
563.7238427,393.4639994
483.5196469,396.5409735
841.9827361,592.996767
405.706444,420.3938277
525.8152847,494.2188502
900.5588321,563.9857027
471.4393393,606.9489257
772.4694489,538.6936595
787.3772567,150.5128781
591.5154173,513.4839589
498.2505627,468.8194962
643.1525931,542.1193101
876.7467727,594.3904911
503.6830248,463.4318089
695.8943999,202.4863636
460.6316712,348.5643765
953.112856,637.5447674
153.2654493,444.7730396
861.5168951,585.7980638
510.1710862,959.0896601
877.5499922,585.4770507
799.1632386,686.203465
737.6355275,358.553641
876.2303584,695.1282507
483.2839408,219.8041657
773.6762932,418.6871347
767.4925346,357.1937441
573.817681,503.6700982
485.2830388,416.3458747
755.6714378,364.7044134
546.6785154,546.7011844
549.6336061,763.2621237
548.8114958,542.9659497
472.1453193,603.6869574
623.6415493,601.4815283
793.1266652,447.5358957
702.012648,480.4235417
444.654512,519.3983174
587.2243787,780.8735053
496.9034841,981.2734302
483.4408335,451.5721899
389.6432656,322.2808993
583.0341902,605.2188107
704.6681549,203.8334317
447.0465085,899.0515677
560.1562366,723.7367115
542.696933,750.8990883
713.629513,533.8978739
735.3731888,358.7564367
324.3142946,545.8295349
595.5134485,767.528292
502.936627,387.3106571
621.457215,574.4388106
828.402532,401.255294
519.8033695,493.1638572
506.7522683,729.2560301
265.6379478,705.8975452
450.2141452,542.4231066
208.4243903,529.1977404
773.7973222,354.7050362
482.599533,928.9347203
553.3782689,435.8024128
494.7203034,432.4094611
215.5042938,653.44908
545.3020597,532.5101882
350.8773478,265.3299773
755.1604465,347.8928691
646.6309592,858.8061536
588.4550423,479.0867116
967.5524573,646.7240611
768.5900947,484.7751658
649.9076553,194.6611583
467.3205787,494.3687636
614.9020851,825.2772963
364.0165504,639.8739508
453.727701,541.6571591
708.8592273,501.061585
669.1606118,913.0595756
585.8202538,780.2844033
468.3843275,798.9334569
276.2475562,680.917677
951.0825083,904.5953321
773.5775405,317.6752478
800.1896555,486.9991486
317.9433372,528.4392102
271.9683824,369.8053744
735.7242912,588.9849813
610.267794,373.0482457
471.6425074,720.6027808
784.4067958,564.5184749
570.2932492,798.4880419
504.2273182,536.9544765
691.5894294,442.8105642
458.801091,634.8638153
729.8898223,177.1962008
774.7652245,509.6146901
498.5091293,998.3404435
591.7940131,606.8982581
649.4127682,472.3499295
653.8332249,356.7287307
601.2170461,326.2165688
713.8326961,6.411444011
473.5029592,713.3877385
474.8145185,410.6197907
510.1047517,536.5708864
647.9349832,603.6450235
529.2669252,473.4033137
669.7793592,521.7852931
690.0990306,202.5914387
597.4733421,577.2201577
635.1103901,452.6703914
472.7361726,595.8156395
639.9060082,543.4930596
529.1845914,640.0745317
678.0074276,524.7149656
404.7412082,595.2646896
652.007828,410.2543782
537.2237833,560.6367116
605.8389931,567.5283797
488.0812816,675.9314231
650.3635176,472.1533811
805.0831574,559.4423566
467.1323913,551.107634
335.4431636,525.895656
600.0855397,726.7776438
481.4790224,277.8471256
763.9536914,308.0791428
493.3511883,434.3956301
541.1615771,479.6853621
518.9481519,384.8749151
690.9335598,476.6105818
471.3997903,781.8737564
572.5951369,541.4692816
459.4072246,462.7362109
747.4623799,382.1668219
793.5355332,385.5777214
469.0667877,371.6706726
821.6105424,306.2584112
188.8929428,746.2891118
374.9552995,338.554824
793.0660234,480.855313
879.7312854,684.3354506
646.9835147,829.6783135
522.869512,329.0974333
557.931095,348.7812546
601.663171,642.9077791
577.8525797,590.9876565
662.497561,844.4800996
461.9414628,782.3330449
773.8801205,208.416685
515.7650402,566.3307445
474.9540186,306.2062811
720.725326,514.9121996
779.5516744,281.7627161
611.2872449,653.7107336
147.5892963,715.7311297
258.478332,394.7694261
863.3324198,717.328318
602.3504251,497.4240081
681.9310797,529.113392
608.906364,503.7924317
522.6697595,357.6638557
754.080998,444.9636124
282.6362507,390.4623267
446.2629885,351.8625329
538.4749254,400.8465058
449.9480282,347.3723825
609.353987,873.8294144
764.8351252,456.5262881
370.0555656,345.6332832
819.1379647,307.7404118
953.2709023,636.0945046
445.291386,251.1353037
294.5723541,583.350475
788.3972169,592.487772
563.7735636,563.0352416
767.0508439,473.8575459
482.0419967,701.9302634
496.3414536,669.577876
558.0842276,200.1327971
475.7729829,406.908166
470.5510594,491.8127357
496.9434526,705.7374357
471.6074376,384.6659975
605.1570422,292.5205816
777.3283455,475.8517382
694.8174382,498.5326774
552.5832887,454.1325219
380.7647507,594.7577631
445.0777464,508.1372444
734.5854443,509.0310832
528.6127036,515.3523284
678.4804578,523.4894788
275.7679644,675.6487294
480.4750167,404.1903362
588.169031,457.621251
486.0647611,399.6584399
606.1329741,666.5624969
452.2502156,495.6337188
800.5824941,542.025434
529.0367769,515.2419671
797.1377297,537.2926852
712.3504319,604.9424478
704.3662491,269.784232
817.5127697,658.3837051
449.9794577,866.8917171
834.5497977,533.2985966
517.9622278,555.8394008
472.9744555,244.540955
601.0048746,178.06948
170.1117132,742.1197029
798.8040317,814.2091362
572.9913162,694.0250138
479.9645647,485.9935696
518.6687471,498.7014788
604.1113302,593.2038042
891.7586213,892.6537674
595.5129841,704.9326047
537.5115173,551.1762076
470.2632654,383.1071912
778.8884194,267.3759236
740.5249278,514.3858627
841.9650289,252.170761
230.2179218,659.4910372
769.3300658,309.7084868
429.593287,481.5080786
492.362373,586.0319077
648.0122087,514.734581
858.2188815,411.6813861
593.5202079,349.8735222
958.7751819,915.384225
609.7280398,909.702227
600.2073178,537.6566978
357.1836784,271.8603699
159.380956,437.3729406
231.0812439,765.2215695
655.4572365,669.5545584
555.8849876,668.4631266
555.3502818,484.4235642
590.1739265,598.9767322
549.6249472,784.2747937
438.2658175,447.6020038
416.9061118,334.0496301
694.9236363,144.183526
532.184669,699.9222812
807.9719436,201.466723
853.9933985,580.551201
444.0372027,528.339066
828.7751317,189.3767911
341.1892914,956.6978997
674.496059,532.0658388
593.1807755,839.4765456
649.7461784,603.4377147
344.6830876,607.143134
230.1004732,554.372611
801.2903766,442.2545581
509.568488,409.9948139
706.6486319,383.7556526
450.2955503,410.6185371
504.6250405,216.8157188
493.0381518,594.8599549
576.9389524,988.6786274
682.4689014,550.774607
583.2917532,729.724491
786.5912798,631.8448007
664.4216806,476.9157991
579.577591,757.1555209
712.1107558,517.1238759
646.4664263,587.0693708
724.7263384,439.7313544
857.3896704,624.8337868
662.8821003,394.3568144
624.7986427,535.2392798
782.985458,621.8103636
560.2625545,470.3816873
462.8617565,416.7975161
635.541759,565.2166428
692.9471741,619.3181456
370.3903541,537.9474357
502.0004837,350.0299545
783.2032023,497.1752251
562.9906878,419.3824193
636.994721,626.6945928
587.3190717,476.5311643
945.2269765,471.6709839
676.2730234,378.1644802
562.4221706,207.77936
564.50555,638.6920485
791.3691908,555.3020946
733.0536539,483.5083301
722.0401062,517.7592787
405.0037748,436.6247946
553.6321317,670.9281826
718.0300454,514.3748516
648.2973062,472.5459973
587.7783047,619.4361958
790.6574732,895.2239404
652.3698064,857.4639747
220.1329671,397.2566505
680.2411232,536.2390712
444.3079487,547.4930403
355.4104742,250.9808564
282.3302551,702.1534933
607.2646453,503.8041322
571.5366314,724.7373805
525.6212398,558.7231904
445.2686903,637.145089
467.5038824,435.4353497
603.9486249,722.0384806
631.0859928,668.4734899
545.1658703,573.612062
668.0122821,847.163956
376.5437019,456.6101978
524.8499441,469.7957194
567.1717231,487.9075504
561.8343284,573.2184637
537.8271455,473.044629
812.9439593,236.8548819
498.5983393,597.5554283
779.5648574,633.2533385
449.4814397,387.4242778
490.8446644,593.5422009
410.2555249,409.78715
414.1983523,611.7685302
522.445169,313.0741512
549.0155028,388.3430012
810.4891337,384.9647169
711.2333219,465.8426036
529.2916134,514.6856267
579.7336898,767.9796827
593.6694456,384.1342283
235.8339873,652.096872
240.177653,403.3285695
188.9935981,515.5909153
456.3583698,220.4499945
701.032132,733.9542413
650.6432371,492.8383102
541.401373,392.5707457
647.6286281,600.7073277
626.9784378,552.4882367
614.446043,694.4917615
392.5415944,732.3916323
494.9830947,252.2419045
401.2610145,416.666261
645.9992535,583.5452265
728.9938722,612.1835656
686.7827705,617.0895661
495.9677454,505.0059463
381.6461545,345.2086367
624.6313384,915.8011617
441.6175519,320.4143684
684.61102,621.0693425
577.729004,384.1213368
497.5449123,385.5431212
454.0605269,377.2004381
554.7412719,400.5344353
548.933903,264.5050255
558.2637262,403.7159205
667.7684714,521.9932705
453.1673333,741.446336
472.9187423,229.1416676
448.0907075,576.2732486
482.3130723,782.18029
647.9096658,883.7561645
458.6173379,403.8257594
575.2337306,991.5422126
469.4483758,411.9477827
513.8455495,427.555904
629.8567824,714.7807104
635.1084725,540.849988
519.2711356,404.9154989
972.0944374,912.6229151
659.1953528,883.3459974
809.8325751,570.5656138
925.8151948,456.9472155
747.5045506,439.9652402
851.058322,956.3303769
563.4807061,483.9637951
579.3969089,362.1072038
483.2576047,420.1090655
322.4465023,371.9056239
218.0496327,410.9481375
422.9480782,378.9525334
523.6470097,473.1455045
657.4105984,426.4860137
781.5660827,601.2256623
556.6911134,318.6533097
866.495742,455.7080642
426.5738993,948.3114439
432.3312626,262.4229537
614.3681434,548.5600473
488.6645098,387.3298794
584.4972492,480.0979738
525.4965855,989.2653475
432.5477485,599.2446122
640.6771391,531.6921732
677.7059412,536.5018531
673.0965031,172.4043015
463.4620027,689.1865631
753.4961669,241.3507153
613.307975,563.3758531
486.4314134,276.1631025
458.9916753,923.3490847
869.4043176,849.5852185
611.3870462,555.0809333
396.4925863,659.6368553
548.2953961,618.5339578
442.8434216,437.5721634
721.0337334,521.1979253
584.1372932,419.4307258
727.5324761,666.383562
592.6662787,537.0542238
658.4057806,842.0900733
697.5041498,389.0669729
184.7238771,741.2893396
422.0315447,222.593745
499.2391982,738.2178397
872.8737103,721.7235685
528.6269502,344.5713952
698.8453709,441.8057582
788.0265197,527.0171959
469.3906852,282.0702108
955.4658279,571.238521
504.6003074,606.2529725
483.6651693,764.6864363
533.4473164,363.0361233
577.6702347,380.2269327
523.2794735,312.955683
756.4674218,365.9559339
725.5634443,308.0448351
389.1173685,665.4033063
848.7960732,648.3870023
685.7760383,370.1687184
771.1396432,663.4528239
710.4506259,538.9341058
471.2237373,410.1840286
552.3505188,672.0921997
269.7731871,568.6063769
486.9984625,568.8512737
572.6045298,635.147888
373.5498113,335.1708148
509.3563015,565.3090145
495.5164671,380.0889497
552.1054646,248.5490634
587.2894399,966.4009603
559.0258537,613.397519
661.8894948,569.2130715
722.722087,153.2652037
974.4525176,515.8735255
634.9138285,437.5531291
557.1495824,567.4322263
376.7842618,738.7081138
524.2907899,557.7253839
598.9183044,581.3011438
757.9742394,368.8295482
774.8246679,685.0234223
714.7206165,183.0210083
357.5104073,267.9550175
589.1729019,801.4918039
376.5923742,610.1084723
750.1484174,532.5334013
525.697102,578.533524
873.4254041,826.0964814
567.7246004,362.1163344
530.2455687,640.9205653
838.2025091,542.0690395
679.1978081,532.3123235
713.0213121,295.5226304
790.8633079,692.0797758
719.4859886,619.6586944
541.5832536,540.4477815
485.3560846,422.9307168
951.084291,503.1943244
210.4217056,703.8985264
741.7599808,745.2088372
197.8044003,663.4081111
540.4283323,806.3585241
623.577402,457.7288543
384.0885011,300.5108483
622.6370941,573.4986293
527.2700294,561.8448774
699.8574962,279.9924222
885.3049855,497.876924
748.566202,523.5010331
720.1705911,521.5618543
585.4755481,482.7956619
769.9801379,634.4648473
522.846262,411.4768563
650.8291774,900.5984436
483.2748774,600.7830888
746.3681005,497.7596259
486.4609104,747.7076159
647.9668921,858.2245316
406.8807053,856.3462792
598.2534315,526.2781805
545.3339387,449.8574528
768.1851068,479.9283784
544.7302169,365.0831353
771.3929067,436.5356406
905.3357843,585.4087905
389.7021547,341.5272244
672.6803696,551.1503201
744.6053828,516.924089
461.0814664,327.4095656
763.2988405,290.535708
487.2130758,410.2203212
562.9492812,593.4705141
495.9901565,351.7492673
761.1325131,261.7891388
757.4257963,702.0757264
931.2229538,449.3392436
895.6612405,680.0357059
866.4134531,949.6455996
595.137568,575.4132369
526.1197522,763.58485
420.1886503,394.6062451
520.3027208,896.0361051
219.7949878,523.9159849
983.537002,566.4824756
751.8963942,556.0369312
153.3741342,613.8782028
792.6364971,678.8762437
597.571151,568.9558265
703.4762314,291.1141541
475.4203076,223.4973203
690.5657989,203.1990318
907.0919105,601.4572915
579.658262,592.4529211
736.8941032,447.5843276
381.5611091,645.7124437
562.0448221,428.2167137
536.7829315,576.7955738
528.9822772,697.1705615
406.9226362,916.6621553
443.7140243,893.011867
538.7848309,616.6335788
766.5334259,361.8263905
495.5109542,439.5299378
314.3407362,712.984341
807.5446644,242.4544537
756.8164868,301.5052073
497.2230522,505.6235893
599.0177162,584.9013417
584.0750934,656.149735
558.9772414,440.2104921
609.6300062,151.9459662
454.0924658,233.7117996
448.5838118,378.7685004
679.1805204,435.9980628
454.1385913,357.2966672
606.9245388,591.7085151
711.5254154,479.955624
282.4326931,678.5606839
748.3791531,552.1841895
207.3204334,676.5539135
600.3013366,632.3156644
654.6220181,473.0894463
637.1123194,589.7423415
453.1614309,536.8149265
467.0353464,451.0170822
492.9133327,319.1314863
689.1646401,712.6130156
349.8824653,486.2796481
609.62704,912.2423546
480.6444033,848.4605445
737.857766,477.7907498
579.1614425,840.7114555
516.988543,538.3122841
606.0288883,497.835596
783.9190845,187.6387782
494.2069302,745.5781987
374.5752244,752.0105783
545.5673528,394.1625225
798.5815235,315.9227764
652.9758352,572.6702927
487.7519162,804.4328845
627.7501979,733.2620282
841.456854,586.9162189
351.1768867,276.6321902
453.2282748,288.1677875
564.1073933,452.5282296
393.0179953,334.9802212
609.9585926,529.1105504
399.7591105,598.1823273
457.0171157,279.6993024
482.5640887,509.199801
462.8464163,380.7406079
400.8056614,836.4286975
430.9519756,655.0582613
603.1835612,552.4959048
363.2400863,307.7989563
758.9412129,859.0389946
458.3142186,859.6446446
713.3317569,154.9681775
827.4161435,840.9000016
561.1146411,639.3040084
774.5415778,597.9431763
737.7176516,353.8367924
566.0676613,488.6671044
494.6836007,691.9655491
490.6992019,378.1723154
837.2205549,690.3547171
422.9702796,921.4883205
373.7223139,616.1115461
756.751141,271.8553763
452.5334255,456.4150492
630.9991947,462.8666721
193.776947,658.5812355
448.893223,517.0174427
638.3074638,604.5434589
497.870967,666.1841511
328.0281871,419.3619433
640.2428489,406.0492408
450.7140807,888.5122727
392.9888279,345.0453095
412.6069087,929.317224
680.1306556,387.0429024
551.9090678,561.056657
925.3642461,864.5662319
895.2809557,537.9744933
410.9379851,456.2896653
632.5183864,301.2158276
695.8042012,565.0050717
733.5619037,468.4983578
690.4955994,468.6258729
414.1233739,570.7001701
722.1453605,534.4590827
661.4133186,163.4996157
582.7823199,533.1730246
874.5099161,591.5316487
797.4894463,441.6690498
432.1143871,720.6303816
499.8466352,381.155309
524.0929399,414.5007809
857.4255192,504.6201414
427.2591759,238.1739731
541.3335255,415.0477191
800.7710411,425.3303751
758.4059079,542.6034205
506.26225,617.2935737
861.9431406,738.693112
710.6396971,528.7802814
812.3626336,534.3327376
631.7231814,555.446492
575.4840878,346.6592755
290.0227339,663.1162032
669.2423464,579.2649549
384.6499923,730.6716509
656.6606202,579.6923803
249.3149893,473.6034558
612.817732,683.7676186
696.2184472,568.9581039
447.9905316,416.261965
414.4274519,438.6373526
909.794247,584.2406991
650.7950813,536.6250224
853.0342898,479.8729261
637.1974097,543.526845
784.5137879,530.233532
492.9451068,756.4396559
501.8183785,750.3959854
648.4530604,860.9095371
795.8775392,253.0549677
413.3256073,342.7000587
615.5066458,745.8348587
338.583101,576.9477019
629.4414578,763.869863
793.2383313,623.5715478
545.7341178,623.4281115
829.5689734,191.9317951
793.2650419,154.3201131
369.2792663,342.9652852
500.8781006,411.9175493
503.865969,413.3502612
600.1255532,297.3897464
695.9333947,570.2770697
456.2653547,609.6280601
772.7108478,441.992779
975.1719652,696.1318031
568.4958512,471.0008138
621.331602,825.7137061
795.9519782,189.7325715
454.3349731,644.7268183
794.6350408,335.4136849
505.8423712,544.4547616
744.7731665,446.8213679
341.4547043,542.3400118
577.5756467,302.3052118
460.6912494,530.8058562
719.5976547,471.08581
660.3590377,547.5421617
610.9685158,490.9489632
214.678768,406.4669088
758.3316486,916.7946014
608.6556023,273.3575394
803.1345443,579.9930846
471.708812,536.1043477
467.9928521,450.8486569
501.1929197,414.6018862
443.186,416.4409208
478.5899666,742.9773535
856.2844701,409.24134
456.7898436,772.9671692
483.805793,256.2481116
625.5706425,968.2392009
463.2878073,530.9871104
788.2825247,645.6953734
531.9539964,607.8759439
207.2954606,516.1402981
591.5368846,550.0575302
764.4122053,593.3104881
797.1117532,252.2088296
857.4684688,629.5183544
626.2709448,697.7542312
451.6964844,414.4191696
381.3714386,511.8216444
693.5241853,566.0437884
359.688135,988.319483
601.9616912,659.1501959
731.7256607,569.0026496
505.7412516,683.0260333
712.3645736,762.4180123
793.3111674,312.2610462
383.4636566,603.0469162
579.9640478,349.7361661
702.5317589,262.0094436
793.726522,592.8332518
187.7603279,540.506911
782.1648758,287.5568096
636.0928087,871.8910296
493.5708502,582.936735
712.3416082,467.2288268
766.2470701,876.3863407
593.1624841,297.8304185
260.8006384,686.5640719
485.8640648,246.9932031
190.1620618,747.92136
523.820546,357.2210942
648.390546,868.3513403
635.251628,698.3476373
484.5346934,436.4681535
475.516948,332.5124489
624.159147,257.4679779
907.9136462,730.1146627
258.0430981,748.5346362
489.9263632,712.2576948
772.3230277,468.9426027
572.5608461,386.6565334
864.2532078,586.2052222
885.4905513,522.4334411
556.7113224,546.9349448
704.3673127,514.7166332
783.7077969,663.2383068
559.4908244,838.7404345
888.9539966,627.1140159
814.4890525,527.0785193
498.8891145,412.1052596
222.270232,700.4614678
609.2148763,292.8237931
552.2195576,436.6335909
760.7936799,530.8759342
647.8841687,903.606092
439.9682679,905.1098012
507.654705,549.9398978
726.7069652,506.8436437
749.823681,349.6175935
543.1438668,504.0351555
585.0561038,741.1074796
402.9677344,403.6352493
520.0820702,429.5041299
470.4798861,499.6389439
586.7006988,410.1589142
936.3147551,853.3619484
504.8676377,338.389888
960.5217654,917.3445066
794.2429513,534.6571772
484.8300677,414.6261231
703.0668092,423.8386589
643.9332967,547.7964816
601.5617068,400.4213787
566.6091533,426.1786652
935.9349796,866.2004024
405.5205336,421.2182362
537.5667811,536.4941433
473.3720579,449.5701415
435.4941204,883.8907209
568.7491297,591.5709709
732.2457753,432.9786303
813.5490892,452.4172206
628.9719779,974.3289215
678.6112392,305.9684464
551.8124723,459.0636368
439.1752502,305.6576086
531.8814599,554.2453465
504.7188645,472.0899891
500.907987,662.5895737
221.4905171,378.9758091
632.2994286,689.6894571
386.8790888,664.527478
825.4947953,400.7257394
161.7584662,475.5913382
483.2276134,694.8291553
448.2945946,641.9162825
252.1287671,830.7898244
712.2516941,958.8809306
614.1391186,362.9697645
743.2924603,617.6071067
529.5125936,466.4075523
421.4209618,349.947382
539.5539695,469.179539
430.1434229,897.4192568
579.1790747,989.9251334
541.1156913,570.0744621
638.5238149,469.5867809
490.849638,435.7022477
517.1969543,426.6054012
430.7498861,501.436943
322.5187841,374.0152965
644.4769609,627.1006856
571.7950483,740.764716
574.0672742,483.4525644
590.9301967,529.9090088
431.8514461,460.6040984
512.9813136,560.925966
721.0478602,562.2639452
249.1669501,679.879608
435.1647999,574.4673934
589.8642308,478.2280789
721.552245,422.3966492
511.4786457,312.7421061
913.9130825,855.7335045
766.8786709,301.6173864
561.2763727,678.4915044
853.5088031,813.0825191
972.6427905,947.8951967
503.3746024,530.937383
340.1294526,317.3196763
580.2350485,488.1648163
747.9529525,529.8505269
705.1305339,185.2091791
331.569562,511.1134057
776.5267887,430.4704703
503.5042453,445.4092991
764.7060216,551.2743251
567.7340233,241.745024
303.6228324,668.1272789
638.9135675,882.6787316
543.7417311,442.1384301
712.0486309,467.7886774
568.963024,457.9799566
661.7345645,569.2780514
680.2243148,471.8455729
871.3894536,514.905221
784.8846648,368.5707361
812.4894452,726.1162282
702.5050333,465.5854421
686.6189716,435.9369901
734.6651415,557.2144039
777.7891514,592.3526933
504.4877275,621.0492217
887.8974985,512.9162731
696.4045223,162.3118005
514.8700789,200.0973194
707.3356014,459.3929656
461.9329538,686.9496051
942.340842,881.8410555
463.1141361,631.6618542
317.0704574,464.6224447
574.7672319,748.8510735
800.1555894,449.6383181
379.8246975,325.240074
24.15475771,566.9011883
571.0094909,483.2316747
755.5153391,368.3325881
277.0484088,809.3139796
496.5276336,549.1324133
806.9039852,216.5483612
574.5030175,181.8275309
404.7440845,537.6061974
912.7353756,439.5402802
632.3321464,514.0748369
829.2727003,669.4440091
624.7937889,841.1417852
414.413445,241.1316642
504.8971497,348.3783377
284.7269256,358.0222687
708.6626807,264.2677759
568.717101,835.4920473
754.579061,278.2106785
657.3406386,476.4872036
785.6677354,447.0565073
544.5254758,417.8798592
502.9663936,243.8922846
788.4210961,608.9737066
551.3461535,282.3918716
636.0450652,312.9004606
673.7817498,550.8845504
781.3147217,495.337068
429.8816353,640.2847029
471.7734387,629.3407776
770.0112677,988.1199677
364.9087103,532.1135394
555.0285266,443.5430607
708.9202736,65.87226033
495.9099199,254.2800993
492.9267255,694.5277616
482.928464,429.1918087
497.4755667,443.5637247
681.5046094,347.2170368
910.7085783,856.4739615
755.283468,322.1027375
597.3047344,213.027748
789.840007,290.8960015
500.9293046,517.1212433
634.9998626,831.1269884
627.6961326,465.3926546
521.7464996,580.9997083
714.2580578,282.1778977
701.8340483,510.7347047
592.8254036,698.3918278
479.4604495,597.0482928
567.8618085,377.8726767
593.7495173,263.4129041
456.6494896,792.5215323
764.476877,479.5514534
486.6321696,417.7202093
529.152278,462.4831447
609.9103099,594.6224337
769.4694162,293.2849203
271.5238005,721.1618583
412.6781869,251.1878517
410.9540444,609.6281854
516.543227,417.5318722
416.249628,498.7200325
498.5071369,788.6541858
821.1416918,356.6343531
590.2274975,381.2395112
459.1922817,523.6981248
420.0109943,233.7050509
640.8172235,839.1432261
481.0597279,647.3493512
511.0834102,557.5856458
721.7860187,418.6621666
398.0379342,927.5896998
686.3352674,553.0438877
909.5292985,853.3127643
426.5823783,372.881283
347.8566866,522.6873223
941.5343866,524.65289
856.3482579,746.9558762
531.6557609,175.7221608
799.221139,453.4748462
722.2913922,161.7725303
606.1352362,449.5922681
816.8766747,448.8482173
239.2391877,381.854626
582.627824,488.7041492
598.2012837,754.5125329
874.3546862,524.7275019
489.3874778,261.4583892
396.4893505,809.5932676
727.755149,526.7122711
405.8799952,440.601604
723.3595453,377.9800293
498.0911831,314.3160605
791.3972945,450.4186824
229.7640819,407.6352509
690.1928247,572.2416973
498.8588685,557.4050185
580.8196699,993.2051121
751.4285472,442.0031633
522.8366444,552.2459726
738.227834,442.5643511
893.332058,512.4777112
579.5771716,184.1382023
638.1670049,723.4249336
839.690466,109.3132838
604.050973,561.7616781
215.0652548,514.0001414
283.6896478,674.1063247
870.8366662,797.211386
808.2917064,294.2707129
430.3161502,387.0175791
549.1516623,502.3528665
372.7334237,332.5436643
294.6626428,626.5518252
468.7150262,367.3192783
625.6898888,536.3679654
649.1684032,929.8470919
223.5116817,391.3695793
753.2968039,357.7392616
859.1452124,586.1130803
751.5056978,652.5084599
811.1215435,612.0940563
658.7359699,392.2316385
461.7862479,398.8770519
757.3601659,367.168968
500.1823225,495.6471327
631.3882732,567.8838259
663.344674,588.1955491
541.1295484,715.3444473
742.0417076,611.4098037
539.5370563,467.0343468
463.5006829,260.098555
434.1860067,435.5894627
494.3921365,633.0364185
889.6031548,608.4906617
739.6971099,514.4340439
491.7837738,435.0626662
829.3278892,271.8345451
699.7863379,394.6158563
687.3998401,537.1568126
865.237439,523.1905715
721.9040066,606.2749738
748.6323118,428.7169542
537.4504411,508.1180221
566.048531,429.3133064
771.5211713,766.0295137
716.1645452,400.1158689
460.1578171,242.9540673
566.0514073,239.6410554
549.354381,513.7193072
489.5189034,827.2851114
304.0497221,669.1847582
461.926602,611.867964
392.2066262,447.7427657
406.9931353,458.6513594
785.8587092,401.8228335
281.6328741,679.7367985
488.6009018,373.9850631
550.2073664,557.5480787
559.3897646,361.029917
631.6064669,453.594359
906.2058327,459.1108151
712.1114899,417.1884609
868.6597774,434.8303475
767.5328326,267.5133842
829.8432848,393.5459869
707.6356945,618.3740154
480.6634887,227.5046347
291.1595885,382.3404915
595.2242763,543.1747001
761.4948211,265.2607768
388.1345754,481.8350673
683.9202755,618.1340077
599.7871244,732.6889727
672.7390939,425.7529322
912.3253991,592.1193717
632.1368282,451.3251828
659.0495607,481.5529795
395.0605823,422.7217992
577.6202741,982.1529985
807.5455183,425.9528654
787.0116979,200.0164393
535.1348011,377.2599438
567.7701567,477.1793332
661.4054388,366.2593961
530.8607057,304.4359036
857.4259836,413.2694856
952.317726,893.2324851
475.8438566,520.2865775
465.6213492,697.5746903
679.0427729,885.2426991
532.6123677,550.4333269
509.4406578,702.7951224
447.6209131,218.2870635
467.9605837,466.6261229
722.7079303,539.2951933
611.4901433,547.348622
223.2455348,516.2664133
249.9806412,434.5722458
778.8086772,688.9303627
770.8785597,917.760127
379.1376981,240.244219
570.8668448,360.9109893
727.9923832,540.9423597
746.8325319,491.9680188
506.5247716,382.0857537
378.7300735,934.5732174
932.1410153,878.344909
488.5504468,511.3433007
561.5893492,426.4628007
763.4774104,712.9537733
605.8568051,278.8806188
807.0890717,168.8959739
592.681589,546.5333024
467.9212444,676.9485774
454.0101619,543.7317718
250.1547318,584.0157769
699.2398873,503.7679023
764.2725404,464.1419907
705.2116992,570.3087657
461.7769449,501.0761271
983.1193404,686.8150697
639.2611494,569.5403736
746.7399662,546.873099
869.3614579,528.1116992
588.4043177,475.9690989
197.0688335,760.9200279
413.9463921,613.124896
388.8752656,442.7117363
457.0937718,779.6217758
504.7703382,543.4057651
769.2215158,595.2941708
381.0204261,854.6202177
355.2405483,380.4237527
442.2989485,581.2031308
480.8934722,748.8865721
423.7024308,995.509975
608.5786615,494.8116086
589.2668758,561.0712409
688.5701764,175.2941922
792.5184193,348.9089578
751.5762419,387.0260411
763.4369325,62.47657147
569.608422,242.8066612
182.1954814,745.1983276
793.5327618,541.8617725
198.9950654,521.4626503
286.5458659,328.289113
500.6676518,444.6891926
361.1086638,485.936404
560.110935,482.8428611
841.861827,354.1598531
651.5864662,251.0224352
368.5180676,416.0981991
413.1998144,608.5994142
798.9079977,367.1241507
748.8442736,348.5885924
695.7270956,554.7746921
615.8560254,730.774762
784.6104583,319.7201077
458.1114999,915.6743987
426.3355715,651.0408761
773.9072505,479.5977124
704.7025356,228.3681565
470.2754297,308.6633765
751.0234245,344.335441
470.2990243,303.4054818
507.2578965,622.8313206
516.549489,491.237152
738.8762431,903.4854927
873.2670283,498.5203918
84.52506086,537.3832183
864.4346239,501.8812715
830.4011656,725.4723843
432.8822523,632.119116
425.7811512,265.991163
420.4519509,552.1341487
554.2104462,565.2500311
740.6811764,531.717204
530.2444601,641.3100684
569.8995268,309.5376378
184.1068974,688.9060005
539.1371917,461.6893248
858.3018296,670.9721015
828.1565341,466.763291
405.4825576,266.6991301
387.0732985,613.4772499
720.712907,399.7659806
455.1481249,619.8342863
801.2848637,340.1325393
741.2459034,742.5371411
744.1770849,229.3657541
920.3023463,925.8990533
852.1083934,559.2744119
587.0995297,725.0755683
623.2932932,552.9802659
484.9388275,579.7577154
598.7275103,219.5298086
551.720446,569.7150044
535.2246253,607.932796
435.206671,413.6830584
807.9058038,604.9696725
844.8104909,655.7086032
454.4045135,932.3401875
897.308502,431.281465
460.9704445,367.8831197
670.6666354,501.0725961
490.2715182,333.4700139
648.0015274,872.8667513
740.1970904,796.6439718
392.0777923,369.0135812
315.1475512,705.5575188
773.4483621,492.2708333
506.3562239,384.5770315
504.2232284,420.7340004
788.2057487,653.349667
417.4824488,848.6227017
560.9351126,450.9418852
592.1892786,447.8806859
812.9996125,370.643364
614.3003558,523.6899762
602.5960335,80.00619544
618.7779938,627.6284851
700.0491741,430.2028619
600.0900789,415.731533
726.6130363,569.7417067
281.0493313,633.1247159
542.7561366,965.2717942
639.8352993,477.1363128
500.3632443,509.7883806
575.4248692,626.4640501
943.2908873,595.2164457
611.0455614,683.4239148
557.5133435,482.380334
625.2172331,536.4323811
513.6055589,502.5264108
726.0379876,392.6784744
481.4360578,517.7009431
564.7435932,505.2698565
143.1597164,516.394221
481.4093622,687.1410764
653.2432405,474.6580727
782.1320232,312.4450583
770.9467069,457.6010676
757.4360282,370.7405412
176.2833525,535.7258139
723.2608375,342.0391028
468.4413889,415.845488
970.2199038,695.8760415
962.2540873,595.2560814
531.3260509,422.0550139
472.6273978,511.2947225
675.3369251,409.7397836
628.3627882,901.306557
741.0776553,784.2591442
822.2692732,299.2389772
685.1084838,618.706917
677.4386857,205.6222583
792.126914,480.9293817
468.2495912,617.0285561
744.2806464,477.8589474
263.3472207,450.9157052
813.3825639,219.5643044
331.6057853,309.8663816
864.4839553,811.6044675
832.362722,720.3496518
543.6136912,470.9575635
462.9703815,800.620447
520.1223533,581.7361746
621.2246548,731.1044878
752.2162169,541.3425813
687.8557773,789.9142519
852.7735509,622.7464916
709.3431934,271.0067727
483.7346048,278.4435823
538.4776519,456.7537594
623.4053637,232.1782957
781.5863815,439.9647596
150.1075801,437.9313704
696.5337458,203.176153
786.8415323,294.9717642
779.8037695,448.589844
681.3433873,331.153346
681.4443871,470.5128589
586.4116464,503.9085806
607.0155764,264.3858261
907.5870522,854.2749886
422.6320606,591.2385289
560.2123842,482.9329971
570.3246488,309.684417
583.4192688,528.4987368
694.9266774,484.7509289
504.5316658,739.3329025
499.8412272,645.2658377
601.0343866,409.3586799
429.3124141,312.9976588
551.7802788,449.8797465
630.0053159,327.8382238
405.8133462,357.2220971
610.7624414,385.2972842
420.9854582,664.4250773
404.7398899,509.9217043
454.9552935,495.7282635
454.411899,513.2412351
661.9037564,431.6887069
727.6026306,305.9842839
664.1562528,370.8886368
344.5804849,470.5748092
430.8939554,448.8757972
753.1669963,562.3626687
594.5145512,536.0477463
418.417873,610.2980004
712.0716113,574.3678133
392.0519956,451.2834996
668.8011651,582.1116161
775.7802561,541.181051
616.3251756,537.8224278
503.5395997,892.1779309
538.7058677,628.1144342
489.7492615,595.5817537
439.3982078,627.9148562
576.5346236,507.9328608
560.5913357,479.3768644
771.2726867,791.8067747
423.3332317,427.2260738
861.7081685,678.7638139
704.9265568,426.98826
528.2443884,351.4723194
484.0048714,680.4944721
661.4594591,696.5605448
676.8152644,441.2637927
240.2681364,683.2975697
833.8472633,742.9728613
837.9723009,354.9946667
426.6501959,455.3718613
442.7101834,230.892572
373.4546839,941.6067966
859.4152393,618.6217537
945.6581657,597.8247709
581.3681129,673.7269969
638.8838308,662.4779797
200.9082642,536.1203942
709.279915,151.6679526
796.9189517,980.345242
455.6051558,450.310306
407.2988612,335.9334193
446.4739166,566.6678876
700.8942797,501.6799593
424.2929096,240.6802736
444.6952145,628.2858891
850.9060433,143.0659769
33.80325008,608.6045541
280.1209481,602.4163817
628.4705144,223.8548767
514.7045123,900.5599363
440.9207251,890.2309587
817.928364,360.4302845
874.2116956,453.9740211
296.4636212,700.456307
412.8279039,304.8468856
282.2193231,710.6647898
491.0661239,615.426792
738.3298974,453.1724078
421.3732782,594.4440002
467.7938936,907.4661257
470.2611681,327.7053807
785.7152391,303.2680839
449.0543852,496.2866306
741.6959683,370.594744
294.6691144,678.2353458
658.831307,733.2609835
655.0418519,573.9034267
572.8377642,473.9115983
427.55464,869.064113
731.4565926,571.0738775
727.5206713,435.6418018
655.1709106,553.9664555
847.8646339,363.055471
820.0925043,731.6830175
763.0148217,487.0169711
430.178208,560.0773833
570.258539,571.4781316
931.2122276,851.3386301
796.4309558,476.0221693
304.0297678,665.4707098
707.3125611,293.878034
443.8757559,375.0775815
615.8448049,631.5749984
452.792921,287.1952625
280.8878994,581.5562368
483.6231485,222.3803352
670.6257082,372.0187223
604.9968986,504.7717054
242.7536274,790.0137484
566.3086107,561.786291
907.4672367,627.9444418
477.973766,277.3005217
702.0402874,573.8433778
790.5632746,324.6569058
473.3582907,517.0687371
616.5953074,764.727827
389.2926426,367.1247775
812.172259,483.6633624
408.1732391,817.8385019
672.199085,433.6205938
771.095525,548.1729052
917.0836254,852.7293872
649.007271,821.2922756
781.6491057,302.9326541
938.9741419,544.8145954
691.0228447,190.2997768
541.5606177,342.1486074
272.9398501,371.2803547
548.6830214,555.7005403
786.6630673,135.7549483
661.1525498,282.5250281
857.6108004,507.5905569
455.9296974,506.4308439
454.2754698,491.4807325
819.0267481,368.3942458
429.8441087,464.6796103
533.7378968,550.4172177
790.5164001,399.8786193
508.7708712,486.5357649
566.8174748,406.8881288
522.6954514,471.3432013
259.9586488,714.743206
281.5017781,707.4599453
944.3804628,524.0945019
878.8975202,650.9500923
700.4592405,533.4738542
388.2791241,434.7078051
665.9403629,694.6010363
760.6029008,363.0569754
644.1489587,585.6156396
764.6737232,292.6612599
714.5120404,501.204875
429.111538,570.4993594
512.8893921,895.3767788
419.6997406,583.7386827
604.9982019,843.2849088
563.1912492,579.8362553
730.4884356,456.4670331
795.2447998,656.7087708
409.9944564,723.5374887
654.7166062,157.0374414
463.7468455,509.0140129
616.8246617,855.0398915
670.9300259,476.617226
721.7405223,508.6770578
659.5386952,477.0250739
525.6122214,420.1287266
431.3158116,415.195961
515.176359,308.3859898
697.8792064,227.8028735
779.5533523,550.5340561
637.0036795,626.546936
643.4298257,589.0477046
616.9092427,626.5326655
575.8754134,184.4626001
299.2018064,705.9238506
502.8230284,423.8460762
618.3574708,547.1280248
871.6602895,520.5385991
545.4449006,405.2551702
603.281445,280.1849799
468.2216372,388.5873547
389.0286379,565.9090231
391.5083464,299.2786755
572.4487606,246.7122017
575.4756387,490.0855041
663.7421416,522.0729387
589.8779681,639.7182916
519.7903513,354.5737602
540.7568439,407.8564959
598.8145481,673.9100479
657.6154893,626.9160258
809.9214106,335.0701274
564.9518996,454.0623185
511.7301115,897.356429
514.8549933,452.7123462
205.1841273,742.8441761
557.4137369,423.7627724
238.1076963,519.8570209
521.6372155,468.0344726
458.9864321,581.4362643
531.6557609,175.7221608
618.2284572,440.5095667
493.5656968,319.4631134
507.3113926,444.7560738
534.0739886,742.9580058
931.746424,493.0235759
531.6148336,545.9029141
344.7226516,486.1137092
534.6652614,464.8847252
465.5077206,383.1140862
534.8179146,421.283237
570.1043278,745.3159809
711.1418948,528.5212395
612.8827032,510.0364324
676.2863262,422.3711169
492.8509082,787.5422988
928.0857429,871.0561532
768.337745,451.7140382
459.1716233,878.459449
701.1524869,569.6099501
411.5970905,453.9974222
598.8362252,578.0999767
607.6049017,562.9228536
457.4429118,509.6179913
525.7845593,564.0034416
567.3452594,190.7504152
550.3745659,436.6479241
714.1259581,458.5767684
508.2508765,249.5440075
525.3353783,185.4851241
418.4029822,382.1313441
765.7210232,298.7382352
566.1471039,443.40443
475.9478525,787.9233399
840.365391,208.0895291
873.0840692,724.289897
438.7990401,579.1531937
706.7104872,190.4236146
821.2951539,580.782078
500.5995347,617.2296176
653.8563851,549.0049817
448.8781973,431.0335386
528.026674,443.7036299
663.7417821,398.3116017
477.9768969,258.3226407
551.243311,689.6223878
417.884905,351.9291633
467.1352976,632.2653102
638.3138755,954.5144091
692.9213324,576.1346179
503.9966156,434.9955969
585.2569349,791.1113021
390.2726643,366.690875
913.1091139,433.6917164
713.7948699,470.2400688
498.6238515,411.5095134
915.2968637,849.2901347
662.6093768,586.4344694
902.306704,850.3992637
836.2501958,539.5233332
764.3244335,361.0876258
516.3091238,431.1198093
529.1721125,475.2324237
565.4792349,470.0188448
548.0771874,611.4399118
746.3554868,428.5583072
704.4635487,261.9019865
561.0938929,293.6640392
691.1331925,519.5610805
810.2378626,538.9369265
622.969156,911.935027
495.9187735,528.9412685
828.11315,576.4986096
344.8105883,610.5737365
831.8527644,747.9906858
277.3045337,417.2044238
674.5118187,569.4493391
390.9874079,391.4073972
806.2824664,616.826638
721.8906288,531.6224296
474.2061227,456.1656394
65.81777595,533.3359966
425.5542387,359.3527262
480.9523913,399.3133572
387.7397444,720.6135202
606.5586804,507.4883233
215.1950325,788.5861972
362.1036213,624.2887708
691.616859,472.5000518
440.7743039,480.9026376
422.7371651,564.5205016
623.6958543,555.3113924
503.6485992,419.0952333
492.4826679,392.9230786
513.5094578,621.0448967
447.4362461,276.4440202
676.7613788,373.0371093
813.2261954,448.9596442
502.2883526,511.0661021
454.1755337,327.2811729
650.9018637,801.9349206
525.9151609,474.5601224
879.1987968,429.0765164
905.2846102,510.2102065
346.7780471,502.153393
537.3687214,444.3201446
433.2861317,415.4529344
496.3112076,295.4514242
928.513082,860.6112566
674.2200548,876.3890151
521.1183294,382.5580591
878.3692112,440.6477795
235.025899,717.3280464
404.4410402,981.8177776
723.7129397,213.1459445
463.014979,495.1560646
721.6045127,508.747679
463.4411945,414.3229325
520.9723875,548.2598027
512.6475588,610.648035
618.2365917,622.1308335
187.2539207,738.9274783
642.7675594,633.4702375
682.3793618,724.6892202
661.7961951,517.8852686
485.5889894,513.7878181
964.5104637,548.0424858
482.3961702,516.9212892
548.5698423,400.1534361
598.8365398,307.4747883
728.72407,447.5389462
442.6222168,568.7980779
505.9140988,481.292872
802.4316055,682.7711074
514.6230922,198.3983571
418.4117009,267.4120282
547.7339499,464.4186671
769.5330841,593.4708693
640.9001716,589.9120204
685.7229317,406.9204515
616.9783187,540.422082
188.1493014,698.2889465
938.3042205,893.9728586
567.866887,983.4946969
142.2993155,500.6883373
849.8854689,145.0591663
454.323468,385.4482841
755.6029012,422.6154077
816.1142475,473.6333549
616.9396835,551.1958896
586.0441851,238.2102657
309.5192015,566.3743708
371.1610655,257.4999664
693.1151676,233.6908849
591.5360157,676.5612681
328.9642404,578.1871667
611.5885065,589.9213599
697.8863522,521.6718395
502.4531103,484.5637828
634.7185702,566.1916123
500.102041,548.0140284
694.1478164,506.3017618
594.8502534,295.6538647
788.5219311,548.9974182
625.5140305,592.5230408
748.8620856,511.6903266
738.8582813,583.2717888
473.3877577,534.4738128
864.6057334,809.5260939
541.688388,514.5796949
516.7198044,353.3404173
580.5751701,482.1366282
546.7475314,406.1686074
481.8843699,727.4410025
423.0079111,249.4095556
324.0094825,327.9892027
351.8813685,335.7932843
505.9456781,991.2988411
621.6204746,746.7424247
430.4529988,535.9164911
536.8899386,308.9007515
703.7458838,536.2737968
776.7347357,563.047172
590.395401,856.3834703
756.4775637,555.9811446
623.1486247,641.0653597
770.0732129,487.3033839
778.2878286,593.2642918
563.4983234,487.2759503
416.7954494,253.4144881
796.1674604,964.4299393
599.1043346,557.7653329
265.1861302,459.2739961
465.48107,683.4089757
874.6797222,511.6041604
904.9513798,406.7692637
295.0997493,668.9544663
984.4462849,604.7438518
733.1423246,439.6168979
714.9081598,515.7996239
618.749126,480.9634596
673.0240865,560.157741
575.1394871,638.1784778
821.966109,333.2109511
551.185905,454.5777279
454.0776499,278.5808339
957.6412935,468.8760767
931.5913589,851.4648707
670.6639389,156.0123893
439.0742803,635.4751065
768.5313405,769.8272211
497.2601594,224.1897424
668.923857,382.721846
398.16533,588.1772461
637.0640966,478.3214535
757.0502904,568.2282818
665.142821,556.7723319
714.0381712,912.5280361
205.8838153,367.7165957
236.0177255,515.8180314
959.6733341,914.3962803
497.2009707,341.7649128
334.6710439,512.4280048
977.106856,486.688478
161.2152664,699.0040593
473.7465452,782.5246833
589.0939687,624.6899954
461.0443592,509.3795925
454.322704,894.0126823
485.0547481,255.4338784
528.2531521,478.0542421
427.151255,507.9476536
583.0400027,588.5899622
648.0594578,265.141473
312.0491702,463.0710348
966.3664512,564.7030093
476.0682224,427.7948252
650.568049,511.3392055
538.3591397,478.9739057
908.9574407,860.6583513
362.7568542,308.2024374
528.6980486,626.5461003
776.295397,547.708832
520.8549988,543.2698507
518.5625789,555.8109434
608.3820549,505.3080713
454.3939971,577.454921
485.3052701,370.0341203
801.4942788,438.2761398
708.3371653,405.98564
478.9567239,749.0181616
757.7942464,530.3615068
570.8163299,463.0643279
550.7542515,554.0891024
390.2103746,843.2407602
499.5311569,715.9107959
238.5650118,402.2804505
858.9195433,475.1896958
480.5320482,660.5805259
474.7627752,431.0376756
871.4142617,431.9939242
520.1955639,399.2533082
957.0629491,915.5191366
531.6557609,175.7221608
272.0049352,598.7706562
816.2580621,372.6351953
901.108938,959.7656805
491.8541381,315.533545
467.6226493,631.2586447
475.1628345,230.8025822
597.2868025,550.4329508
400.1464962,817.0552125
676.9441133,432.1684505
218.2699387,521.2162492
847.6492266,240.6270151
310.1106391,714.6427692
661.5126406,369.1371474
518.1639878,466.1330908
556.2967618,299.2254588
638.5690117,454.1317697
499.1995294,430.9329765
278.0867353,679.7857319
149.2555983,524.2353892
841.1395031,527.2050734
253.3896767,745.1690136
543.7311997,468.8335787
872.6263642,697.4103811
396.5639393,844.663067
418.9699863,610.1300765
816.2902856,307.7945268
270.1382665,674.0024614
767.82575,360.1180678
603.3513299,467.2770706
732.058232,280.3239031
697.1288836,478.479411
910.3945232,732.8057902
595.2112131,576.9133316
547.6085315,454.4210241
427.3024251,591.5955212
900.5730188,963.8085772
532.6482015,356.888882
927.1652095,864.1296132
417.9410227,238.9995516
615.3169303,522.3252946
552.0287785,468.0371679
829.8033013,624.3545447
511.1257905,650.564956
867.6999647,598.6505375
573.8932286,982.2062778
653.9682009,484.6998226
522.7176677,326.7565493
795.3359723,471.5014095
392.6059964,484.507829
547.9560086,434.2111792
595.9688015,726.3652201
568.4183261,359.3818104
665.1199155,357.3741207
485.0950461,363.3858654
433.1898208,444.8523945
707.641492,295.9643472
944.3621264,446.4700797
361.8945358,385.5069331
535.2624066,508.2015975
665.1321248,418.3915913
592.6512681,497.3667798
508.3407157,664.6685951
676.2227182,870.1799489
695.3936704,512.7018604
641.6125783,471.6932986
532.4462169,506.7856006
411.6379728,654.3448201
817.0347509,426.2590857
852.2089288,622.3765242
557.4864681,483.5294956
695.5388932,737.1370219
675.9361077,380.5708036
529.2584611,709.7358284
567.9942678,485.4755067
632.0003991,318.5780709
550.1198343,466.0627203
791.5042267,331.3994337
431.2235455,455.8202432
220.8845782,777.7532391
647.1084387,601.3232366
667.5525996,841.8759114
828.4887309,396.1304512
748.3836623,523.3621099
675.7241459,445.560278
453.6544304,788.180564
893.4850707,628.6398935
752.2372647,452.2954304
728.7118158,323.1393857
537.050172,752.5475293
493.3479974,384.7495729
695.9853327,441.0718201
216.3897424,520.0019824
643.5059576,902.6820407
593.9470377,276.4903837
364.822811,349.7651041
590.7823972,238.4141478
605.951543,568.5981029
653.7317607,578.2718077
698.60947,542.1448633
461.0511455,279.8154931
429.7886652,576.7628123
449.6724884,520.0895903
884.6347045,387.6335506
698.19058,539.3085445
490.8871197,580.1793532
547.1922781,534.8478545
936.394692,865.3500228
322.1010626,307.6463059
379.5149268,296.7179883
289.851265,696.4589798
773.1712193,691.7854233
916.1236179,474.9304031
555.195771,267.3280976
329.2662661,596.4111977
769.5875389,642.017346
550.9581686,424.3945188
582.4802792,729.7037434
561.4665825,519.6038293
659.5310101,397.584266
690.1728105,559.7535496
806.5060083,645.3013782
620.8698672,627.3737055
555.8328997,564.9779932
728.8393165,405.7685529
636.8640145,534.6005758
860.6316113,482.9481034
745.4526157,503.0950786
518.2835037,935.5982695
744.1872269,251.6975154
786.1399417,326.3886923
486.0161338,696.1521537
534.7901853,601.4778092
780.9663009,644.4771577
485.0445013,683.3656836
621.2774018,919.1936956
492.1670847,626.5739726
273.8542713,723.8287907
560.7903991,423.7651125
896.9068548,715.3873632
899.7555226,430.091832
382.4988403,514.4055447
353.9139634,295.5946933
599.5894392,581.8360263
563.5654069,603.9689617
782.3816614,277.3460285
605.7957439,560.3021593
517.571936,638.7888915
452.4466274,755.5218101
171.7930708,557.1704433
832.7902859,731.7513613
415.8001474,894.1047823
587.9119025,391.8896481
725.8615001,565.0600016
687.9974047,629.4700061
665.3327612,366.4500107
762.7226383,524.9100724
824.445428,324.9934221
88.42350048,618.2501775
618.9286845,476.5188578
406.5869489,408.4684975
675.5750131,304.3466869
228.3779337,666.3493379
451.0801788,888.9789158
501.7819754,701.2437334
578.2832445,344.3064404
781.3918573,188.5580657
274.131459,859.9574046
581.3001006,403.2741201
481.6629254,698.2324704
547.9669745,543.0256434
521.4048351,567.6726727
771.5076588,359.4453068
669.4364812,425.2625745
909.0160302,862.1442381
451.485781,630.0486402
620.2329632,624.017506
323.3896115,427.8791527
958.0454276,922.0401061
562.9117545,578.1661893
667.4819807,578.0673823
698.2043622,429.1760547
451.2922005,414.1729565
290.7442189,651.8159751
476.3773189,590.636222
596.5438952,575.2755047
256.2182405,581.2838019
769.9361695,370.4290976
653.6186266,507.0390429
428.1198314,499.0815169
876.5148716,690.6778405
502.6870637,191.4389302
540.3868658,712.8194886
763.624296,691.6119835
472.1940964,523.8596551
657.3571324,496.1036423
491.3486597,697.5821703
778.3966334,670.0480084
678.4568632,439.4180721
730.7316022,521.6764153
368.1545312,740.8855034
486.3251254,597.7124664
399.3045665,494.1025551
629.9596248,543.6336334
853.1499707,401.5942339
950.6431697,868.7219763
513.5910426,333.6102952
739.6038252,444.3646903
618.0902903,475.9904733
488.0223776,905.2311527
627.3361317,597.1491683
792.2091879,612.073852
758.2216155,120.7884143
710.4540864,544.0924832
452.3022435,837.6197304
557.2293546,592.420661
648.7738868,546.401107
805.6315855,439.4221255
809.6436836,317.533692
747.0986788,567.3860091
914.5363241,447.0129436
729.1828836,508.8376688
522.5380193,759.1500893
533.5157781,711.3789623
517.0840599,679.2656214
801.7821027,579.0636009
567.2941303,748.0581938
582.4194427,341.7132424
787.3647628,324.996201
321.5257142,332.1262262
649.2577481,412.6316174
576.0707166,870.605076
202.2743981,365.9064782
575.2306595,348.9176705
276.8454954,367.7300095
615.8449097,287.5025483
618.586166,641.0412064
777.742936,426.9812815
696.0772542,500.0013685
480.1709237,779.5917514
955.873752,876.8705556
604.4228536,881.6326184
515.7669277,380.2270162
630.2127685,525.2905284
695.7722174,637.7565892
538.1438522,506.2708389
591.7594826,339.5395092
522.6807853,324.0259325
454.5270855,246.8535068
817.7788717,548.4376093
797.2490662,415.5341279
430.2506546,378.2817573
604.9540688,399.2620001
383.9185302,343.7523982
234.3853847,397.5959456
621.19351,485.1632481
440.3160296,422.1062456
406.765309,984.6716264
499.6554367,537.6029798
699.3535009,511.3874703
491.1727565,694.8111657
273.4357858,638.3621765
392.6294112,453.4661335
623.7639864,556.323553
575.214016,358.2941185
843.65918,593.2818009
738.8099386,522.1810644
634.1541577,626.474497
617.8634077,256.2798702
755.0591921,63.67410229
757.3263845,546.4713939
762.1494772,478.7111656
564.3719073,448.1148433
814.2781694,722.4963692
649.4221461,476.3967751
463.9756007,854.9456184
580.1933872,589.3612168
625.7217228,557.6305467
705.9648833,558.4984353
795.2554361,672.1044226
790.1110376,441.1706271
525.9576911,463.8721676
433.417722,954.7195658
840.1591069,565.8836788
808.2357535,731.9386955
192.4910796,373.7050856
599.53843,550.6912405
712.9014815,355.6611805
873.6728402,587.7088896
522.2715728,403.0549019
385.4482982,858.7240408
482.6246257,288.8637824
500.872348,625.4690642
678.2608259,335.9879523
524.7785311,395.019797
669.7483342,171.1477874
797.9035874,682.6854844
809.4197672,443.4022988
593.9581384,748.1266838
707.6180622,804.3702447
912.7099384,456.4220905
574.2996697,369.766491
506.5580886,671.8502698
634.061652,924.0745818
639.7377151,404.5106597
442.8946706,643.6429291
783.5907078,295.35993
787.8673199,254.0572873
546.0208632,468.3863041
345.9182155,356.5987709
216.9719219,670.3436772
958.7302398,597.2077547
634.4645726,628.0915972
613.0216941,731.1091889
605.8826618,849.2458188
730.4266403,567.6502536
426.8087365,639.4099611
551.5945483,473.1585422
347.5879031,669.7936049
354.0847432,280.522332
755.2819699,641.5595618
718.4061506,619.722149
829.5673704,357.2570942
399.7065283,919.3102415
470.2244205,773.833846
409.7420318,424.8001101
925.1790848,517.6709186
787.7026073,881.8148337
890.8320357,413.0152284
536.5751794,403.4293823
740.2146927,890.0235246
372.7413035,612.1474819
551.6159407,445.5208304
758.1130055,648.0241807
491.9648904,419.6018882
417.9583254,352.7162972
512.3757642,402.4800495
827.1867293,335.8837964
788.8624721,414.3211983
585.2086372,471.9219399
412.0500616,482.9532642
467.6371057,640.4199279
605.9006536,557.7615302
752.4392044,640.615348
727.6617894,483.459731
664.6236203,553.8700095
564.1566198,657.1809717
564.8022875,650.9144265
478.5878993,378.7590564
493.6045717,567.8711642
674.8533334,570.108937
699.7059066,227.1240115
456.5442502,498.6447102
271.5923521,635.5589118
713.3079226,549.9073034
904.5989291,548.0897477
363.2515315,718.5054774
587.4525945,531.6325422
526.0106029,562.4693735
501.4660926,445.1942387
712.78243,507.3092839
762.2226878,457.2253335
437.8098053,296.2069039
641.4951896,981.315991
587.9904163,622.7964905
835.6595372,722.6701433
676.6850073,358.4582815
486.3351475,772.4423994
947.9036511,893.3441836
537.5938212,407.2889354
489.6720959,738.5884548
439.8385202,398.9910696
575.8054386,520.5048764
471.4043744,243.0069914
181.6493454,708.6244847
844.9913977,247.6709995
601.6349924,570.1818147
748.2541243,423.1068728
424.9664564,681.4476076
471.8618397,664.5960098
144.0323265,527.5501561
619.4186579,590.9012396
846.8020836,921.1922338
657.0870905,531.4984246
692.484121,411.0535052
537.3622198,477.9480596
966.1486919,901.3195948
733.2489871,577.6202331
218.4322694,701.5681939
256.4170941,424.081132
493.3670529,580.4926146
881.4773895,470.3709061
926.5262232,465.8784365
615.7219782,635.7815357
566.7130144,398.501861
662.8820403,891.8318452
549.7052587,405.3286956
848.5768907,470.8129781
650.9809917,538.8878051
554.5693835,423.891186
859.2452984,670.1152448
493.1340882,208.2106717
553.3804261,486.7627766
414.760937,425.2800209
419.8089648,366.1986159
466.4696906,441.8604374
773.6556948,950.5328986
889.9656575,629.5409198
555.1699443,199.7412046
514.0482982,421.2589583
981.1424438,912.3584199
680.4948211,181.9737669
496.1215821,680.7933795
861.9558443,591.0919795
578.0844358,758.9414225
792.7936745,528.8493773
589.3562806,544.3945246
495.8874339,584.5967094
777.2685575,640.3708691
462.7010437,418.7471001
397.2162435,332.5033601
546.2214845,462.8057875
835.8496421,555.7859334
291.3776474,585.2564744
503.5908336,804.8428844
872.1219644,499.2159897
498.3809246,700.1374042
785.8215121,337.7160614
503.9462205,745.6094141
606.4520928,617.1611276
575.3654258,413.2868066
272.7702687,372.897225
817.5569178,561.6704555
627.5630442,569.3458937
440.5625368,858.437607
526.834361,559.2010118
605.4163429,548.402633
606.6104686,621.7048288
619.1893485,552.0614172
641.7510747,489.878864
715.9411681,540.9632953
500.5147889,801.2870651
854.6370587,414.0488679
535.7191828,413.2909018
687.1154017,389.2711894
645.5191224,515.3013057
493.8109157,590.5812712
671.2345234,523.5535812
205.8227241,640.7193576
598.4033432,342.2621655
803.7315847,553.2756004
477.0643183,673.4904368
645.8898945,518.8296078
659.9192646,544.6709084
220.048491,655.3928136
492.4172472,230.7870789
682.1722089,533.2817771
840.0966075,109.7560871
453.6606624,890.9522561
225.7141875,654.6053872
735.7848432,579.3079335
704.1648337,516.8417881
441.3490829,955.3072679
708.7620026,542.5170036
645.2545036,608.7612162
802.4481591,582.2139333
610.3621874,548.7483217
707.6513493,489.2229016
275.2712198,617.6622038
519.608231,428.8331867
768.6731626,304.3369295
953.9475351,898.9748873
478.2016971,415.5269822
509.3486164,392.6041967
613.2877062,510.5157999
726.6493045,520.1995755
658.1333118,534.5536482
625.7397445,897.1903021
489.6234387,580.0286459
736.8915565,460.4061083
331.7199831,260.0401985
806.0330829,561.0450818
453.1740297,642.3882536
423.9398897,807.0815974
772.0314585,442.3051421
446.8129596,747.2352687
557.5232607,290.5289175
754.6550281,306.8012333
537.5022743,753.5796226
704.1325354,147.0955432
520.2300794,498.2761845
851.391927,368.2328409
472.2918004,517.2223486
822.135286,725.8648334
689.9217941,617.0578075
305.7452365,386.7720137
812.2619634,323.8791324
351.1080054,272.280775
490.1029555,411.7982036
718.7081014,451.3975382
366.3170299,407.9243173
404.64289,657.6599213
570.8138282,451.102141
522.2909278,196.3990876
563.7831662,486.2767857
668.0941366,372.3365177
584.2713554,593.852579
432.8515868,583.4895653
614.3144676,592.2000429
667.6645653,513.2543773
543.6104853,444.1216113
569.9003058,370.9499812
791.2430084,334.0016369
492.7764093,322.7064443
146.93482,713.8843226
839.9018136,901.1367109
620.4394121,603.2658629
794.4873013,388.2573782
401.1146381,744.8310765
623.7276732,470.3755654
454.0504,800.3297091
453.0136614,692.8863619
420.618626,706.8157462
770.2070503,433.4236693
413.6832413,371.0152953
807.2738585,240.9925112
796.7350338,667.5487909
656.8665597,540.927149
789.643775,333.4064548
701.4757102,526.1554292
598.79762,822.9934317
187.2891403,668.1115667
445.5803635,384.1577338
684.3483786,619.5974963
424.7576106,397.4816981
463.4918892,281.0354639
599.079991,754.7486124
719.6631952,479.2499134
482.8817991,267.2469041
922.9919192,953.7513032
101.4249406,625.8700172
409.7987037,457.9979253
867.1708168,612.3464122
842.9852288,601.831939
210.8312028,800.4793299
518.7767279,910.935925
434.0325145,492.7007451
623.9230514,684.7596584
403.3587004,472.056559
168.0426704,518.5791741
455.287745,366.0600897
448.2715993,601.7343021
468.96802,768.6747583
367.9427492,527.4333804
619.4020443,988.1670833
866.233505,431.4630952
626.0018167,488.4836982
824.2483121,308.4126086
607.1642298,764.4472854
524.388419,390.7017702
696.4183345,722.3264187
450.9013993,813.2771453
515.1806735,417.7643162
558.6834851,477.8761012
609.5392831,653.1721947
873.0834699,548.9584929
448.7897364,502.7350359
606.3430034,495.9970001
463.6951472,608.0177086
553.6751412,913.5876676
581.9857667,980.8888163
608.9546468,550.4371087
564.4230663,579.6887866
427.3054812,453.9370808
523.490072,549.2790881
695.0567997,542.7956439
745.6313952,899.2960048
569.4316499,315.1572259
577.6122595,479.7871569
540.9683562,416.9788538
675.8214754,412.0409901
551.0880212,699.234999
696.4307236,507.7929347
643.7331247,599.9356553
595.5586752,704.0443655
787.129536,623.3464584
761.3473362,298.7056617
432.8495045,572.5530365
420.0132414,754.9725945
690.0604403,618.2158072
447.9611395,643.5571181
647.7630648,561.6829709
756.8486204,527.8408105
770.2951068,284.4436055
744.0120876,491.8377039
627.9391643,600.7992398
417.5589552,546.3140005
790.2957495,809.617609
539.4836801,399.0300575
840.51746,423.6665981
406.4269552,419.1830084
797.9004265,351.1455814
465.7128812,455.9032545
814.2293024,163.3728736
463.1531009,403.1174371
546.5566175,906.3429352
922.4080319,600.1774807
412.0693567,404.6751361
622.4441428,486.1875272
719.4735546,271.9903714
207.0877683,795.9649009
149.3009149,662.7894861
208.8368087,540.8252288
926.5427619,452.9901299
788.7572478,433.3165465
883.7520423,440.8206342
671.0950681,566.8878371
453.1057777,563.7941061
810.8013163,333.9394151
598.8764933,268.7518043
486.0274741,383.9318922
480.633033,689.0847891
588.2870788,537.490738
636.6343456,542.269119
351.4810096,263.4035855
551.7257192,379.5990935
830.1344944,374.8175575
616.0480628,561.588489
351.6798783,656.2842078
943.3370578,871.3822226
727.7775751,826.5862958
480.9747275,938.2825229
241.1700637,402.9944978
778.368215,427.7788205
314.5028722,364.7798402
850.9337126,423.6712574
578.3960791,428.5008701
337.0061438,335.5741914
878.4006257,721.9662923
592.5445007,287.3322425
769.2567204,313.2343861
859.4991911,580.9326182
667.8601981,424.9075672
811.2939263,331.8518273
695.9952649,368.2559495
652.8746556,564.0670006
684.5785719,557.2576542
645.3355191,764.342837
818.7432985,388.8143454
468.1697591,496.7015198
781.5664872,304.5811368
344.8206104,965.184228
788.417306,411.8000005
493.5053546,566.8972602
445.4643381,230.4587321
411.8176961,603.24616
708.4522769,153.6697712
399.3839641,816.0675603
444.4542951,631.7128978
446.5724596,218.1616796
403.0398514,360.6093866
582.9144196,480.7477097
779.2037629,157.5595369
530.2434864,640.5215555
525.2888333,399.2114788
725.4105065,157.3572844
457.3572222,388.9558386
493.7049723,767.0108977
545.241343,543.1850634
669.1502901,525.8128119
524.752225,397.7829038
777.3314165,551.571561
569.9826097,434.7274453
425.5707923,406.9538399
704.5159811,260.1940399
267.8422363,720.3672862
752.7150439,463.3419236
942.2064802,870.9993847
539.5543889,479.6012852
431.7945794,229.249459
598.5124925,546.4664629
529.8510223,463.6715658
617.3540943,744.5111081
707.0027754,264.0153155
583.464106,402.7882546
606.6066336,529.1436463
863.9309432,583.1988901
638.1013895,535.0029704
671.1559946,522.145315
578.5015731,752.4888802
823.1470218,547.2414157
586.6165223,277.6513712
550.9431879,668.5469109
772.9536248,159.0600076
672.2658239,398.2377419
569.0851765,336.2735085
713.7541074,393.4102604
423.3976637,331.5718497
493.8544795,365.9693896
387.1284274,488.9716531
580.921943,604.0248527
630.0179896,867.1681218
753.7530108,519.6597412
532.7767808,174.4227725
796.5793545,320.5834623
662.1067597,588.5933471
924.3393123,862.396782
600.0433991,329.5425975
895.3186321,422.2969855
814.0095806,476.9963031
666.3314937,574.3565724
728.935073,829.8349129
485.9780678,315.102881
542.1221689,717.8278481
517.8250347,631.7310964
566.6920564,523.53766
531.3425296,463.4459958
757.8340051,296.727683
271.0255877,368.9774767
564.5974116,754.520765
403.0032686,295.3862354
855.8482025,595.3651263
248.3025794,373.1377341
776.3257479,631.8836841
299.2173564,689.2066629
798.6076049,272.3312128
639.9267115,471.8442984
452.7186467,816.4857716
289.9588563,718.8430801
646.1209416,516.0117382
678.017989,542.9043755
799.5848701,240.7516052
711.8632449,555.7731464
707.6436193,565.9652902
634.8344757,521.0883998
924.8108445,597.1437986
563.0120802,731.8398885
501.4415992,468.9122649
206.1640441,639.0739254
576.0470921,412.6666564
563.2987207,996.6676613
516.7923409,310.2195085
407.9126051,950.0584411
485.2454672,330.4917841
581.7346754,589.6892084
705.4859357,515.3378699
335.2544818,663.8003304
658.6304609,547.0349845
691.2014745,616.3810349
607.2260101,495.8129671
757.1755739,746.2866672
692.0991323,712.3812819
741.4969648,573.1582267
790.0988284,566.2895627
336.746888,588.6217209
760.5170315,505.7138716
577.7653172,222.199499
647.5508184,495.2057084
762.3305188,227.9352569
448.0366422,936.4820374
485.0797358,327.8025789
410.9919605,333.155854
573.9709334,730.3139273
605.4036842,565.9592728
552.2594511,672.1658505
590.8968646,272.8416494
488.4633191,660.8773021
578.3933226,861.7403601
731.1996588,519.0343675
569.7380349,916.03277
697.780199,565.6364628
703.3561612,552.9699443
969.7975982,589.3972796
607.1041722,493.760481
382.3871593,764.2716308
777.8122067,154.138065
433.190465,384.4445019
565.6807101,324.5372676
282.6299438,674.7045782
699.1872752,521.9632878
720.3763359,508.7395722
689.8857655,474.5102905
594.0319632,608.1608106
502.5942134,491.7940775
699.4059932,803.3216244
620.5213265,384.659019
591.7795717,540.2296079
610.8843393,538.919898
819.4685136,730.9139568
536.8830625,371.4116307
626.4514321,590.8370955
456.4728822,395.5384659
432.6549953,227.5121983
569.8536709,740.5987771
642.0596619,904.1220864
349.7336471,425.3760908
462.3089241,407.8473862
468.4318462,273.220622
341.4360983,589.4933286
296.6350452,660.4532406
516.011907,550.2918964
833.3925245,736.2249219
777.4231882,437.077815
484.5068893,713.4783552
466.2050567,430.3205569
570.9642792,345.2423384
780.7531257,595.5106311
819.6100961,315.1385468
188.4146094,662.978659
593.5059613,468.7746789
813.0889723,639.0606787
320.6550666,310.7481228
457.1932137,615.9647459
696.9269888,548.5249038
561.1513588,504.2855265
957.4409718,868.3350431
667.7953317,636.452855
757.2238866,170.4608395
905.463974,861.2974732
479.1424694,732.3549636
797.2704586,367.7728837
819.2502,544.8878075
700.0646791,499.6189485
912.9093913,862.3563525
639.0316603,547.4561627
670.1654864,387.8385192
772.105568,309.7484149
464.6779852,377.4051351
737.2784028,529.4611283
807.1023296,457.2014727
538.981033,781.5675989
201.03951,512.5381362
529.9515427,809.3586088
735.8581886,531.1633082
331.8213574,351.267309
664.1986481,528.4354493
739.1043391,553.1266691
424.0854421,357.6959904
580.5463023,388.7569292
535.7780869,397.8562621
343.4484542,474.4438272
583.18951,463.8575837
549.0007319,768.0867427
479.5152189,574.206471
522.6872569,603.0290938
868.1833915,350.7462582
908.2084212,446.899887
331.3835767,551.9878709
801.6611636,389.5835315
807.1327254,378.0416035
495.1592825,573.8836611
888.1105539,442.3727545
579.4280538,409.0178386
757.761963,699.3408681
328.1793123,576.1631171
536.3761459,423.3901307
597.6129021,496.9640301
765.4288848,874.4680557
715.6730138,513.2589113
226.174589,669.8361657
426.6077556,584.4391698
429.1929281,428.0663825
836.2784643,461.5754115
524.7899614,396.2732398
636.0728244,573.2096047
154.7572413,710.6845344
576.3020035,371.8415216
707.2237705,567.1771124
468.093822,458.714626
526.3786335,638.8686224
452.4803189,506.2603711
418.0139037,406.8219997
832.178115,359.7646693
770.5760996,303.0195516
709.8484321,573.1967341
589.4440374,608.0921743
555.6650561,309.9866883
430.9756151,410.342592
644.5446286,886.4670576
568.4189404,354.7850597
871.072657,729.0312332
459.932912,610.5281043
595.0928357,539.3736288
617.0968758,547.8661208
496.0385591,571.7167185
735.4518824,679.9408478
199.8364109,761.6929331
531.4885015,549.1057528
89.83405217,638.1668608
601.7506583,296.6338697
395.7839698,476.2719134
614.788097,561.8391315
747.4562528,316.996156
790.7576341,561.9905493
620.0172563,547.0205469
473.5505978,445.4353119
686.8073688,613.8191568
345.4879551,467.5534336
511.5029144,559.353119
683.837627,395.9044634
605.6713592,524.3121949
230.3733315,520.5937797
471.7081828,745.7183755
835.3596987,724.6290251
382.0530749,451.0431786
511.4498678,559.4653816
680.3830952,656.9430535
510.9979903,412.5501523
631.5044184,512.8170691
822.7820472,638.0493747
477.2570149,453.4341032
496.2568127,437.8981074
739.199841,284.4857066
508.4295212,564.1646794
187.0986159,730.9049725
711.5159775,381.6981938
859.5395341,721.9645373
472.2595171,671.706353
969.8601575,903.9237202
380.3790878,355.8751961
477.1628613,411.5676818
494.1620181,583.24517
186.4624759,688.02568
761.4869262,263.5475232
771.2858996,483.0540561
459.202918,422.2782855
501.4686693,381.1507541
830.9882139,612.9260911
304.2765148,659.5245509
500.846716,567.480888
177.8217195,475.6760209
686.6050696,395.7261553
683.6179502,428.7511783
704.4946785,237.0724077
655.4534314,586.2282472
767.3993996,766.2490662
612.4262866,527.9132285
520.570965,918.9082648
657.9748161,674.835123
512.0709521,436.7757527
630.4720093,831.1909027
681.0536907,548.5501018
898.819709,536.5049454
599.3380483,673.9257183
370.9400105,447.3825975
541.7344087,552.9580975
675.9737541,439.7565106
773.9497058,305.2702994
696.5050428,520.2388768
496.4068593,428.7528498
592.4227976,574.2560939
826.1997116,837.0539877
468.5058658,383.7374959
539.094332,442.8677925
567.3231929,745.6720538
609.6822139,591.9966204
360.821484,938.5376994
746.1795536,430.5967945
551.773193,745.1117853
396.904735,893.8046631
737.4952333,552.8497212
570.3292928,510.8009173
452.3968615,585.411841
616.6796037,829.7196416
710.9993235,994.4413801
147.947934,696.0316171
611.8051722,746.9163451
874.5391884,607.3453655
598.2907184,290.7153324
553.2318776,767.8818159
796.1798345,556.3622066
741.1154516,457.0913622
566.5249618,310.1915943
713.2333038,434.7381639
677.8472391,666.600858
936.1381927,522.9784989
630.3097684,822.5475571
634.6975672,583.8775641
648.3278817,473.5492363
448.2615472,347.7122836
805.6566482,526.3441633
658.9293556,846.599049
700.9473263,224.7984428
514.3396127,608.2563164
781.9672655,470.9769948
493.9292781,564.2380168
806.430221,550.5839506
724.300018,478.844531
739.8867804,712.100594
496.6598532,550.2894728
675.4719011,559.4553735
876.2936368,586.5709689
601.9713538,733.5204433
436.1004938,411.7745727
546.687354,431.933144
189.8018512,521.5587829
590.3762407,342.0476484
723.0958552,477.4875383
402.7861235,364.7755987
824.8225369,658.0463948
675.160857,502.8918442
617.339533,726.5563988
200.6767676,754.7425114
901.174059,512.4430065
434.5128853,522.2397761
733.2597432,463.4572785
344.7311157,546.2462
818.0957882,314.4047131
728.8858615,542.1989156
490.1099515,289.0204862
345.7872393,289.9123192
474.0987112,307.6079448
743.4285299,385.424883
175.8306511,476.7793832
494.7225505,413.4582198
549.1339551,486.8462893
485.9774536,489.5528573
934.6378467,867.6725619
527.6068702,436.4507071
236.0619185,670.1115257
746.0948378,309.7839553
708.1483936,150.3414859
416.041726,438.6829639
718.2268767,513.376857
667.6701381,698.5816484
764.1412796,497.4865852
521.44368,774.9870401
937.3980087,871.2717777
704.9902097,552.8995112
691.7847326,195.0705941
377.8738822,452.8919079
346.3705574,359.7393041
798.7092189,575.7973076
914.499172,416.46451
204.759215,529.4024792
403.2711233,604.9292011
708.8128021,508.9795381
599.9170969,574.2814799
219.0526797,536.6856145
603.7327682,559.9730603
723.554504,476.3117789
756.9441822,271.4139938
408.3948784,509.0171679
706.9699078,265.5247079
591.9838784,323.0123929
586.6199679,423.5913802
521.2806601,453.6421224
800.799819,324.0103039
538.1901875,347.7216859
639.189362,609.674319
427.695818,492.9054839
531.6557609,175.7221608
861.9756787,969.3551831
391.6718906,365.8009643
242.6696756,827.063971
966.9518815,568.743733
468.4174198,259.339398
691.5017474,521.0994526
132.669519,493.6737924
955.8677298,873.6919747
580.9106027,525.9598837
710.3146461,608.0413605
221.8276126,663.6257832
89.6280677,621.0533587
573.5964462,352.0276778
501.7572273,535.2384231
813.9014799,536.310967
760.8902304,476.098996
827.9500703,751.0712536
771.1375309,665.9383977
769.5786105,683.3512042
493.8771753,450.4052476
630.9411296,276.5222468
496.289216,729.3053396
983.7438404,580.8128546
873.410813,872.5939404
500.493786,449.3814492
607.3729108,798.7450362
260.4969499,522.5412325
381.4802434,328.951824
376.4253695,622.2132597
902.0324525,433.4522103
452.0181946,684.9770798
591.0440499,458.6082972
694.0583068,485.3723328
415.1202938,224.1570226
515.5418878,623.1911335
567.3204214,746.0666759
420.9062702,869.052893
758.7301949,365.0618235
824.2921156,562.1663083
690.1272842,441.0933825
973.2309323,518.3199651
786.6184398,476.5848197
344.5483663,298.773901
747.0693466,526.905978
556.2676842,425.0118484
390.8386347,734.2221005
461.9799332,541.9003008
480.7483843,427.4371643
924.1640382,960.0782943
488.820294,388.1997112
734.3121066,429.3291021
669.8313721,853.5095635
556.1434344,370.9938582
702.489019,266.7612475
474.9969383,537.7676024
631.0118384,621.9575608
740.0495157,566.6326396
456.3997165,200.7495208
611.1515348,649.8979409
69.83240579,593.7204045
512.8827557,393.6033823
716.4788101,517.3198811
829.8320043,199.6201875
700.0194824,266.4421149
683.0955886,400.3958256
429.7440227,600.8818332
417.917533,431.8167653
526.2131867,463.0970477
379.3213613,615.3999434
516.7096175,227.8024138
219.2925505,499.7175465
570.2914965,320.8827667
385.1314417,511.7112205
599.0985071,578.8386786
528.8039321,179.8268406
520.9384862,236.6341384
720.1066685,464.5315774
421.3022848,592.3651669
751.6557444,623.946467
546.4492659,840.2282435
438.7645696,529.567081
594.2034022,403.6484543
433.5134936,518.2571373
380.4653616,338.5553673
377.6368428,941.5030377
728.375035,433.804982
788.3585966,289.8286811
757.6664461,370.3894201
393.9263194,994.4953489
450.0367439,501.826258
872.2303946,497.8774255
780.1404904,327.6870986
259.0845106,721.043035
694.7798217,516.622152
523.8437811,586.3957949
609.8987598,261.5255212
565.4866054,511.7372751
658.9335952,481.1535518
770.409799,658.6043441
288.8751832,344.9162691
463.8036823,647.2570631
465.6265475,626.4356136
573.6559794,740.828693
505.4643186,971.8654743
709.4981836,151.9247798
569.3365675,462.3259812
147.390967,434.0181828
691.2422369,621.551656
423.8801018,548.4328455
478.4245349,425.5899602
649.1896758,627.1970481
666.3985922,11.69729471
815.5454158,354.8058073
229.7491911,724.0323595
771.6123139,417.3131763
540.0513283,416.5809723
470.4723509,678.1261755
594.9140412,935.8395934
528.1746233,634.3429735
933.3432156,892.2555307
460.4308851,273.6652013
439.2775533,869.066871
929.116624,681.0664203
397.8358897,493.5905096
499.884042,634.7262502
395.1186924,844.1128484
381.4871944,324.6354269
387.8863304,244.6997482
468.6819338,742.6006166
494.4916082,419.039196
682.6537032,188.3113303
740.6781204,745.9001728
812.1085312,443.9318116
772.5507042,523.6710673
709.4661549,147.7838074
177.7711297,729.3545446
497.1516842,447.8902762
643.8033092,545.7451029
692.429861,421.3250873
629.1903514,415.6608282
912.3443497,730.3779461
284.0364357,639.0348121
254.4736943,368.8106811
813.307226,808.1627077
878.3413621,720.0184635
486.7325103,477.0496242
701.3208398,430.6894169
714.3082431,534.732604
543.1133661,571.6076526
660.9591191,430.5981108
835.0044167,382.1950077
531.4880221,384.2912037
381.5735581,328.9977696
466.4085544,816.6883374
657.2423204,145.9293741
743.5796101,358.9385475
660.468187,494.6338438
602.2143106,566.1072639
594.980106,216.371453
340.0113599,763.4798794
819.2415562,335.0186449
215.1800368,530.3749624
675.1609169,878.7244039
753.5497828,901.7262517
479.6265404,689.8771047
636.9203569,554.431657
570.3475692,367.7625204
637.7521596,573.2459182
348.5234471,602.243318
785.0467109,665.2705468
747.4239844,567.7269131
503.1904148,452.216389
245.1329053,693.1767028
481.9362181,792.2069337
804.0901924,375.3858284
193.3509561,774.3684359
191.0169648,516.4476675
527.7937393,330.3274958
714.3133365,159.8202093
702.3282312,391.6708686
768.483612,375.013709
471.4182915,762.2918552
583.2454778,511.1713235
655.4423756,406.5333721
470.1529476,396.3689754
447.1955963,378.0053944
489.3075259,615.4416058
856.1341239,845.5984427
564.1041425,743.1181571
500.7166836,510.1318964
469.8368401,282.8087038
626.3927228,972.1426521
381.6500345,442.3899084
706.5182999,516.8314456
439.443764,377.1029474
433.9251479,633.8461178
413.6878104,497.2283581
702.5934194,562.7007311
463.7487481,397.2007803
699.5150526,413.4848803
607.9470457,594.598364
497.9876965,528.244981
519.9902086,755.986343
537.6259698,434.7760653
692.3166519,565.8137053
467.8516891,911.047728
911.2670584,479.1292306
907.0737539,730.542109
460.4143763,550.4890717
419.2183661,579.5631937
789.3956348,643.6426366
790.4377515,390.8863046
683.6581434,525.6458074
403.7378466,363.7971817
758.5714445,302.2834405
561.0496999,583.8591775
748.7643965,17.36117778
726.1815026,379.4536514
446.73509,450.7997026
461.809453,500.1532877
797.4874988,327.0112036
560.9547972,188.4839134
589.1067922,460.505563
640.5532488,533.8360699
696.3784709,547.1501514
594.4816835,743.4806027
446.8463965,352.9363094
702.546395,435.2464485
520.8051881,810.6791626
816.6535224,335.6615904
709.6908802,728.2301004
621.4213513,838.6404783
764.6300995,310.1064727
590.9459563,563.5366521
515.3190052,556.8166687
503.3459743,505.1711539
497.9892545,569.9342853
862.9830701,260.281209
904.0369735,536.4798728
523.2542161,549.3771429
389.5361687,446.9157454
894.3399138,624.9342027
733.0013113,679.9757197
705.3866437,203.6262483
226.5398631,703.3084842
583.9791421,641.1547227
572.1192753,630.5941159
595.924968,499.1462252
554.5469724,468.1291008
584.5992527,523.2763825
295.2045842,625.9608218
846.6943575,397.5452154
563.9325387,519.8375269
160.1519222,531.5283028
584.8712721,346.4160503
777.7443442,596.0906025
592.9332646,382.9762495
772.5740741,291.1150735
652.7645176,562.4694153
623.9749894,483.5999078
785.418262,480.9004437
522.2938341,583.9787112
473.4156967,392.2827449
527.1808194,467.1141822
545.3498332,533.5400459
659.7051456,362.5126907
564.0169698,562.3014288
718.6217527,297.1168518
708.1754038,326.2641232
494.1276524,510.8061617
542.7715667,182.8350322
570.7721369,455.704157
827.8782678,407.5610987
621.0687208,772.5674908
805.8777931,480.2864363
600.1003257,498.471145
494.9294788,549.4327624
615.5091925,802.5325055
370.3107766,454.1886009
294.5389172,662.9285137
425.0755308,354.3159928
226.2243399,499.8733102
923.5983824,861.9644048
369.8143166,426.5960198
791.9046605,603.7671271
370.6086227,351.0278446
706.3666654,256.5941137
434.9349962,521.2902761
434.3227804,798.5900456
813.5907655,443.3973888
557.7709065,327.6294734
871.7005276,449.0588064
444.0351654,414.2381662
712.0703979,506.3155726
479.3327092,408.8142071
585.3648858,382.6931588
372.6286487,818.8400275
606.3023758,339.6784533
421.1417367,835.0947717
322.6811148,954.35501
854.84941,265.8108909
137.6469278,697.9112693
544.8006561,369.8955941
352.0325087,989.3058607
228.4087939,717.825111
205.3097553,361.8078576
206.0866838,395.9628617
460.0056133,431.8077183
728.2399241,793.1915771
675.2344871,435.5631156
783.9330165,531.1001252
883.9046057,649.2561028
414.5306389,229.6760486
844.6953194,729.5854843
721.0452686,502.1938226
366.5483916,617.1516626
466.1121615,757.140749
475.6474148,711.1230963
831.4179499,313.5175604
585.0653319,475.1988264
415.291598,445.3342066
573.9024417,459.5567943
656.9443245,176.4010019
673.6362274,188.210016
373.723782,784.7462007
224.8455922,643.5827548
637.2394006,91.55710787
508.936288,729.5342108
558.8430893,564.0053429
499.5181686,376.7255627
598.2102421,609.4801107
603.7700551,180.9217617
697.7889627,490.8692741
352.163335,272.1103439
760.8885076,490.7894387
415.5210572,409.9431852
586.9971367,164.2251545
545.7414583,906.9630019
783.3540279,492.3958412
547.911456,456.663895
586.1664575,291.6163795
511.8425116,626.983116
538.2692705,381.988263
550.8186834,563.9200333
718.1078102,318.7317243
334.8700774,586.1237153
510.6143198,898.7748078
574.184588,503.6721249
484.003658,582.5509511
324.3026995,429.7608944
394.7871098,329.515749
317.0520312,835.0858709
512.112194,922.743978
707.0423993,502.5996229
509.4374669,563.7143752
468.3982296,406.0318571
641.7980542,565.6836411
618.3556282,746.2268481
601.9446882,720.0305192
831.8862163,612.0849884
417.7370456,593.1594256
538.1961798,312.6508418
772.7683137,471.7658838
442.497907,456.174373
488.1584022,214.9688491
553.289014,358.8506053
503.414466,476.3781169
442.8120521,540.6838819
850.5987294,954.5597697
703.7476066,427.9351692
740.5108909,525.2736462
908.0182713,443.3173236
430.5631668,457.5772695
556.1431797,472.5735354
498.5494424,594.158653
563.9344112,383.998857
104.1730282,493.1864226
897.7314668,566.5000891
529.7610782,628.3193192
508.7656729,451.4153398
371.6950971,491.0107463
621.0268948,595.0130441
795.6865354,457.7879421
493.6428923,755.0439679
674.8233121,559.0760875
458.7270414,623.0301046
442.9153439,535.7512626
608.6800508,593.9753721
600.3726297,579.8572954
546.94255,549.4218767
653.3024891,557.568492
527.438682,559.6501459
498.6831151,386.2278753
650.2733788,512.9555117
258.2575167,717.7511259
610.6902495,589.0360041
477.7643509,417.5602042
489.3213381,826.1511188
415.0294209,752.1715027
659.7742215,573.4627546
928.0929486,854.364268
491.5193647,598.7754827
659.6445787,485.9570889
809.5492453,432.0601995
158.1150429,718.3148001
430.387683,324.7263778
180.5162061,751.2752612
475.1449176,787.8378841
237.5893046,524.0483892
457.7028117,620.6692253
446.2433788,539.6637817
337.6301195,332.7886447
377.0294957,325.9611415
485.1318087,655.0800118
843.0644018,620.1305193
452.3500918,526.8674497
438.7567197,929.8384419
636.3536674,545.6706163
575.8281643,722.4492118
846.8561189,356.9748602
210.2611726,745.4219127
324.9821486,363.1391718
899.7751773,605.6258019
764.1183591,373.597733
783.0034498,308.926054
508.06588,417.9029678
677.1903508,308.1731442
733.7450876,444.9537505
564.3146361,412.9274534
459.8316126,401.0827944
501.6223562,915.3946928
608.9577927,260.7176606
690.3797837,75.8464604
454.3601257,506.2444917
748.5409895,318.7024311
857.1208719,580.3459607
682.2947509,468.309352
899.5992441,546.9369297
678.9790601,367.5330433
557.0216024,768.2526399
625.7417969,536.1452579
862.4347319,362.3911094
752.7562857,516.7750114
798.9869609,581.4151198
596.4133235,470.6672226
974.3881456,900.6905437
463.8753798,469.821586
966.4683648,595.6304991
661.5244903,480.6317071
523.2784249,471.1895479
684.0939616,443.9974601
456.0436855,734.0730229
766.5391485,912.8010143
611.3420742,489.4838867
484.8341574,517.2183997
653.2057288,499.6504982
549.958657,872.6818826
619.0768285,520.1728941
759.2378754,368.9550367
691.0984223,473.1963183
558.3013876,315.4307681
805.6091744,581.2649766
503.0239045,989.7486639
568.9331525,318.8485627
668.3572574,173.7028959
908.4362775,475.1851618
446.2490865,452.5720858
442.0432431,359.9569135
406.116001,409.1392527
659.0095622,493.4818407
889.3170087,416.2343434
784.6547112,649.8398769
477.3094174,714.8893584
260.8966347,417.980275
773.1973307,434.3235464
607.3555481,590.9163876
611.8934834,650.2404746
483.0905401,584.9133974
508.7769384,235.1698558
658.8291049,483.3898411
968.9949778,925.1134447
497.5797574,748.9545189
420.0325815,385.4808158
436.9166267,571.5744732
517.4599553,225.235354
720.5138137,814.6423284
517.0400766,426.6104575
737.5100343,554.7720386
441.3295331,284.1624161
575.4763578,466.0126586
199.7979255,765.6864785
513.6735712,560.0706973
713.539554,120.9026618
635.5500583,481.4812718
690.1651853,372.8353583
222.4204134,768.709442
466.134228,645.5960023
574.2554916,599.9780907
472.0327843,779.2729739
478.6565109,332.7771949
835.8066925,194.7945446
787.851725,673.2998222
538.4712402,400.5188485
393.915024,821.5802137
726.3780342,559.5053516
193.9174059,440.783673
417.4710485,880.1274466
736.2765693,666.7157115
487.9684471,299.4236997
711.4085061,199.5278785
747.183035,315.0214786
145.4937976,492.0130659
815.570104,590.0513406
780.6750613,232.7767373
737.2188546,485.3633067
701.8943755,459.9804588
471.8408817,609.8457322
382.0233233,665.6754278
659.3706718,951.9817406
817.0320694,620.6496896
600.3160776,674.6909764
404.9335153,308.0982398
585.7752967,399.7661268
492.0841966,724.0794751
939.8823761,893.2889821
875.4772342,510.7414326
685.1149554,551.8913831
584.8756165,550.8326083
488.4688171,301.0467128
734.4598162,426.3261131
546.3548277,462.8022355
705.4186874,464.6267698
761.7522642,274.3490778
681.3645849,526.0568729
540.4102357,543.6757136
631.5817188,440.4842224
910.8851557,848.0256391
667.1352376,849.123945
618.9296583,389.0765632
484.3555843,751.2009417
705.0705212,517.4769192
578.5918317,396.1908345
296.4450751,528.0015677
667.2973437,622.4272963
552.8866626,465.8384875
673.3131239,361.4098508
367.9045185,935.2447247
424.1147742,354.7844329
458.3568686,771.9201995
496.5121286,447.866499
280.0043084,583.5893126
680.8741022,539.7389368
733.9852879,533.0893238
422.8601865,360.2576387
666.8761616,559.4321395
661.8526872,543.6761942
349.5101802,661.9283253
626.4745923,689.1790831
801.7662831,585.1862919
209.8755846,641.0075255
723.6783643,303.4232207
463.8555754,675.6021152
534.7833841,329.0184754
705.2865128,338.1813674
473.0078174,639.5424281
424.844963,520.2133028
388.5842208,488.0701045
497.2354712,722.0236459
480.5374262,407.3384538
534.6682875,791.5122133
435.9216393,634.0640197
753.9766426,264.1289363
812.9605279,383.6578694
759.5426276,532.9590298
511.9697726,432.6284077
727.8936305,294.595863
877.5118814,683.7175778
737.5068733,968.8115043
539.6745191,544.436772
898.9281842,539.8547723
677.4164993,402.4404138
723.1211127,654.1841673
923.5481522,438.5717459
669.7242003,562.1923211
629.9925524,465.0766979
675.1719877,555.7268247
421.7452338,618.6776447
454.033307,537.926521
912.1060069,627.5352776
773.2033079,314.3616927
560.3286793,697.7800351
648.929656,190.9320872
673.7337816,416.6154054
251.1247913,742.1746119
925.7614141,500.403596
410.7886876,431.9659265
780.9187671,710.9048392
685.423288,370.0118057
526.7062761,471.2498684
784.4909573,316.1487225
649.1452581,608.7056803
930.1940052,519.0588133
594.5055478,575.3894179
551.6670848,571.5190836
572.0500945,371.7379926
671.3132918,17.97871632
829.6799204,720.4571925
687.6761589,709.9885604
685.2592195,256.6585712
509.7273133,214.8007372
473.3740953,260.5756242
374.5970513,469.5354656
513.1744147,706.8453319
532.9355161,397.5123911
444.9990229,416.4831891
555.9714261,319.4054464
564.3387251,396.6197224
574.4026769,363.8227557
366.6850305,946.0692626
276.3773189,675.3038347
801.3481871,470.1015844
700.5363161,412.2211369
516.9905204,422.0028002
905.859614,459.0947269
525.6872148,578.6458075
773.9405676,452.1438037
489.6234087,276.2268078
913.589949,515.7225465
499.1611339,704.1114974
568.3847544,409.4239105
653.4889837,533.6376411
747.0086898,391.811526
410.507515,716.3515516
638.6158862,455.8412624
490.1434933,674.1421368
601.3869122,560.1218872
458.975586,777.2873481
696.5697294,711.4347489
659.370447,544.9787166
942.3460553,599.4967383
461.6259995,512.2489654
631.541241,558.1027476
683.246519,557.2729694
887.0722573,534.7761886
579.7732089,589.4992834
488.3736597,822.434187
540.0516429,199.6086959
940.4135164,601.9904816
609.6939288,563.9302086
619.5632066,437.6002865
565.5686696,487.5494299
529.3802242,806.031619
515.852872,371.4778433
423.3296513,555.1282578
643.6888418,603.260326
949.6997009,523.2066597
798.0636711,471.8419583
624.3299718,477.2029432
776.5326312,316.2274505
903.0569519,453.1933643
672.5079268,424.5289916
740.3731135,446.0219067
508.3253455,618.7766607
631.7736214,644.8160768
898.1126804,679.2319823
839.4111661,531.94829
567.6988037,392.4248439
659.7419382,580.2732084
416.329505,335.0550211
723.5714172,296.9682339
721.2624736,512.849559
775.1778676,318.6462684
670.6418873,433.3212476
643.0373766,590.1787721
500.3319346,657.3704371
552.7496343,616.3009906
598.6190352,549.2742825
749.4919337,136.7460479
562.9104063,572.0920137
600.4774495,887.6522819
954.2612307,866.1702734
704.0702007,475.6407521
574.3887598,678.6314514
512.9555318,387.3526746
788.867955,256.8690976
704.5851918,426.0762645
901.9189738,628.4804944
979.2190432,582.7884932
366.7355304,350.9952084
531.1914793,986.2564037
271.7978422,709.4330766
591.1856024,503.8826304
990.9481885,929.2035615
544.3672947,550.8108787
660.652,415.7023443
894.1686695,905.8572159
532.6130269,317.6675589
660.3682358,881.4896418
567.4824076,255.1143488
531.4023026,325.1297753
889.3761225,537.3932682
856.8829486,569.1381671
385.6223289,483.240262
629.4501016,647.1692254
648.0162235,908.5597932
753.1759996,511.8053681
492.5986933,942.618999
628.4107714,525.257934
577.6740998,271.7573633
635.6898431,567.7821773
581.4576225,280.5368741
470.4953013,383.5092306
489.4481197,571.7586733
962.5487275,464.2184413
461.6463732,430.2175085
404.8875546,921.0182299
829.7309146,543.7574086
497.7354217,420.2571402
589.7115626,393.232809
266.7497246,433.8411074
703.2087811,324.719859
465.8327417,426.8186229
696.2934106,415.6928793
839.1619923,947.9456971
702.6987486,199.8767848
177.0122529,654.6284958
766.5156139,267.8370299
508.3352477,787.1278903
651.419806,359.1251295
706.6908026,475.8108489
594.1315249,215.8412089
530.26783,294.2654895
332.0234169,511.5781476
797.359354,546.2091761
630.2130681,563.3191472
478.282503,519.8624951
666.178436,573.9078771
391.8397492,715.0543571
208.3937548,692.3452112
860.1354359,733.0515854
645.2086027,514.4607253
290.6798169,737.6957234
281.4377057,656.9584522
705.3036956,286.3510048
436.0503834,322.2716225
839.8020721,368.4434299
480.3077872,411.594029
679.4743965,568.0629906
384.7865563,663.5857715
539.4397267,468.6062745
281.3193433,583.4771753
305.7346751,662.339558
954.6262202,900.2227723
784.388804,464.2795976
858.4675909,727.209248
653.5052977,609.1602886
507.1944833,540.7078472
815.606567,750.6825445
230.8842179,736.3673971
248.0347846,741.3822337
868.2841816,722.1430752
596.7500894,381.1574401
413.7473137,569.2344459
244.8907874,479.1695766
776.3083703,670.5462222
926.3501702,613.7435628
479.5237879,403.273953
763.5248842,306.4499033
503.0677529,620.5002986
515.7984771,562.8051794
655.0378521,627.3152863
516.037449,451.5058101
739.433285,286.1512387
787.5147644,300.2940328
558.5218584,457.9021688
701.0350383,235.7062635
192.8391708,510.1566556
639.7561563,789.7619148
634.8126938,723.4069649
731.9407685,507.84799
356.7685036,505.4810306
945.243695,898.9798809
751.8539838,465.0153117
977.8625568,522.383672
943.6916657,493.5903633
898.3748125,536.5596246
404.6801769,276.2242588
455.3810147,398.2566926
673.0420034,369.7427556
502.9361626,421.5651367
485.3119815,265.8538696
262.2250772,414.5589912
497.3854578,303.1997192
989.7990798,922.6122632
656.4952634,607.2923996
431.5407316,562.9497231
623.7366017,630.3794734
571.2210482,395.496323
483.0182732,286.8115052
404.6651363,834.7582972
378.1535717,459.5492307
582.0969234,526.6505298
483.1144043,391.3543895
489.6669725,222.8827696
598.1718316,499.7180062
745.6101526,468.0658343
645.7612403,500.2874889
346.8970237,356.8240902
600.1845771,445.0293027
283.401674,785.7136693
526.9285146,545.2120591
770.1697185,423.7237845
500.5406605,206.6308043
753.6130313,656.3845609
550.7771719,476.4618176
421.9277884,581.9727347
566.6304409,560.3678078
586.2761611,356.9318606
822.554146,641.3202646
727.6338654,210.3265706
482.3390937,385.0607032
430.8288193,365.2322337
635.9283507,654.8713868
490.424501,418.8663412
460.5849165,978.6574579
657.272821,574.3258167
623.6940716,555.7465694
662.8915531,490.1538897
640.6534846,841.8938383
567.0110402,482.1879643
691.2516448,556.2213194
813.7880761,441.1656334
726.9764528,439.5439784
305.2704385,746.3663563
555.4919093,487.4949596
607.3260212,596.1914989
532.4631001,413.6222573
753.5582319,302.8390078
546.473265,310.4014939
451.2558274,271.028168
291.8242666,679.4412969
702.8148939,314.2184654
492.6861356,241.6735044
422.8082634,789.7287981
413.7095324,423.7879286
908.3506778,443.7939749
489.1417047,410.4277135
740.6232461,422.3809161
744.5248916,445.8372051
588.3807681,820.0304127
491.5504646,334.3646675
840.0383176,255.8164865
461.9352159,405.3103299
374.297842,794.5591838
549.1758711,413.614443
581.270289,459.4515938
610.7842383,550.7944561
621.420033,455.7119922
751.4886647,438.2454885
733.2207634,264.1601308
570.3831933,368.3400472
297.3374597,670.3574045
640.199405,882.1439744
530.1950238,543.1044341
733.6670981,518.5841887
441.0784118,360.536676
779.4483077,308.6613289
746.8418648,14.64600151
474.7093241,405.9184662
746.4505543,563.6321788
458.6704294,926.915539
500.7977142,676.6917711
803.7472245,544.3772663
568.0855601,539.5818987
418.5799191,355.2185652
786.8174133,554.329695
514.1362648,421.1120119
799.7805779,318.3085612
599.7795891,583.0028432
644.6037424,851.2502282
741.6437756,620.9614467
488.6316122,676.6905593
839.8678823,409.9597332
705.643967,541.3691374
494.7157643,575.762979
519.4798915,348.4596356
500.1063854,735.311631
693.5886622,547.0857148
778.2555602,638.5581399
332.6710471,558.2587202
621.9975385,462.9926411
726.3125087,563.9360589
129.2933961,671.8277463
388.4869512,388.3226923
564.5097296,505.2852552
486.971632,387.2614521
786.4522441,239.6549707
619.2001645,461.1723065
731.9475547,661.8401324
725.6255243,493.4415155
627.754812,447.2252669
660.2845087,896.0966345
622.585156,454.6399916
633.3112243,427.5433677
784.7861818,443.2447592
725.2620328,400.306379
704.5437702,258.4571135
430.6604813,650.2714393
685.1975739,552.2006329
455.6177396,756.2676369
678.7504398,631.7715677
279.4621873,598.8336303
706.1738489,553.4313223
716.8547355,462.3160775
701.3402848,228.111601
585.1634255,587.4847195
208.2829576,757.7263826
624.7148407,544.0786306
780.1111582,423.4966266
600.9050583,585.789748
797.8295978,414.2433269
441.0960741,517.6345842
644.6708409,493.5972165
625.9750612,915.7507866
807.9948191,173.0497334
701.476654,531.4247947
143.4976358,715.8317545
694.4565534,195.172577
190.6772327,536.8810974
428.4207485,252.7146278
935.1661107,858.4890059
479.2648916,326.5087901
571.643998,461.0572441
689.3235852,442.8563426
784.3574794,145.8809421
577.0673669,296.4343334
503.9655906,543.9238281
675.9800011,870.7056381
451.5643247,254.7194342
478.5456088,335.4650211
572.7524342,191.762555
514.2209656,560.4434853
716.9221036,202.0970276
462.5345333,697.7588487
531.4077106,537.2661501
473.9418035,434.1734867
197.9282606,661.0739341
736.3482069,441.6613817
774.2727793,919.0349441
385.5116216,426.9884481
254.7944309,686.9255145
689.5382435,613.7609047
726.8566972,309.1783054
597.8763226,444.8921346
719.5742548,519.3921746
522.9790208,757.8267566
673.7712333,441.1453037
457.5964039,445.0175812
465.8403968,376.1701834
673.0897618,411.8423523
727.8563885,321.4106288
755.4957144,266.5172701
693.4258671,548.0807424
775.2414756,437.5290594
300.9785611,313.5344008
710.1516563,525.9307995
609.3751098,873.5804851
593.4248559,220.7555044
813.8345612,385.0935483
480.5579348,239.5843913
406.2186936,985.1621303
881.3010968,426.7393725
240.1197826,388.6473618
690.8893069,442.8700699
459.4780234,560.5493335
496.7165102,547.4107603
460.4282485,331.2975762
966.8726337,911.3790835
746.6302027,438.3923305
780.7189847,332.7961038
477.8929751,402.7185945
645.2614096,577.6183108
634.2371208,384.8139469
663.7990982,432.8176432
467.3404431,344.0333369
454.7365305,789.3502225
653.8845937,410.7223377
825.0099902,725.7425417
548.3368027,486.4975501
398.6961707,605.2843965
336.0578512,775.29863
745.4367361,626.668977
381.3578361,325.5572843
792.7147412,545.9866358
751.9317186,656.3025526
626.1514588,594.5001629
446.7364382,541.9111238
605.537342,507.6333266
519.1554846,751.0599919
800.0106513,682.0754468
284.2295518,666.1029785
594.9639718,579.8502124
651.8702454,543.9975415
499.5028134,623.754557
788.812137,287.1008432
727.4042114,306.1749612
458.0454501,480.7335019
700.6028454,498.5694506
712.3933066,163.5503668
604.4693087,934.5048318
706.9339991,356.0114658
822.8206075,375.9713784
868.5240374,729.5886183
660.1877485,565.4974978
626.6811909,646.4009586
602.6590573,503.2359241
734.3999234,178.0457028
519.0318041,402.8527121
427.6471008,219.5152456
605.8619285,685.1710582
803.4875792,152.6522827
379.5191364,748.707491
438.9905682,767.7209959
510.4193162,416.5085124
314.5570723,647.6789517
352.5781653,595.0340424
573.6696118,180.5213729
588.6424807,514.3977931
851.3315698,723.6481007
493.0750942,585.1234432
676.157717,373.8117069
544.6244233,682.5747471
756.7082213,356.2888943
436.8841336,763.73936
854.5475941,724.0967334
633.6219688,469.5518673
621.4250066,897.6813492
625.6236891,564.1935964
319.577191,971.0506352
576.2326579,358.2515369
372.7935561,427.2168178
594.9812745,471.9558924
790.4074305,301.0568045
536.9463109,726.1340924
448.8675011,602.0626489
471.2978467,636.9178684
603.9602799,493.0536213
346.2854221,789.407597
338.7381811,515.8857901
865.3427233,266.528114
460.366573,450.6094432
649.5244643,359.9074578
221.0379954,375.0177415
506.0049567,223.0679517
414.773401,652.5125551
755.0090068,148.8975957
765.9641747,763.8853245
537.3374268,469.9473878
446.965463,374.9694767
659.0546541,298.2687296
580.276545,603.3367139
523.2981994,574.4783627
680.9698438,472.43643
789.2551609,336.9682916
468.1206823,632.1239425
793.5044632,836.115457
676.8836961,751.7245624
646.9623171,519.8108455
801.6102293,484.0269572
541.1703708,472.2418874
383.2326244,946.5809529
645.2612898,624.0004358
273.8242051,680.8696629
886.344091,603.5732531
830.9926032,460.7765144
706.2644222,226.4031529
506.9684546,416.6132533
665.4103312,874.1438041
842.7531929,248.1548801
692.242887,486.7773813
552.0121949,335.7750858
467.7497305,443.761276
792.984124,165.915613
485.8707911,765.5983274
789.5636882,875.1605823
655.9201697,521.0979482
543.5889431,472.7290692
443.8005528,504.1252706
836.7471352,404.4002358
491.7497377,560.1239139
793.9410604,583.546313
706.4941061,620.0954385
586.3827936,324.9763518
818.6924241,412.3465
383.8102198,906.646669
587.9078127,691.6302865
452.8529186,754.4780371
355.643379,297.4134609
204.9248415,529.030715
709.0277151,471.7351071
547.6870753,536.2506255
410.74412,457.3977077
496.6003199,536.735718
776.1644059,573.2959381
509.5845323,979.6876291
642.2209291,970.8426996
663.5881701,494.8626732
189.4550482,382.0539742
501.8701817,410.6197489
807.0206698,752.2493741
434.7968742,432.1687431
547.8515782,408.1514961
545.9478473,383.5363717
730.7106592,567.6988944
908.3361765,852.4901527
575.14494,180.734135
587.9434218,503.0562788
773.8322272,426.9903912
462.1002431,808.9924024
527.9882785,471.0493084
434.5665012,648.8099147
754.5690539,301.5589881
386.7776546,300.4015108
784.8312137,527.9665287
618.8055582,559.9399854
773.2400406,284.036468
782.7684777,628.9670285
447.8155721,215.3433921
751.5242888,902.1547427
572.2308515,355.4191461
166.3067232,549.4054332
540.0928248,805.058697
840.6996551,353.6105121
815.7215138,655.2639404
837.0547187,551.5598395
552.2152431,251.2991324
676.0701399,356.4454728
464.4530202,436.5221223
635.0542125,591.6112125
622.8683959,555.1135277
862.9649135,727.6399955
430.0252252,547.9349661
680.4261497,328.5027526
289.5831856,638.5710732
460.2614385,500.8840709
888.6874153,535.0881337
579.6514458,523.3037952
679.9842044,538.7030617
161.4780577,531.8444476
770.9772525,464.3503233
695.7357095,546.5787883
720.7785823,469.8488942
625.367834,469.6238884
699.4796832,194.4142975
872.0277059,450.2112483
608.0287953,554.4692241
742.7933786,436.0262277
512.5879806,631.1234824
459.8232234,916.8737473
569.1238417,393.3406004
177.0761905,706.5656887
640.4875885,655.1812425
444.5045403,332.2527802
890.419063,573.1670648
338.5075684,588.6404418
464.6595889,518.3406709
637.7945849,625.6244727
793.1334066,584.1167777
506.2518384,378.3862266
945.8232529,893.38407
558.5560593,303.4033297
568.8617695,727.5303028
695.6741389,535.3215389
782.8106633,252.0828815
782.8430816,622.989675
598.0072089,840.9959462
472.8302813,402.7872726
508.5166789,787.8183065
423.013439,447.7323814
447.6606269,537.6912772
832.9099666,569.8862503
642.1862488,627.3364309
539.0870514,975.569034
292.2572984,583.2751736
217.5108822,783.5882428
643.357454,388.5589809
587.862646,534.7677266
961.4685449,920.5579384
519.5047894,472.9847472
501.792357,512.10181
972.3308626,566.9761136
752.7148641,426.9095111
634.7214165,449.2745562
670.1384912,558.5151922
676.8904524,373.2817136
738.4422975,405.3532877
564.0409689,635.797812
870.7912747,602.6599204
302.3837796,660.4933777
789.4764107,590.1608452
403.429619,930.1459993
809.1859187,292.8793081
494.5365353,561.1149508
229.1034635,716.9086651
599.6743348,561.1673735
773.7846336,266.3520833
753.918098,313.447169
723.2582309,345.4412479
961.2833686,914.5865397
502.3763492,372.1214991
698.9913727,622.7043487
716.6499345,462.4981256
773.065995,427.5792634
731.5988642,503.9803718
512.7131293,186.0449329
657.6920257,483.8603496
679.6634379,202.4003854
735.7680947,880.1213038
501.8033528,663.0635089
639.8310148,473.0608844
898.4055678,855.2140208
607.3511888,291.7177774
767.7891372,261.3413001
514.8786029,734.6108932
255.8856692,423.0160264
344.6731255,959.7723039
861.8530618,593.1951123
769.4590646,638.028251
723.7030525,383.799864
339.6227758,517.860384
519.1565932,468.2069095
649.4910573,479.2194502
746.8553175,482.741714
840.9538025,736.243016
597.6517471,578.3470882
419.3166694,689.122607
556.5746086,464.0540276
591.4479592,508.8009583
577.5230345,355.1989041
774.1870448,441.9612084
924.2467017,436.9660538
707.3960484,466.4247689
514.9829134,567.1342591
489.2310495,412.8233393
180.2379697,703.006986
510.6851785,497.395488
723.054928,323.5155585
675.6684028,16.68110397
712.4169461,355.7482869
838.5352302,530.4252957
867.056574,713.1881187
605.5427949,562.017753
482.3733396,594.7758154
595.9143168,571.9040945
558.2807293,411.9582923
662.6448361,566.9053879
899.143157,550.3850203
523.9710121,585.4189031
768.3638114,765.0052346
490.100229,567.9340547
529.1566224,573.6994401
481.4152946,394.4624746
443.7672657,544.1324113
683.2764804,330.463661
756.4646653,492.2451757
748.5955792,319.8290273
817.116935,588.3554079
549.8878134,614.0287012
611.3568002,564.3128376
239.5943499,377.6832949
609.3399801,593.6647015
701.4785565,512.9243172
543.0771279,367.7567955
707.9501542,324.9333105
652.9208111,478.1596098
839.5434156,721.1889577
510.6815232,537.0506718
299.5326699,692.988888
744.1411013,622.4354031
464.3036178,749.3388403
300.1244221,679.7484155
420.7162103,435.0690179
749.531258,432.3163372
558.4378617,735.4762745
781.7269453,260.1343671
482.6590063,749.7701102
339.4337195,298.1055487
218.1123418,647.3275172
494.4334981,579.1670672
564.3988575,417.8452381
913.5905183,849.8571101
766.4461784,478.4015188
490.0282618,574.8763069
500.4861159,670.2939917
497.9016774,789.8478094
747.7362719,536.1901587
707.9474427,211.6741193
382.6795074,405.7245713
669.0152542,531.6543554
452.5852137,633.2665643
673.5959593,568.9265542
614.5892733,521.5643825
553.8442432,306.860154
450.765839,420.2238145
702.5897491,285.6300208
655.5492479,472.3018945
652.1868323,258.1723095
525.6566392,383.6476732
708.0246981,577.2665838
440.8591395,434.6775717
820.5133268,612.4886784
643.083592,609.4643359
580.5865554,416.4317067
760.1433682,297.2391435
696.3093201,478.4056349
745.0938731,525.7754119
225.8540172,657.5055994
672.2390085,391.369245
419.9775424,381.3872515
663.5865522,844.2073513
723.9041533,326.9415853
513.5157047,532.1232968
955.2520984,865.3332033
378.0506843,335.2786062
779.5583109,306.8649596
670.068831,381.5464836
758.7745078,354.1313539
419.8838832,551.5076885
855.7008225,613.6615336
186.0455034,519.0984071
454.6594399,508.0794311
500.8212938,500.6687807
328.4459236,647.7236854
761.5598373,258.5411904
523.5159287,748.5345108
947.8814347,887.7557483
547.4028017,652.0421092
412.4040103,300.3623975
921.9794344,588.6290964
298.8062863,518.2225997
502.8594465,677.0840949
765.0087813,127.9166008
204.2184871,741.5308516
776.6269197,638.7855485
390.2134456,373.2877519
777.8149632,304.6395769
534.9960649,557.0018091
829.919117,183.5900522
852.3497772,570.5996498
983.5233397,565.067001
484.19989,334.9945961
674.2386608,390.1662609
585.6999588,737.6594934
517.5016466,926.0012451
553.1378888,660.4367763
594.3636057,572.2392318
550.7019089,466.9727727
499.9397552,557.6829276
333.8815766,344.8970676
907.0637618,847.8133576
504.2707472,212.4732044
461.0680587,356.9701173
667.1166466,583.139468
759.0091952,322.8957426
782.6584745,449.8415108
478.6943521,869.311914
702.4830117,206.2116947
800.234268,576.9402219
423.5037269,337.5256349
542.9539866,576.0038224
320.4242741,488.4179871
578.6865546,897.7985428
925.3237233,860.8442439
747.5347666,304.6700401
268.4161764,713.6590034
537.4565532,464.1527929
430.6910869,390.067245
458.6817398,761.4646052
768.9981837,467.0492232
602.2174416,588.6108143
651.8771065,540.8901878
602.4373131,685.5062582
562.4658543,469.5975622
484.0767038,418.3364315
553.8317194,735.2431828
656.6482761,590.4928693
743.45554,625.1052188
729.946629,466.4756872
516.2703388,437.2285641
792.7964309,614.4435694
606.2904661,590.2173631
737.3733205,581.0463852
744.8565191,351.4801546
686.8804746,386.9837938
547.9825394,451.8790578
870.3197126,796.7093696
474.7752541,532.2384428
412.4863142,434.0261851
893.1803635,853.6614826
576.9551465,365.8170107
475.7250897,364.7971403
445.5971119,343.9210325
307.2329986,698.6129265
725.7401116,544.8875149
623.7750721,457.2286138
341.0128788,545.5112381
544.2306858,325.6555272
583.0708929,626.252479
752.8715171,284.6464639
169.3975538,710.0838155
594.8184644,822.6706636
539.7953533,392.1838752
812.2295752,370.8653193
605.2392862,693.2370651
553.1125415,650.1432555
562.5278294,508.8006449
536.0461363,543.3976792
833.4104564,559.1357812
700.9272073,267.390027
609.7692667,638.5880181
546.8710322,477.5738299
355.8242409,392.1300109
569.5431062,491.3801913
614.0011315,594.2014227
611.4265054,530.9060422
224.5929878,555.9528126
511.4825856,384.4268257
451.952744,579.3747729
787.7234754,301.3637142
524.825915,371.4527707
554.7286282,737.3131361
638.5422861,464.9620115
526.5131301,550.3948613
459.5961012,535.3415552
186.1871907,472.7033907
557.207288,275.5223927
745.4379196,317.5844432
500.9246006,311.7652352
625.5972632,567.8445454
468.7591593,483.9749733
608.4666658,589.7284262
448.9578347,374.1903034
706.5821177,566.5860464
523.4789414,589.5306032
622.3240127,456.8549065
603.3379371,568.2850295
150.5580943,522.727731
301.5541641,673.3912746
482.2719353,603.5107805
396.9273858,741.1152312
688.0451931,768.558296
590.1792747,272.5002022
263.751115,710.3136478
644.5160904,625.2553411
505.1262793,674.539496
762.3368107,361.9205382
384.9331123,559.4614118
799.8763794,273.4198031
584.3518916,592.6600418
716.592903,391.0306184
599.1526024,494.4088171
655.5587906,207.3826903
644.8953565,556.4972853
659.4149097,563.8753414
335.2345126,337.3754708
871.9608471,729.216687
431.6108712,517.5136924
525.0049492,591.2748216
820.5325021,405.9882935
580.1179744,631.8214205
674.1838315,388.0955344
595.4760417,539.7402531
434.421548,270.7716334
469.7400498,427.7359045
598.9823169,627.6486685
375.054187,349.071491
453.1771756,735.4588908
753.8866086,343.0098518
874.3797939,827.3716329
398.161435,654.4804211
508.9084089,494.3250954
430.7989478,551.3744902
639.9504109,504.6619918
433.9405181,991.7150883
823.0192515,605.8014774
404.4151535,444.5203913
445.5079768,625.3534168
551.1316899,401.2207982
625.0886389,746.4086246
528.5067901,815.5567894
938.5926437,527.9855421
646.7670588,543.3851011
768.4167382,563.4276907
368.6212096,545.5721854
457.1607954,818.9385629
744.5562162,513.3173096
968.8977681,550.0397077
735.0282285,646.2480993
703.9732457,514.9652699
278.6337252,645.7819366
820.6383406,548.5021086
690.072305,92.46170696
379.4753928,343.2927963
417.2324661,496.5695333
969.2909363,910.2880695
747.7573347,624.235011
643.5051486,538.3533196
428.740781,839.6859438
223.9707349,546.2219214
768.2498234,450.0543355
622.8495952,438.0894742
494.1827064,693.5029393
213.4606732,729.9346413
637.5854096,312.7750557
594.8605751,766.7290815
532.4667404,459.6992903
622.0211181,623.9276625
458.5147501,558.2840644
533.0781772,481.3072469
523.7089249,634.7061503
622.4750929,573.1899645
615.0054219,691.4302279
333.4259839,673.929521
751.8710618,59.54374399
511.5155281,241.5362318
468.6306999,385.3321352
753.731978,867.0640495
922.2385104,493.9412964
750.846922,428.9984152
527.196654,350.4668448
773.0981585,956.9298214
489.6263299,427.1926854
439.4789686,369.1542177
449.7978319,322.334304
326.7492257,377.5663729
775.3087089,562.7563923
569.7047778,474.0017552
715.2242373,493.300294
630.8877983,306.7465959
576.655353,380.8899571
499.0999677,445.0472087
535.0964955,611.2269199
440.9225078,635.0070635
497.2695672,309.1658527
551.5229406,666.5441521
551.6169444,449.0428226
674.3966322,524.1309199
560.8565239,433.1484764
825.1040989,500.9763799
352.2204414,261.7316181
440.8509451,559.7339929
533.504273,352.3852133
484.8976456,326.0738011
918.207267,860.0773352
467.8433299,678.3170408
465.3907814,432.3456721
879.5695988,875.0227247
811.262302,627.1923678
705.5386827,321.7262304
759.7888652,322.7946581
452.2869332,365.5538527
707.7464318,225.1153398
500.4522595,808.0840006
455.4114705,390.0056499
993.2134184,933.3191478
464.9028603,933.4903938
734.0594723,433.6905464
291.4443713,666.1412352
784.1445439,447.8349284
776.5950857,423.366834
475.5838967,628.7639194
612.0355902,400.7807738
548.2256161,465.8395949
472.1274323,511.9311909
667.5863062,580.613193
696.5741637,877.6565821
377.0748422,730.6718807
749.0629167,421.5247489
704.2256254,2.44265783
612.930192,551.0286971
568.2636505,318.9960732
560.4411693,363.6200436
690.7972206,538.7804107
663.929595,523.7819509
720.8374415,540.6123414
636.8227427,572.8337244
915.0001412,454.1630269
480.9847496,288.2003401
874.2313502,454.6985571
574.4799173,547.4041788
650.7320726,802.1305706
222.6570633,786.4326266
930.6967721,452.0885813
405.1808615,356.2891241
778.8395374,420.3497626
601.969631,552.3379055
448.1870483,601.684324
741.5135784,449.0084313
561.4415348,736.6178725
230.2576506,641.5133864
444.7891434,482.7743084
583.5294218,589.8564637
566.0476771,512.350405
433.7700678,496.7732901
520.1399106,369.6468528
454.821486,919.7814186
786.2795916,339.2950512
835.5129661,381.9372821
896.4653739,856.7105426
725.9415569,303.3405228
934.6246188,892.8596344
805.2248148,628.7790674
387.3576619,487.8301387
618.106799,688.5143453
722.2322485,302.6250966
832.0201586,216.5104597
824.2940032,193.1362836
585.8941535,558.511097
651.0910099,404.0475476
709.3595374,469.1047599
452.7643078,692.2489742
835.6960601,69.93755519
572.2520492,375.8276497
493.5829096,422.8388047
560.2170882,561.4163028
401.9948884,373.8669084
682.3893989,389.9318737
214.9115229,804.9260837
834.2898228,359.5226767
797.5770683,584.2650613
607.601576,541.9343787
395.4053778,594.2250536
464.8781122,631.4610434
552.101285,399.5378615
902.6320546,423.6107488
490.3355757,697.1786057
351.0902084,322.8477494
819.484498,487.395881
720.8844359,530.7884726
436.5056914,640.9793188
541.5362292,441.2729651
587.5746422,330.237903
364.0714846,350.6362103
338.4963029,543.4269097
894.5320861,426.5989032
783.1233403,671.8064972
631.190588,455.3459738
747.8249126,391.4758036
573.0510442,713.2773146
735.5609268,443.3133119
741.2220392,578.569545
822.2389373,581.1613222
886.7238664,493.2924171
475.2755941,462.1267165
605.1498215,324.4877283
383.4917903,875.0125494
402.0876339,227.3154827
647.843601,623.3887266
745.9701236,777.1800164
718.3657177,472.4452054
815.0780333,378.9361944
663.4611039,541.6973798
395.4869327,825.8431017
314.0082698,718.7965286
493.2239274,612.3142775
348.9380527,874.0578886
714.0840421,214.7337724
434.4562134,633.1824038
898.544319,873.7133073
969.0895509,547.5495791
543.386539,552.6765947
243.3384884,631.7357139
587.6375311,415.9154406
552.1195615,860.5462558
711.8294634,535.7984409
441.2187509,548.6895682
855.4887708,408.2342984
926.416969,873.2597228
540.6483987,512.1633006
410.3377239,604.3216289
756.490522,555.7193238
359.2528711,714.3088229
503.0120847,393.6454625
697.0214571,544.3080241
254.5843267,720.9326111
465.0394692,255.5114154
227.6780359,660.4257443
559.7139168,192.6300675
613.0979607,593.4887753
210.1690563,651.8424267
828.9015238,417.4265045
546.5350154,408.0359322
770.1645651,292.5352491
430.2361084,798.6886855
161.5603766,712.3734676
426.3594807,428.7687083
640.3662748,895.428512
507.7496227,729.1464419
524.4457351,413.1241689
641.9089113,708.8080581
751.4771146,306.3313307
504.841856,505.5727963
550.5825578,560.9140774
562.9710181,509.9283276
276.1589304,420.5573012
481.4800411,241.8236475
464.6329233,389.0076135
656.6713763,650.5978429
463.1110351,340.0127131
408.2544943,408.2219502
521.4053893,581.7833529
521.0943753,220.6092056
546.1529329,459.7061435
251.7359135,729.0672333
767.6983992,453.8346801
656.8793383,405.3758321
824.0929174,662.5152961
554.5902666,331.4428929
278.4561741,800.3866657
605.0688808,386.5397368
494.8590995,933.5436522
408.695421,610.6909301
512.8916092,672.512166
704.7080635,404.4079247
594.8231234,476.7815561
592.3332131,535.2159205
449.2235172,380.292811
505.4905198,629.2748575
558.0767073,550.354578
602.4393056,547.328752
775.2007431,595.5938095
764.6145944,304.712183
450.8197995,503.0204876
531.6557609,175.7221608
571.4455039,393.4498961
596.4489026,340.2171803
580.7392386,487.8365322
707.4746971,538.6611904
423.7674769,365.2128025
439.0080357,354.0982789
517.8361653,562.1499484
818.911262,493.8955179
569.3667985,628.6242649
522.5257052,467.2248569
571.1599869,636.3562209
485.469069,280.1262264
685.8444401,626.0654791
777.5941928,301.2944093
850.6359265,627.4811835
761.1757024,359.354147
916.668945,666.7207678
865.0673034,520.9306512
645.8433045,208.1194491
502.7332791,345.1569035
644.2668867,471.3657875
